10005
10049
10053
10071
10075
10076
10085
10086
10095
10117
10119
10120.2
10148
10149
1015
10154
10192
10202
10210
10217
10218
10236
10237
10246
10251
10266
10317
10367
10377
10397
10406
10420
10455
10492
10563
10566
10572
10583
10601
10626
10634
10663
10679
1068
10680
10692
10701
10706
10724
1075
10750
10768
10784
10789
108
10829
10867
10876
10886
10887
10917
10978
10982
11
11002
11029
11069
11072
11074
11080
11100
11104
11113
11116
11128
11129
11175
11176
11194
11197
11271
11276
11287
11310
11354
11422
11435
11440
11453
1150
11500
11501
11519
11544
11562
11567
11568
11569
11570
11576
11606
1162
11677.2
11684
11738
11747
11748
11757
11778
11783
11787
11803
11836
11851
11867
1190
11907
11918
11922
11928
11945
11954
11962
11985
11990
12037
12041
12107
12134
12190
12207
12210
12215
12222
12238
12262
12264
12269
12277
12287
12321
12333
12354
12370
12393
12401
12442
12448
12466
12475
12563
12570
1258
12609
12639
12644
12647
12662
12664
12675
12683
12695
1271
12718
12731
12753
12754
12763
12771
12778
12788
12793
12799
12805
12830
12834
12846
12859
12887
12891
12917
12918.2
12927
12929
12942
12945
12951
1298
12980
13012
13013
13058
13069
13076
13085
13095
13123
13126
13157
13181
13189
13199
132
13200
13229
13304
13308
1332
13329
1336
13363
13364
13366
13389
13391
13443
13461
13463
1347
13475
13488
13493
13500
13526
13540
13543
13546
13586
13596
13622
1363
13636
1364
13641
13658
13687
13699
13725
13742
13770
13777
13778
13781
13793
13826
13842
13875
1389
13895
13897
13936
1395
13978
140
14007
14017
14018
14027
14042
14063
14102
14142
14187
14210
1423
14237
14248
14258
14281
14287
14299
14303
1435
14376
14414
14433
14479
14498
14501
14515
14516
14517
14520
14624
14638.2
14665
14675
14679
14722
14738
14748
14773
14790
14792
1481
14812
14823
1483
14874
14898
14906
14931
14933
14951
14953
14966
14976
14987
15002
15022
15034
15041
15043
15045
15054
15057
15060
15062
15065
15067
15078
15084.1
15091
15117
15125
15194.1.1
15243
15244
15267
15270
15277
15289
1529
153
15339
15359
1536
15384
1543
15435
15450
15466
15478
15481
155
15500
15514
15539
15547
15567
15569
15580
15597
15604
15606
15608
15643.1.2
15648
15707
15708
15714
15719
15760
15786
15789
15793
15807
15808
15846
15890
15939
15967
1597
15987
15997
16035
16038
16053
16054
16079
161
16100
16127
16154
16166
16176
16201
1621
16212
16215
1622
16229
16257
16270
16273
16281
16305
16325
16341
16360
1639
164
16400
16407.2
16439
1645
16478
16485
16508
16524
16542
16554
16607
16628
16643
16663
16667
16677
16742
1676
1677
16781
16795
16817
16819
16825
16832
16840
16842
16859
16866
16889
16926
16945
16981
16989
16999
1703
17040
17059.2
17067
17068
17075
17094
17097
17098.2
17115
1716
17169
17200
17261
17291
17292
17317
17352
17367
17372
17374
17375
17427
17440
17470
17473
17480
17558
17571
17600
17603
17633
17638
17651
1766
17663
177
17788
1780
17813
1782
17841
17850
17861
17865
17866
17885
17896
17911
17923
17924
17928
17955
17966
17967
18000
18003
18026
18045
18062
18067
18068
18074
1811
18123
18147
18154
18167
18168
18174
18176.2
18210
18220
18222
18229
18230
18235
183
18301
18348
18404
18447
18459
18480
18510
18516
18519
18533
18543
18582
18603
18622
18632
18639
18654
18656
18681
18695
18715
18736
18786
1879
18790
18821
18929
18945
18951
18958
18961
1897
18980
190
19033
191
19113
19118
19125
19156
19199
19205
19232
19245
19276
19286
19314
19346
19360
19364.1
19364.2
19379
19406
19413
19422
19435
19454
19458
19473
19480
1952
19521
19542
19550
19555
19557
19561
19562.2
19577
19607
19621
19635
19690
19697
19698
19729
19737
19798
19800
19802
19810
19839
19875
19879
19887
19892
19893
1991
19937
19947
19975
1998
19982
19985
20010
20035
20044
20107
20116
20133
2015
20157
20169
20183
20224
20260
20261
20295
20310
20318
20334
20336
20340
20356
20378
20387
20391.2.1
20429
20492
20496
20528
20582
20583
20595.2
20599
20610
20630
20635
20640
20678
20689
20696
20713
2073.2
2075
20764
20766
20779
20784
20792
20795
20815
20824
20825
20827
20828
20833
20849
20860
20862
2090
20920
20929
20965
20978
21015
21021
21025
21039
21046
21058
21079.1
21096
21105
21120
21130
21145
21175
21176
21177
21200
21211
21247
21261
21304
2132
21341
21382
21399
21409
21417
2144
21465
21509
21513
21555
21622
21629
21638
2164
21643
21649
21696
21719
21728
21761.1
21761.2
21764
21783
21789
2183
21835
21840
21849.2
21966
21972
21974
21990
22020
2210
22110
2212
22134
2215
22161
22199
2220
22227
22232
22236
2227
22271
2229
22300
22308
22312
22316
22320
22331
22381
22404
2241
22460
22488
225
22525
22527
22549
22565
22584
22586
22593
22596
22599
22637
22663
22668
22680
22686
22691
22693.1
22729
2273
22751
22769
22787
22792
22794
22822
22859
22867
22878
22883
22910
22933
22934
22957
22958
22962
23000
23011
23016
23019
23025
23050
23061
23074
23087.2
23092
23122
23123
23130
23136
23140
2315
23153
23166
23172
23193
23205
23213
23268
23276
23283
23313
23318
23319
23330
23373
23379
23387
23390
23398
2340
23414
23421
23449
23451
23488
23490
23496
235
23519
23538
23541
2358
23595
23621
23658
23686
23710
23712
23726
23733
23748
23759
23774
23778
23796
23821
23832
23834
23861.2
2397
24024
24034
24046
24073
24079
24118
24131
24179
24181
24197
24230
2424
24255
24265
24284
24285
24290
2433
24357
24376
24437
24465
24488
24509
2451
24510
24533
24543
24545
24584
24593
24611
24617
24628
2463
24645
24656
24670
24684
24704
24709
24719
2472
24749.2.2.1.2
24755
24778
24779
24782
24819.1.2.2.1
24851
24877
24879
24884
24897
24920
24921
24922.1
24931
24933
24989
24999
25012
25033
25046
25084
25150
25185
2521
25227
25236
25259
25262
25286
2530
25330
25335
25340
2535
25396
25403
25417
25419
25436
2545
25451
2546
25479
25501
25511
25520
25525
25526
25547
25562
25583
25584
2559
25595
25603
25614
25662
25675
25690
25707
25735
25757
25767
25852
25854
25868
25891
25904
25916
2592
25925
25934
2598
25984
25994
25999
26010
26039
26043
261
26118
2613
2616
26197
26215
2624
26255
26277.2
2628
26286
26338
26339
26365
26367
26378
26382
2639
26417
26445
26449
26476
26488
26498
2653
26532
26568
26569
2657
26597
26610
26611
26616
26625
26626
26648.1.1.1.2
26651
26677
26685
26708
26713
26732
26739
26756
26769
26791
26801
2681
26815
26816
26819
26854
26864
26866
26899
269
26929
26969
26991
26992
27
27004
2701
27012
27019
27020
27040
27048
27049
27075
27081
27082
27098.2
271
27138
27142
27143
27149
27153
27203
27222
27223
27257
27267
27269
27278
27294
27297
27298
27358
27359
2736
27372
27382
27383
27396
27398
27420
27426
27430
27447
27456
27457
27458
27474
27495
2754
2763
2764
2778
2781
2803
2812
282
2840
2888
2890
2894
2895
2915
294
2967
2971
2990
2996
3010
3011
3015
3019
3032
3043
305
3064
3083
3091
3097
3112
3133
3136
316
3162
3165
3178.1
3189
3201
3220
323
3252
3262
3272
3288
3297
3347
3353
3364
3399
3412
3426
3459
3477
3482
3486
3487
3492
3493
350
3512
3513
3521
355
3553
3559
356.1
3566
3572
3599
3600.1
3605
3616
3617.1
3624
3638
3647
3649
366
3674
3696
37
3720
3723
3740
3757
3758
376
3777
3810
3818
3819
3824
383
3831
3837
3864
3866
3881.1
389
3920
3929
3936
3940
3964
3966
3968
3974
398
3992
3997
4029
4084
4091
4122
4146
4153
4157
4175
4198
420
4206
4224
4274
428.1.2.2.2
4307
4318
4345
4348
4367
4390
4411
4437
444
4469
4480
4491
4502
4516
4530
4532
457
4572
4586
4603
4630
4658
4687
4688
470
471
4728
4781
4804
4806
4820
4848
489
491
4933
4950
4954
4957
4960
4973
4975
5000
5022
506
5073.2
5088
5121
5138
5148
5154
5223
5228
5252
5296
5346
5355
536
5380
5384
5387
5390
5406
5411
5413
5422
5424
5443
5444
5445
5474
548.2
5481
5505
5519
5535
5556
5570
5577
5593
5601
5610
5624
5625
563
5639
565
5652
567
5682
5686
5702
5714.1.2
5735
574
5746
5747
5751
5787
5807
5808
5815
582
5822
5842
5853
5892
5918
593
5941
5953
5960
6012
6028
6034
6042
6102
6104
6114
6187
6192
6200
621
6223
6232
6233
6253
6292
6303
6304
6329.2
6336
6355
6358
6367
637
6385
6422
6423
6444
6447
6480
6487
6527
6538
657
6582
6592
6601
6638
6656
6660
6666
668
6682
6686
6689
6701
6705
6721
6728
6751
6763
6791
6803
6827
6836
684
6869
687
6878
6891
6922
693
6936
6951
6955
6993
7006
7016
7042
7052
7063
7071
7082
7086
7088
7089
7112
7115
712
7169
7171
7180
7181
7193
72
7228
7349
7374
7410
7422.2
7435
7439
7455
7458
7509
7550
7557
7569
7573
7576
7577
7591
7593
7647
7658
7695
7705
7717
7719
7734
774
7742
7766
7774.2
7775
7800
7812
7815
7840
7843
785
7862
7888
7910
792.2.2
7932
7934
7938
7957
7977
8015
8035
8085
810
811
8132
8155
816
8179.2
8188
8190
8197
8231
8234
8249
8260
8268
829
8312
834
8349
8352
8381
8394
840
8408
8411
8427
8435
8457
8465
8489
8496
8511
8526
8542
8587
8598
8601
8603
8612
8661
8690
8694
8706
871
8774
8784
879
8798
8813
8836
8875
8882
8884
8895
8915
8943
8959
8962
8985
9001
9014
902
9029
9109
9141
9144
9149
916
9174
9198
9239.2
9248
9259.1
9262
9271
9292
9313
933
9339
9358
9364
9385
9392
9394
9428
9432
9433.2
9444
9449
945
9467
9472.2
9477
9482
9517
9521
9546
9555
9558
9561
9578
9581
9594
9636
9663
9672.1
9675
97
9706
9728
9734
9757
9770
9779
9808
9866
9869
9870
9878
9883
9913
9930.1.1.2
9950
9992
9994
9998
