OGS	desc	musDom	gloMor	droWil	droPse	droYak	droMel	droAna	droVir	droMoj	culQui	aedAeg	anoDar	anoSte	anoGam
sim.0.00114	none	1	2	1	1	0	0	0	2	2	1	1	1	1	1
sim.1.00114	none	1	1	1	1	1	1	1	1	1	2	2	2	2	2
sim.10.00114	none	1	1	1	3	1	1	1	1	1	1	1	1	1	1
sim.100.00114	none	2	0	3	4	3	3	2	3	3	2	1	2	2	2
sim.101.00114	none	1	1	2	1	1	1	1	1	1	1	1	1	1	1
sim.102.00114	none	0	0	0	0	0	0	0	0	0	1	1	1	1	1
sim.103.00114	none	1	1	0	1	1	1	1	1	1	1	1	1	1	1
sim.104.00114	none	1	1	1	1	1	1	1	1	1	0	1	1	1	1
sim.105.00114	none	2	2	2	2	2	2	2	3	2	1	1	1	1	1
sim.106.00114	none	3	2	2	3	3	3	3	3	3	1	1	1	1	1
sim.107.00114	none	1	0	1	1	1	1	1	0	1	1	1	1	2	1
sim.108.00114	none	1	1	1	1	1	1	1	1	2	2	2	2	2	2
sim.109.00114	none	1	1	1	1	1	1	1	1	0	1	1	1	0	1
sim.11.00114	none	1	1	1	0	0	0	0	1	1	3	1	1	1	1
sim.110.00114	none	1	0	0	0	0	0	0	0	0	1	1	1	1	1
sim.111.00114	none	1	1	1	1	1	1	1	1	1	2	2	2	2	2
sim.112.00114	none	1	1	1	1	1	1	2	2	1	1	1	1	1	1
sim.113.00114	none	1	1	1	1	0	0	1	1	1	1	1	0	1	1
sim.114.00114	none	1	1	1	1	1	1	1	1	1	0	0	2	2	2
sim.115.00114	none	2	1	1	1	1	2	1	1	1	1	1	0	0	0
sim.116.00114	none	1	1	1	2	1	1	1	1	1	1	1	1	1	1
sim.117.00114	none	1	1	1	1	1	0	0	1	1	1	2	2	1	2
sim.118.00114	none	2	2	2	2	2	2	3	2	2	1	2	0	1	1
sim.119.00114	none	1	1	1	1	1	1	1	1	1	2	1	0	1	0
sim.12.00114	none	1	1	1	1	1	1	1	1	1	0	1	1	1	1
sim.120.00114	none	1	0	1	1	1	1	1	1	1	0	0	0	0	0
sim.121.00114	none	6	5	3	3	2	2	3	4	3	1	1	0	0	0
sim.122.00114	none	1	0	1	1	1	1	1	1	1	1	1	1	1	1
sim.123.00114	none	0	1	1	1	1	1	1	1	0	2	1	2	2	3
sim.124.00114	none	1	1	2	2	2	2	2	1	1	1	1	1	1	1
sim.125.00114	none	1	1	1	1	1	1	1	1	1	0	1	1	1	1
sim.126.00114	none	1	1	2	2	2	2	2	2	2	1	0	1	1	1
sim.127.00114	none	1	1	2	1	1	1	1	1	1	1	1	1	1	0
sim.128.00114	none	2	3	2	1	1	1	1	2	2	1	1	1	1	1
sim.129.00114	none	1	1	1	1	1	1	1	1	1	1	1	1	1	1
sim.13.00114	none	0	1	1	1	0	1	1	0	1	1	1	1	0	2
sim.130.00114	none	1	1	1	0	1	1	1	0	1	0	0	0	0	0
sim.131.00114	none	1	1	1	1	1	1	1	1	1	1	2	2	1	2
sim.132.00114	none	0	0	0	0	0	0	0	0	0	1	1	2	1	1
sim.133.00114	none	1	1	1	1	1	1	1	1	1	1	1	1	1	1
sim.134.00114	none	2	1	1	1	1	1	0	1	1	1	1	1	1	1
sim.135.00114	none	1	1	1	2	1	1	0	0	0	1	0	1	1	1
sim.136.00114	none	0	0	0	0	0	0	0	0	0	1	1	1	1	1
sim.137.00114	none	0	0	0	0	0	0	0	0	0	2	0	3	2	2
sim.138.00114	none	1	1	1	1	1	1	1	1	1	1	1	1	1	1
sim.139.00114	none	1	1	1	1	2	2	2	1	1	6	5	2	3	2
sim.14.00114	none	2	2	2	2	2	2	1	2	2	0	0	0	0	0
sim.140.00114	none	0	0	0	0	0	0	0	0	0	2	2	3	5	4
sim.141.00114	none	1	0	1	0	1	2	1	1	0	1	1	1	1	1
sim.142.00114	none	1	1	1	1	1	1	1	1	1	3	3	2	2	2
sim.143.00114	none	0	0	0	0	0	0	0	0	0	1	1	1	1	0
sim.144.00114	none	1	1	1	1	1	1	1	1	1	1	1	1	1	1
sim.145.00114	none	0	0	0	0	0	0	0	0	0	0	1	3	3	2
sim.146.00114	none	1	1	1	1	0	1	1	1	1	0	1	0	0	0
sim.147.00114	none	1	1	1	0	0	0	0	1	1	1	1	1	1	1
sim.148.00114	none	1	1	1	1	1	1	1	2	2	2	2	1	2	1
sim.149.00114	none	2	2	3	2	2	2	2	2	3	1	1	1	1	1
sim.15.00114	none	1	2	1	1	1	1	1	1	1	1	1	0	1	1
sim.150.00114	none	1	1	2	0	1	1	1	1	0	1	1	0	0	0
sim.151.00114	none	1	0	1	1	0	0	0	1	1	1	1	0	0	0
sim.152.00114	none	0	0	2	2	2	2	2	2	3	1	1	1	3	2
sim.153.00114	none	1	1	1	1	1	1	1	1	1	1	2	1	1	1
sim.154.00114	none	0	1	1	1	1	1	1	1	1	3	3	0	0	0
sim.155.00114	none	0	0	1	1	1	1	1	1	1	1	1	1	1	1
sim.156.00114	none	1	1	1	1	0	0	0	1	1	0	0	1	1	1
sim.157.00114	none	1	1	1	1	1	1	1	0	1	1	1	1	1	2
sim.158.00114	none	1	1	1	1	1	1	1	1	1	1	2	1	1	1
sim.159.00114	none	4	6	4	4	4	5	5	4	4	1	1	1	0	0
sim.16.00114	none	1	1	1	0	1	1	1	1	1	1	1	1	1	1
sim.160.00114	none	0	0	0	0	0	0	0	0	0	2	1	2	2	2
sim.161.00114	none	1	0	1	1	1	1	0	1	1	1	1	1	1	1
sim.162.00114	none	0	0	0	0	0	0	0	0	0	1	1	2	1	2
sim.163.00114	none	1	1	1	1	1	1	1	1	1	1	1	1	1	1
sim.164.00114	none	1	1	1	1	1	1	1	1	1	0	0	0	0	0
sim.165.00114	none	0	0	0	0	0	0	0	0	0	1	1	1	1	1
sim.166.00114	none	1	1	1	1	1	1	1	1	1	1	1	1	1	1
sim.167.00114	none	1	1	1	1	1	1	1	1	1	1	0	1	1	1
sim.168.00114	none	2	1	1	1	1	1	1	1	1	1	1	1	1	0
sim.169.00114	none	1	1	1	1	1	1	1	1	1	1	1	1	1	1
sim.17.00114	none	2	1	2	2	2	2	2	2	2	1	1	1	1	1
sim.170.00114	none	2	2	2	2	3	3	3	2	2	0	0	0	0	0
sim.171.00114	none	2	3	2	2	2	2	2	3	3	1	1	1	0	1
sim.172.00114	none	1	1	1	1	1	1	1	1	1	2	2	1	1	1
sim.173.00114	none	0	0	1	1	1	1	1	1	1	0	0	0	0	0
sim.174.00114	none	1	1	1	1	1	1	1	1	1	1	1	1	1	1
sim.175.00114	none	0	0	1	1	1	1	1	1	1	2	1	1	2	2
sim.176.00114	none	1	1	1	1	2	2	2	1	1	1	1	0	0	0
sim.177.00114	none	1	1	1	1	1	1	1	1	1	1	1	1	1	1
sim.178.00114	none	2	2	1	1	1	1	1	1	1	0	1	1	1	1
sim.179.00114	none	1	1	1	1	1	1	1	2	1	3	3	2	2	2
sim.18.00114	none	0	1	1	0	1	1	1	1	1	1	1	1	1	1
sim.180.00114	none	1	1	2	1	1	2	1	1	1	1	1	1	1	1
sim.181.00114	none	1	0	1	1	1	1	1	1	1	1	1	0	0	0
sim.182.00114	none	1	1	0	0	0	0	0	0	0	1	1	1	1	1
sim.183.00114	none	0	0	0	0	0	0	0	0	0	2	1	2	1	1
sim.184.00114	none	0	0	1	1	1	1	1	1	1	1	0	1	1	1
sim.185.00114	none	1	1	1	1	1	1	1	1	1	1	1	1	1	1
sim.186.00114	none	2	1	1	1	0	1	1	1	1	1	0	1	1	1
sim.187.00114	none	0	0	0	0	0	0	0	0	0	2	1	3	3	3
sim.188.00114	none	1	1	1	1	1	1	1	1	1	1	1	1	1	1
sim.189.00114	none	0	0	1	1	1	1	0	1	1	1	0	0	0	0
sim.19.00114	none	0	0	0	0	0	0	0	0	0	2	3	1	1	2
sim.190.00114	none	1	1	1	0	1	1	1	1	1	1	1	1	1	1
sim.191.00114	none	1	1	0	0	0	0	0	0	0	0	0	1	1	1
sim.192.00114	none	0	0	0	0	0	0	0	0	0	2	2	1	1	1
sim.193.00114	none	2	3	2	2	2	2	2	1	1	1	1	0	0	0
sim.194.00114	none	1	1	1	1	1	2	1	1	1	1	1	1	1	1
sim.195.00114	none	1	1	1	0	0	0	0	0	0	1	2	1	1	1
sim.196.00114	none	0	0	0	0	0	0	0	0	0	0	1	1	1	1
sim.197.00114	none	1	1	0	1	1	1	1	1	1	0	1	1	1	1
sim.198.00114	none	1	2	1	0	1	1	1	1	1	1	1	1	1	1
sim.199.00114	none	0	0	0	0	0	0	0	0	0	1	1	1	1	1
sim.2.00114	none	1	1	3	1	1	1	1	1	1	1	1	1	1	1
sim.20.00114	none	1	1	0	1	1	1	0	1	1	1	0	1	1	1
sim.200.00114	none	1	1	1	1	1	1	1	1	1	2	2	3	3	2
sim.201.00114	none	1	1	1	1	1	1	1	1	1	1	1	1	1	1
sim.202.00114	none	1	1	1	1	1	1	1	1	1	1	1	2	1	1
sim.203.00114	none	0	0	0	0	0	0	0	0	0	1	1	1	2	1
sim.204.00114	none	1	1	1	1	1	1	1	1	1	0	0	0	0	0
sim.205.00114	none	1	2	1	1	1	1	1	1	1	1	1	1	1	2
sim.206.00114	none	1	1	0	0	0	0	0	0	0	3	2	3	1	1
sim.207.00114	none	0	0	0	0	0	0	0	0	0	0	1	3	1	1
sim.208.00114	none	1	1	2	1	1	1	1	2	1	1	1	1	1	1
sim.209.00114	none	1	1	1	1	1	1	1	1	1	1	1	1	1	1
sim.21.00114	none	2	1	1	1	1	1	1	1	1	1	1	2	2	1
sim.210.00114	none	1	1	2	2	2	2	2	1	1	1	1	1	1	1
sim.211.00114	none	1	1	1	1	1	1	1	1	1	1	1	1	1	1
sim.212.00114	none	1	0	1	1	1	1	1	1	1	0	0	2	0	0
sim.213.00114	none	2	1	1	1	1	1	1	0	1	1	1	1	1	1
sim.214.00114	none	1	1	1	1	1	1	1	1	1	1	0	1	1	1
sim.215.00114	none	1	1	1	1	1	1	1	1	1	0	0	0	0	0
sim.216.00114	none	1	1	1	1	1	1	1	2	2	0	0	0	0	0
sim.217.00114	none	1	1	1	1	1	1	1	1	1	0	0	1	0	1
sim.218.00114	none	1	0	1	1	1	1	1	2	2	2	2	2	1	1
sim.219.00114	none	0	0	0	0	0	0	0	0	0	1	1	3	0	1
sim.22.00114	none	1	1	2	2	0	0	1	1	1	1	1	1	1	1
sim.220.00114	none	1	1	1	1	1	1	0	1	1	1	1	1	1	1
sim.221.00114	none	0	0	0	0	0	0	0	0	0	1	1	1	2	2
sim.222.00114	none	2	2	2	2	2	2	2	3	3	2	2	3	3	3
sim.223.00114	none	1	1	1	1	1	1	1	1	1	2	3	1	0	1
sim.224.00114	none	1	1	1	1	1	0	1	1	1	1	1	2	1	1
sim.225.00114	none	1	1	1	1	1	1	1	0	0	3	3	4	3	3
sim.226.00114	none	1	2	1	1	1	1	1	1	1	1	1	1	1	1
sim.227.00114	none	3	3	2	2	2	2	2	2	2	2	1	1	2	2
sim.228.00114	none	0	0	0	0	0	0	0	0	0	1	0	1	1	1
sim.229.00114	none	1	1	1	1	1	1	1	1	1	1	1	1	1	1
sim.23.00114	none	1	1	1	0	0	0	0	1	1	1	2	1	1	1
sim.230.00114	none	1	1	1	1	1	1	1	1	1	0	0	0	0	0
sim.231.00114	none	1	2	1	1	1	1	1	1	1	2	1	1	1	1
sim.232.00114	none	4	3	2	3	3	3	3	3	3	1	1	0	1	0
sim.233.00114	none	0	0	0	0	0	0	0	1	1	1	1	1	1	1
sim.234.00114	none	1	1	1	1	1	1	1	1	0	0	2	1	1	1
sim.235.00114	none	1	1	1	1	1	1	1	1	1	1	1	1	1	1
sim.236.00114	none	2	2	1	1	1	1	1	1	1	1	1	1	1	1
sim.237.00114	none	1	1	1	1	1	1	1	1	1	1	1	3	2	2
sim.238.00114	none	1	1	1	1	1	1	1	1	1	1	1	0	0	0
sim.239.00114	none	1	0	1	2	1	1	1	1	1	1	2	1	1	1
sim.24.00114	none	0	0	0	0	0	0	0	0	0	1	1	2	1	1
sim.240.00114	none	0	1	1	1	1	1	1	1	1	0	0	0	0	0
sim.241.00114	none	1	1	1	1	1	1	1	1	1	0	0	1	1	1
sim.242.00114	none	1	1	1	1	1	1	1	1	1	1	1	1	1	1
sim.243.00114	none	1	1	1	1	1	1	1	1	1	0	0	1	2	2
sim.244.00114	none	1	1	1	1	1	2	1	1	1	0	0	0	0	0
sim.245.00114	none	1	1	2	2	1	1	1	1	1	1	0	1	2	1
sim.246.00114	none	1	1	1	1	1	1	1	1	1	0	1	1	1	1
sim.247.00114	none	0	0	0	0	0	0	0	0	0	1	1	1	1	1
sim.248.00114	none	1	1	1	1	1	1	1	1	1	3	2	2	2	2
sim.249.00114	none	3	4	3	2	5	5	4	3	3	1	1	1	1	1
sim.25.00114	none	1	1	1	1	1	1	1	1	1	1	1	0	0	0
sim.250.00114	none	1	1	1	1	1	1	1	1	1	1	1	2	1	1
sim.251.00114	none	0	0	0	0	0	0	0	0	0	1	1	1	1	1
sim.252.00114	none	1	1	1	1	1	1	1	1	1	2	2	1	1	1
sim.253.00114	none	2	3	1	1	2	2	1	2	2	1	1	2	2	2
sim.254.00114	none	0	0	0	0	0	0	0	0	0	0	0	1	1	2
sim.255.00114	none	1	1	0	0	0	0	0	0	0	0	0	1	0	2
sim.256.00114	none	1	0	1	1	0	0	1	1	1	1	1	1	1	1
sim.257.00114	none	6	7	4	6	3	4	4	4	5	1	1	1	1	1
sim.258.00114	none	2	2	2	2	2	2	2	2	2	0	0	0	0	0
sim.259.00114	none	2	2	2	3	2	2	2	3	2	1	3	1	1	1
sim.26.00114	none	1	1	1	1	1	1	1	1	1	1	1	2	2	2
sim.260.00114	none	1	0	1	1	1	1	2	0	1	0	0	1	1	1
sim.261.00114	none	1	1	0	0	0	0	0	0	0	1	1	1	1	1
sim.262.00114	none	1	1	1	1	1	1	1	1	1	3	3	2	2	2
sim.263.00114	none	1	1	0	1	1	1	1	1	1	2	4	3	2	1
sim.264.00114	none	1	1	1	1	1	1	1	1	1	0	0	0	0	0
sim.265.00114	none	1	1	1	1	1	1	2	1	1	1	2	1	0	1
sim.266.00114	none	3	2	2	2	2	2	2	2	2	2	2	2	2	2
sim.267.00114	none	0	0	1	1	1	1	1	2	2	1	1	1	1	1
sim.268.00114	none	1	1	1	1	1	1	1	1	1	2	3	2	2	1
sim.269.00114	none	2	2	0	1	1	1	1	0	0	0	1	1	1	1
sim.27.00114	none	2	2	2	3	3	3	3	2	2	1	1	1	1	1
sim.270.00114	none	3	3	1	2	2	2	2	2	2	3	3	3	3	3
sim.271.00114	none	1	1	1	1	1	1	1	1	1	1	1	2	1	1
sim.272.00114	none	1	1	1	1	1	1	1	1	1	1	1	1	1	1
sim.273.00114	none	4	4	2	1	2	1	1	2	2	0	0	0	0	0
sim.274.00114	none	0	0	0	0	0	0	0	0	0	0	0	2	2	2
sim.275.00114	none	2	2	1	2	2	2	2	2	2	1	1	1	1	1
sim.276.00114	none	1	1	1	1	1	1	0	1	1	2	0	1	1	1
sim.277.00114	none	7	2	2	1	1	1	1	1	1	0	0	2	1	2
sim.278.00114	none	1	1	1	1	1	1	1	1	1	1	1	1	1	1
sim.279.00114	none	1	0	1	1	1	1	1	1	1	1	1	0	0	0
sim.28.00114	none	3	2	2	3	4	4	4	1	1	0	0	0	0	0
sim.280.00114	none	1	1	1	1	1	0	1	1	1	1	1	1	1	1
sim.281.00114	none	0	1	1	1	1	1	1	2	2	1	2	1	1	1
sim.282.00114	none	1	2	4	3	2	2	3	4	5	2	1	2	3	2
sim.283.00114	none	1	1	1	1	0	1	1	1	1	0	1	0	1	1
sim.284.00114	none	1	1	1	1	1	1	1	1	1	0	0	0	0	0
sim.285.00114	none	1	1	0	1	1	1	1	1	1	1	1	2	2	2
sim.286.00114	none	1	1	1	1	1	1	1	1	1	1	1	0	0	0
sim.287.00114	none	1	1	1	2	1	1	1	1	1	1	2	2	2	2
sim.288.00114	none	1	1	1	1	1	1	1	1	1	1	1	2	1	2
sim.289.00114	none	1	1	1	1	1	1	1	1	1	1	1	1	1	2
sim.29.00114	none	1	1	1	1	1	1	0	1	1	0	0	2	1	2
sim.290.00114	none	1	0	1	1	1	1	1	1	1	2	1	1	1	1
sim.291.00114	none	1	1	1	1	1	1	1	1	1	1	1	1	1	2
sim.292.00114	none	1	1	0	0	0	0	0	0	0	1	0	1	1	1
sim.293.00114	none	1	1	1	1	1	1	1	1	1	2	0	1	1	2
sim.294.00114	none	2	1	1	1	1	1	1	1	1	1	1	1	1	1
sim.295.00114	none	1	2	1	1	1	1	1	1	1	1	1	1	1	1
sim.296.00114	none	1	1	1	1	1	2	1	1	1	1	1	1	1	1
sim.297.00114	none	1	1	1	1	1	1	2	1	1	1	1	1	1	1
sim.298.00114	none	3	4	3	3	2	2	4	4	4	1	1	1	1	1
sim.299.00114	none	3	2	1	2	2	3	3	2	2	1	1	2	1	1
sim.3.00114	none	1	1	1	1	1	1	1	1	1	0	0	0	0	0
sim.30.00114	none	1	1	1	1	0	0	1	0	0	1	1	3	1	1
sim.300.00114	none	0	0	1	0	1	1	1	1	1	1	1	1	1	1
sim.301.00114	none	1	2	1	1	1	1	1	0	0	1	1	1	1	1
sim.302.00114	none	1	1	1	0	0	0	0	1	1	1	2	1	1	1
sim.303.00114	none	0	0	0	0	0	0	0	0	0	1	1	1	1	1
sim.304.00114	none	1	1	1	1	0	0	0	1	1	1	1	2	2	1
sim.305.00114	none	2	2	1	1	1	1	1	1	1	1	1	1	1	1
sim.306.00114	none	1	1	1	1	1	1	1	1	1	2	1	1	1	0
sim.307.00114	none	1	1	1	1	1	1	1	1	1	1	1	1	1	1
sim.308.00114	none	1	1	1	0	0	1	1	1	1	0	1	1	1	1
sim.309.00114	none	0	0	0	0	0	0	0	0	0	1	1	0	1	1
sim.31.00114	none	6	1	2	2	2	2	2	2	1	2	2	2	2	2
sim.310.00114	none	2	2	2	2	2	2	2	4	3	1	1	1	1	1
sim.311.00114	none	2	3	2	2	2	2	2	1	1	0	0	0	0	0
sim.312.00114	none	1	1	1	1	1	1	1	1	1	0	0	0	0	0
sim.313.00114	none	1	1	1	2	1	1	1	1	1	1	1	1	2	2
sim.314.00114	none	2	1	1	1	1	1	1	1	1	3	3	2	1	1
sim.315.00114	none	0	0	0	0	0	0	0	0	0	2	2	2	2	3
sim.316.00114	none	0	0	0	0	0	0	0	0	0	1	1	1	1	1
sim.317.00114	none	1	1	1	1	1	1	1	1	1	0	1	1	2	2
sim.318.00114	none	2	2	3	1	2	2	2	3	2	1	1	1	1	1
sim.319.00114	none	0	0	0	0	0	0	0	0	0	1	1	4	4	2
sim.32.00114	none	2	1	3	3	3	3	3	3	3	1	1	2	1	1
sim.320.00114	none	0	0	1	1	1	1	1	1	1	0	0	0	0	0
sim.321.00114	none	2	2	3	3	3	3	3	3	3	1	2	2	1	1
sim.322.00114	none	0	0	2	1	1	2	1	1	1	1	1	1	1	1
sim.323.00114	none	1	1	1	1	1	1	1	1	1	1	1	1	1	1
sim.324.00114	none	1	1	1	1	2	1	1	1	1	1	1	0	0	0
sim.325.00114	none	1	1	1	1	1	1	1	1	1	1	1	1	1	1
sim.326.00114	none	3	3	1	1	1	1	1	2	1	0	0	0	0	0
sim.327.00114	none	0	1	1	1	1	1	1	1	1	0	0	1	2	1
sim.328.00114	none	1	1	1	1	0	0	1	1	1	1	1	1	1	1
sim.329.00114	none	1	1	1	1	0	0	0	1	0	1	1	1	1	0
sim.33.00114	none	0	0	0	0	0	0	0	0	0	1	1	1	3	2
sim.330.00114	none	1	1	0	0	0	0	0	0	0	1	1	1	1	1
sim.331.00114	none	1	1	1	1	1	1	0	1	1	2	1	0	1	2
sim.332.00114	none	1	1	1	2	1	1	1	1	1	1	1	1	1	1
sim.333.00114	none	1	1	1	1	1	1	1	1	1	2	1	1	1	3
sim.334.00114	none	1	1	2	2	1	2	2	1	0	1	2	2	2	2
sim.335.00114	none	2	2	2	2	2	2	2	2	2	0	0	0	0	0
sim.336.00114	none	1	1	2	2	2	2	3	2	2	1	1	1	1	1
sim.337.00114	none	0	1	1	2	1	1	1	1	1	2	2	0	0	0
sim.338.00114	none	2	1	3	2	3	1	2	2	2	3	2	1	1	1
sim.339.00114	none	1	1	1	1	1	1	1	1	1	2	2	1	1	1
sim.34.00114	none	3	2	2	2	2	2	2	2	3	1	1	1	1	1
sim.340.00114	none	1	1	2	1	1	1	1	0	1	1	1	1	1	1
sim.341.00114	none	2	0	0	1	1	1	1	2	1	1	1	0	0	0
sim.342.00114	none	1	1	3	1	1	1	1	2	1	2	1	1	1	1
sim.343.00114	none	2	2	3	2	2	2	1	2	2	1	1	1	3	2
sim.344.00114	none	2	2	2	2	2	2	2	2	2	0	0	1	1	1
sim.345.00114	none	1	1	1	1	1	1	1	1	1	0	0	0	0	0
sim.346.00114	none	1	1	1	1	1	1	1	0	0	2	1	0	1	2
sim.347.00114	none	2	1	1	1	1	1	0	1	1	0	0	0	0	0
sim.348.00114	none	1	0	1	1	1	1	1	1	1	1	1	1	1	1
sim.349.00114	none	1	1	1	1	1	1	1	1	1	0	0	0	0	0
sim.35.00114	none	0	0	1	1	1	1	1	1	1	0	0	0	0	0
sim.350.00114	none	1	1	1	1	2	2	2	1	2	2	1	1	1	1
sim.351.00114	none	0	0	1	1	3	3	1	1	1	1	1	0	0	0
sim.352.00114	none	1	1	1	1	1	1	1	1	1	1	1	1	2	2
sim.353.00114	none	2	1	1	1	1	1	1	1	1	2	1	2	2	2
sim.354.00114	none	1	1	1	1	1	1	1	1	1	1	1	1	1	1
sim.355.00114	none	2	1	1	1	0	1	1	2	1	1	1	0	1	1
sim.356.00114	none	2	1	1	1	1	1	2	1	2	1	1	1	1	1
sim.357.00114	none	1	1	1	1	1	1	1	1	1	0	0	1	1	1
sim.358.00114	none	1	1	2	1	0	0	1	1	1	0	0	0	0	0
sim.359.00114	none	1	1	2	2	2	2	2	2	3	1	1	1	2	1
sim.36.00114	none	0	1	1	1	1	1	1	1	1	1	1	1	1	1
sim.360.00114	none	1	1	1	1	1	1	1	1	1	1	1	1	1	1
sim.361.00114	none	1	1	1	1	1	1	2	1	1	0	0	0	0	0
sim.362.00114	none	1	2	1	1	1	1	1	1	1	4	2	3	2	2
sim.363.00114	none	1	1	2	1	2	2	2	1	1	1	1	0	0	0
sim.364.00114	none	1	1	1	1	1	1	2	1	1	3	2	2	1	1
sim.365.00114	none	1	1	1	0	0	0	0	2	2	1	1	1	1	1
sim.366.00114	none	1	1	1	1	1	1	1	1	1	0	0	0	0	0
sim.367.00114	none	1	1	3	2	2	1	2	3	3	1	1	1	1	1
sim.368.00114	none	0	1	1	1	1	1	1	1	1	0	0	1	2	1
sim.369.00114	none	1	1	1	1	1	1	1	1	1	1	1	1	1	1
sim.37.00114	none	1	1	1	1	1	1	2	1	1	1	1	1	1	1
sim.370.00114	none	1	1	0	1	1	1	1	1	1	0	0	0	0	0
sim.371.00114	none	2	1	2	1	1	1	2	1	1	1	1	2	2	2
sim.372.00114	none	0	1	1	1	1	1	1	1	1	1	1	1	1	1
sim.373.00114	none	2	2	2	2	3	3	2	3	3	1	1	0	1	1
sim.374.00114	none	2	2	2	2	2	2	2	2	2	1	0	1	1	1
sim.375.00114	none	1	2	1	1	0	1	1	1	1	2	2	2	2	2
sim.376.00114	none	0	0	0	0	0	0	0	0	0	0	1	1	1	1
sim.377.00114	none	1	1	0	0	0	0	0	0	0	1	1	1	1	1
sim.378.00114	none	1	1	1	2	1	1	1	1	1	2	1	3	2	2
sim.379.00114	none	1	1	1	1	1	1	1	1	1	1	1	1	0	1
sim.38.00114	none	1	1	1	1	1	1	1	1	1	1	1	0	0	0
sim.380.00114	none	0	0	0	0	0	0	0	0	0	1	1	2	2	2
sim.381.00114	none	1	1	1	1	1	1	1	2	2	1	2	1	1	1
sim.382.00114	none	0	0	0	0	0	0	0	0	0	1	1	1	1	1
sim.383.00114	none	0	0	0	0	0	0	0	0	0	1	1	3	4	4
sim.384.00114	none	0	0	0	0	0	0	0	0	0	2	2	2	2	3
sim.385.00114	none	1	1	1	1	1	1	1	1	1	1	2	1	1	1
sim.386.00114	none	0	0	1	1	1	1	1	1	1	1	1	1	1	1
sim.387.00114	none	2	2	2	2	2	2	3	2	2	1	1	1	1	1
sim.388.00114	none	1	1	1	1	1	1	1	0	0	1	1	1	1	1
sim.389.00114	none	1	1	1	1	1	0	1	1	1	0	0	1	1	1
sim.39.00114	none	1	1	0	1	1	1	1	1	1	1	0	1	2	1
sim.390.00114	none	1	1	1	1	1	1	1	1	1	0	0	0	0	0
sim.391.00114	none	2	1	2	2	2	2	2	2	2	1	1	1	1	1
sim.392.00114	none	1	1	1	1	0	0	0	1	1	1	1	0	1	1
sim.393.00114	none	1	1	1	1	1	1	1	1	1	1	2	1	1	1
sim.394.00114	none	2	2	3	2	2	3	2	2	2	2	1	2	1	1
sim.395.00114	none	1	1	1	1	1	1	1	1	1	3	3	2	1	1
sim.396.00114	none	0	0	1	1	1	1	1	2	1	2	2	2	3	4
sim.397.00114	none	1	0	1	1	1	1	1	1	1	1	1	1	2	3
sim.398.00114	none	3	2	2	2	2	2	2	3	3	1	2	1	1	1
sim.399.00114	none	0	0	0	0	0	0	0	0	0	1	1	1	1	1
sim.4.00114	none	1	1	1	1	1	1	1	1	1	1	1	1	1	1
sim.40.00114	none	1	1	1	1	1	1	1	1	1	0	1	1	1	1
sim.400.00114	none	1	1	1	1	1	1	1	1	1	2	2	1	2	3
sim.401.00114	none	1	1	1	1	1	1	1	1	1	1	1	2	1	2
sim.402.00114	none	1	1	1	1	1	1	1	1	1	1	1	0	0	1
sim.403.00114	none	1	1	1	1	0	1	1	1	1	1	1	1	1	1
sim.404.00114	none	0	0	0	0	0	0	0	0	0	2	3	1	2	2
sim.405.00114	none	1	1	1	1	1	1	1	1	1	1	1	1	1	1
sim.406.00114	none	1	1	1	1	1	1	1	1	1	2	2	1	2	2
sim.407.00114	none	2	2	2	2	3	3	3	2	2	2	2	2	2	2
sim.408.00114	none	1	1	1	1	1	1	1	1	1	2	1	1	1	1
sim.409.00114	none	1	1	1	1	1	1	1	1	1	1	0	0	0	0
sim.41.00114	none	3	3	2	2	1	1	1	2	2	1	1	1	1	1
sim.410.00114	none	1	1	1	1	1	1	1	1	1	1	1	2	3	3
sim.411.00114	none	1	1	1	1	1	1	1	1	1	0	1	1	1	1
sim.412.00114	none	0	0	1	1	1	1	1	1	1	1	2	1	1	1
sim.413.00114	none	0	0	0	0	0	0	0	0	0	1	1	2	2	2
sim.414.00114	none	1	1	1	1	1	1	1	1	1	2	1	1	1	2
sim.415.00114	none	1	1	2	1	1	1	1	1	1	0	0	0	0	0
sim.416.00114	none	1	1	1	1	1	1	1	1	1	0	1	1	1	1
sim.417.00114	none	1	1	1	2	1	1	1	1	1	1	1	1	1	1
sim.418.00114	none	1	1	2	4	2	2	2	2	2	3	4	2	2	2
sim.419.00114	none	3	3	3	3	3	3	4	2	2	0	0	1	1	1
sim.42.00114	none	1	1	1	1	1	1	1	2	1	1	1	2	1	2
sim.420.00114	none	1	1	1	1	2	1	1	1	1	1	1	0	0	0
sim.421.00114	none	1	2	1	1	1	1	1	0	0	0	1	1	1	0
sim.422.00114	none	1	1	1	1	1	1	2	1	1	0	0	0	0	0
sim.423.00114	none	1	1	1	1	1	1	1	1	1	1	1	1	1	1
sim.424.00114	none	1	0	1	1	1	1	1	1	1	1	1	1	1	1
sim.425.00114	none	1	1	1	1	1	1	1	1	0	1	1	2	2	2
sim.426.00114	none	1	1	1	0	1	1	1	1	1	2	2	1	1	1
sim.427.00114	none	0	0	0	0	0	0	0	0	0	1	0	1	1	1
sim.428.00114	none	2	2	1	2	1	1	1	1	1	1	0	2	3	2
sim.429.00114	none	0	0	0	0	0	0	0	0	0	1	0	1	1	1
sim.43.00114	none	1	1	1	2	1	1	2	1	1	0	2	2	3	2
sim.430.00114	none	0	0	0	0	0	0	0	0	0	1	1	1	1	1
sim.431.00114	none	0	0	0	0	0	0	0	0	0	1	3	1	1	1
sim.432.00114	none	1	1	2	0	1	1	0	1	1	1	1	1	1	1
sim.433.00114	none	1	1	2	2	2	2	2	2	2	0	0	0	0	0
sim.434.00114	none	1	1	1	1	1	1	1	1	1	2	1	1	1	1
sim.435.00114	none	1	1	1	1	1	1	1	1	1	1	1	1	1	1
sim.436.00114	none	0	0	0	0	0	0	0	0	0	1	1	1	1	1
sim.437.00114	none	1	1	0	0	0	0	0	0	0	1	1	2	3	3
sim.438.00114	none	2	4	1	2	3	2	2	1	1	2	2	2	2	2
sim.439.00114	none	1	1	1	1	1	1	1	1	1	1	1	1	1	1
sim.44.00114	none	0	0	0	0	0	0	0	0	0	1	1	1	1	1
sim.440.00114	none	0	0	1	1	1	1	1	1	1	1	1	1	1	1
sim.441.00114	none	1	1	1	1	1	1	1	1	1	1	1	1	1	1
sim.442.00114	none	1	1	0	1	1	1	1	1	1	1	1	1	1	1
sim.443.00114	none	0	0	0	0	0	0	0	0	0	5	4	3	3	3
sim.444.00114	none	1	1	1	1	1	1	1	1	1	1	2	1	1	1
sim.445.00114	none	1	1	1	1	1	1	1	1	0	1	2	1	1	1
sim.446.00114	none	1	1	1	0	2	1	1	1	1	2	1	2	2	2
sim.447.00114	none	1	1	1	1	1	1	0	0	1	0	0	0	0	0
sim.448.00114	none	2	2	2	2	2	2	2	1	2	2	2	2	1	2
sim.449.00114	none	1	1	1	1	1	1	1	2	1	0	0	0	0	0
sim.45.00114	none	1	1	1	1	4	3	2	1	1	2	1	1	1	1
sim.450.00114	none	1	1	0	1	1	1	1	1	1	1	1	0	0	0
sim.451.00114	none	0	0	1	0	1	1	1	1	1	0	0	0	0	0
sim.452.00114	none	1	1	1	1	1	1	1	2	2	0	0	0	0	0
sim.453.00114	none	1	1	1	1	1	1	1	1	1	1	1	1	2	1
sim.454.00114	none	0	0	0	0	0	0	0	0	0	0	0	3	3	2
sim.455.00114	none	1	1	1	1	2	1	1	1	1	0	0	0	0	0
sim.456.00114	none	2	2	2	3	2	2	2	2	2	2	1	2	2	2
sim.457.00114	none	1	1	1	1	1	1	1	2	2	1	1	1	1	1
sim.458.00114	none	2	1	2	2	2	2	2	2	2	2	1	1	1	1
sim.459.00114	none	1	1	2	3	2	2	2	2	2	1	0	1	1	1
sim.46.00114	none	1	1	1	1	1	1	1	1	1	1	1	1	1	1
sim.460.00114	none	0	0	0	0	0	0	0	0	0	0	1	1	1	1
sim.461.00114	none	1	1	1	1	1	1	1	1	0	1	1	0	1	1
sim.462.00114	none	2	1	2	2	1	0	2	2	2	1	1	1	1	1
sim.463.00114	none	1	0	1	0	0	0	0	1	1	2	1	0	1	1
sim.464.00114	none	1	1	1	1	1	1	1	1	1	1	1	1	0	1
sim.465.00114	none	0	0	0	0	0	0	0	0	0	1	1	1	0	1
sim.466.00114	none	1	1	2	1	1	1	1	1	1	2	1	1	1	1
sim.467.00114	none	2	2	2	1	1	1	1	2	2	0	0	0	0	0
sim.468.00114	none	0	0	0	0	0	0	0	0	0	1	1	1	1	0
sim.469.00114	none	2	1	1	1	1	1	1	1	1	1	1	1	1	1
sim.47.00114	none	0	1	0	1	0	1	1	1	1	1	1	2	2	2
sim.470.00114	none	1	1	1	1	1	1	1	1	1	2	1	2	1	1
sim.471.00114	none	1	1	1	1	1	1	1	1	1	1	1	1	1	1
sim.472.00114	none	2	3	3	2	2	2	2	2	2	1	1	1	1	1
sim.473.00114	none	1	1	1	1	2	2	2	1	2	1	1	1	1	1
sim.474.00114	none	1	1	0	0	0	0	0	0	0	1	1	1	1	1
sim.475.00114	none	1	1	1	1	1	1	1	1	1	1	1	1	1	1
sim.476.00114	none	2	1	0	1	1	1	1	1	1	2	2	2	2	2
sim.477.00114	none	1	1	1	1	1	1	1	1	0	0	0	0	0	0
sim.478.00114	none	1	2	1	1	1	1	1	2	3	1	2	1	1	1
sim.479.00114	none	1	1	0	1	1	1	1	1	1	1	1	1	1	1
sim.48.00114	none	0	0	0	0	0	0	0	0	0	1	1	2	1	1
sim.480.00114	none	1	2	1	1	1	1	1	1	1	2	3	2	2	2
sim.481.00114	none	0	0	0	0	0	0	0	0	0	2	2	1	2	2
sim.482.00114	none	0	0	0	0	0	0	0	0	0	1	0	1	1	1
sim.483.00114	none	1	2	1	1	1	1	1	1	1	3	4	1	1	1
sim.484.00114	none	0	0	0	0	0	0	0	0	0	1	1	0	1	1
sim.485.00114	none	2	2	1	2	2	2	3	2	2	1	1	1	1	1
sim.486.00114	none	1	2	1	1	1	1	1	1	1	0	0	0	0	0
sim.487.00114	none	1	1	1	1	1	1	1	1	1	0	0	2	2	2
sim.488.00114	none	1	1	1	1	1	1	1	1	1	1	1	1	1	1
sim.489.00114	none	1	1	1	1	1	2	2	1	1	2	2	2	2	2
sim.49.00114	none	1	1	1	1	1	1	1	1	1	1	1	2	2	2
sim.490.00114	none	1	1	1	1	1	1	1	0	0	0	0	1	1	1
sim.491.00114	none	1	1	1	1	1	1	1	1	1	0	0	0	0	0
sim.492.00114	none	1	1	1	1	2	2	1	1	1	1	1	1	1	1
sim.493.00114	none	0	0	0	0	0	0	0	0	0	3	3	3	2	2
sim.494.00114	none	3	3	3	2	3	3	2	5	5	0	0	0	0	0
sim.495.00114	none	1	1	2	1	2	2	2	2	2	0	0	0	0	0
sim.496.00114	none	1	1	1	1	1	2	0	1	1	1	1	1	1	1
sim.497.00114	none	1	1	1	1	1	2	1	1	1	1	1	3	2	2
sim.498.00114	none	1	1	1	1	1	1	1	1	2	0	0	2	2	2
sim.499.00114	none	1	1	1	1	1	1	1	1	1	2	1	1	1	0
sim.5.00114	none	0	1	1	1	1	1	1	1	1	4	4	2	2	2
sim.50.00114	none	0	0	0	0	0	0	0	0	0	2	2	1	2	3
sim.500.00114	none	0	0	0	0	0	0	0	0	0	2	1	1	1	1
sim.501.00114	none	1	0	1	1	1	1	1	1	1	1	1	1	1	1
sim.502.00114	none	1	1	1	2	3	3	3	2	4	0	1	1	1	2
sim.503.00114	none	1	1	1	1	1	2	2	1	1	1	1	1	1	1
sim.504.00114	none	0	1	1	0	1	2	1	1	1	0	1	0	0	0
sim.505.00114	none	1	1	1	1	1	1	1	0	1	2	1	1	1	1
sim.506.00114	none	2	1	1	1	1	1	1	1	1	2	1	1	1	1
sim.507.00114	none	0	1	1	1	1	0	0	1	1	0	0	0	0	0
sim.508.00114	none	1	1	1	1	1	1	1	1	1	0	0	0	0	0
sim.509.00114	none	1	1	1	1	1	1	1	1	1	1	1	1	1	1
sim.51.00114	none	1	1	1	2	2	2	2	1	1	3	2	1	1	1
sim.510.00114	none	1	1	1	1	1	1	1	1	1	1	1	0	1	1
sim.511.00114	none	3	2	2	1	2	2	2	2	2	1	1	1	0	1
sim.512.00114	none	1	0	1	2	1	1	1	1	1	1	1	1	0	1
sim.513.00114	none	1	1	1	1	1	1	1	1	1	1	1	1	1	1
sim.514.00114	none	0	1	0	1	1	1	1	1	1	1	2	2	3	2
sim.515.00114	none	0	0	0	0	0	0	0	0	0	1	0	1	1	1
sim.516.00114	none	0	0	0	0	0	0	0	0	0	1	1	0	1	2
sim.517.00114	none	1	1	1	1	1	2	2	1	1	1	1	2	3	2
sim.518.00114	none	1	0	1	1	1	1	1	1	1	1	1	1	1	1
sim.519.00114	none	1	1	1	1	1	1	0	1	1	1	1	2	1	1
sim.52.00114	none	2	2	2	2	1	2	2	3	3	1	1	1	1	1
sim.520.00114	none	0	0	0	0	0	0	0	0	0	1	1	1	1	1
sim.521.00114	none	0	0	0	0	0	0	0	0	0	1	1	2	2	1
sim.522.00114	none	1	1	1	2	1	1	1	1	1	1	1	1	1	1
sim.523.00114	none	0	1	1	1	2	2	2	1	1	1	2	2	1	1
sim.524.00114	none	1	2	1	1	1	1	1	1	1	0	0	0	0	0
sim.525.00114	none	1	1	1	1	1	1	1	1	1	2	1	1	2	1
sim.526.00114	none	1	1	2	2	2	2	2	2	2	0	1	1	1	1
sim.527.00114	none	0	0	0	0	0	0	0	0	0	1	1	1	1	1
sim.528.00114	none	3	3	1	1	1	1	1	1	1	3	2	2	2	2
sim.529.00114	none	1	1	1	1	1	1	1	1	1	1	1	1	1	1
sim.53.00114	none	2	1	0	1	1	1	1	1	1	0	0	0	0	0
sim.530.00114	none	1	0	2	2	2	2	2	2	2	0	0	0	0	0
sim.531.00114	none	0	0	0	0	0	0	0	0	0	0	1	2	1	1
sim.532.00114	none	1	1	1	1	1	1	1	1	1	0	0	0	0	0
sim.533.00114	none	2	1	1	1	2	1	1	1	1	1	1	1	1	1
sim.534.00114	none	3	3	3	2	2	2	2	2	2	1	1	0	0	0
sim.535.00114	none	0	0	0	0	0	0	0	0	0	2	2	1	1	1
sim.536.00114	none	1	1	1	1	1	1	1	1	0	0	0	0	0	0
sim.537.00114	none	1	1	1	1	1	1	1	2	1	1	0	1	1	1
sim.538.00114	none	0	0	1	1	1	1	1	0	1	2	2	1	1	1
sim.539.00114	none	1	1	1	1	1	1	1	1	1	0	1	2	2	2
sim.54.00114	none	1	1	1	0	1	1	1	2	1	1	1	1	1	1
sim.540.00114	none	0	0	0	0	0	0	0	0	0	2	1	2	3	3
sim.541.00114	none	1	1	1	1	0	1	1	1	1	1	1	0	1	1
sim.542.00114	none	1	1	1	1	1	1	1	1	1	1	1	1	1	1
sim.543.00114	none	1	1	0	1	0	0	0	1	1	1	1	1	1	1
sim.544.00114	none	0	0	0	0	0	0	0	0	0	1	1	0	1	1
sim.545.00114	none	1	0	1	1	1	1	1	1	1	0	0	0	0	0
sim.546.00114	none	0	0	0	0	0	0	0	0	0	0	2	1	1	1
sim.547.00114	none	2	1	1	0	1	1	1	1	1	1	2	2	1	1
sim.548.00114	none	0	0	0	0	0	0	0	0	0	1	1	1	1	1
sim.549.00114	none	1	1	2	2	1	1	1	1	1	2	2	2	2	2
sim.55.00114	none	1	1	1	1	1	1	1	1	1	1	1	1	1	1
sim.550.00114	none	1	1	1	1	1	1	1	1	1	1	1	1	1	1
sim.551.00114	none	1	1	1	1	1	1	1	1	1	1	1	1	1	1
sim.552.00114	none	1	3	2	2	2	2	2	2	2	1	1	3	1	1
sim.553.00114	none	1	1	1	1	2	2	2	1	1	1	1	1	1	1
sim.554.00114	none	1	1	1	0	1	1	1	1	1	1	1	1	1	1
sim.555.00114	none	2	2	2	2	2	2	2	2	3	1	1	1	0	1
sim.556.00114	none	0	0	1	1	0	0	1	0	0	0	1	1	1	1
sim.557.00114	none	1	1	1	1	0	1	1	1	1	0	0	0	0	0
sim.558.00114	none	2	1	1	1	1	1	1	2	1	3	2	1	2	2
sim.559.00114	none	3	4	1	1	1	1	1	1	1	1	0	1	1	1
sim.56.00114	none	1	0	2	1	1	1	1	1	1	0	0	0	0	0
sim.560.00114	none	1	1	1	1	1	1	1	1	1	1	1	1	1	1
sim.561.00114	none	1	2	0	1	1	1	1	1	1	1	1	1	1	1
sim.562.00114	none	1	1	1	1	1	1	1	1	1	1	1	1	1	1
sim.563.00114	none	1	1	2	2	2	2	2	1	1	1	1	2	2	1
sim.564.00114	none	1	1	1	1	2	2	2	1	1	1	1	1	1	1
sim.565.00114	none	0	0	0	0	0	0	0	0	0	1	1	1	1	1
sim.566.00114	none	1	1	1	1	1	1	1	1	1	2	1	2	3	4
sim.567.00114	none	1	1	2	2	2	2	1	1	2	2	1	0	1	1
sim.568.00114	none	1	1	1	1	2	2	2	1	1	2	2	1	1	1
sim.569.00114	none	1	2	1	1	1	1	1	1	1	2	2	1	1	1
sim.57.00114	none	1	1	0	1	1	0	1	1	1	1	0	1	1	1
sim.570.00114	none	1	1	1	0	1	1	1	1	1	2	2	2	2	2
sim.571.00114	none	1	1	1	1	1	1	2	1	1	1	2	1	1	1
sim.572.00114	none	2	2	1	1	1	1	2	1	1	1	1	1	3	2
sim.573.00114	none	1	1	1	1	0	1	1	1	1	1	1	0	0	0
sim.574.00114	none	1	0	1	1	1	1	1	1	0	0	0	0	0	0
sim.575.00114	none	1	1	1	1	2	1	1	1	1	1	1	2	1	1
sim.576.00114	none	1	1	3	4	3	3	3	3	3	2	1	1	1	1
sim.577.00114	none	1	1	1	1	1	1	0	1	1	2	2	3	3	3
sim.578.00114	none	2	1	1	2	2	2	2	0	2	2	1	1	1	1
sim.579.00114	none	2	1	1	1	1	1	1	1	1	1	1	1	2	2
sim.58.00114	none	0	0	0	0	0	0	0	0	0	1	1	1	1	1
sim.580.00114	none	1	1	1	1	1	2	0	1	1	1	1	0	0	0
sim.581.00114	none	0	0	0	0	0	0	0	0	0	1	2	4	3	3
sim.582.00114	none	1	1	0	2	1	1	0	1	1	1	1	1	1	1
sim.583.00114	none	2	1	1	1	1	1	1	0	0	1	2	0	3	3
sim.584.00114	none	0	0	0	0	0	0	0	0	0	4	3	1	1	1
sim.585.00114	none	0	0	1	1	1	1	1	1	1	1	1	0	0	0
sim.586.00114	none	1	1	1	1	1	1	1	1	1	0	0	0	1	1
sim.587.00114	none	0	0	0	0	0	0	0	0	0	1	1	1	1	0
sim.588.00114	none	0	0	0	0	0	0	0	0	0	2	2	2	2	2
sim.589.00114	none	4	2	2	1	1	1	1	1	1	0	1	0	0	0
sim.59.00114	none	1	1	1	1	1	1	1	1	1	1	2	2	1	1
sim.590.00114	none	2	2	2	2	2	2	1	2	2	1	1	1	1	1
sim.591.00114	none	1	0	1	1	1	1	1	1	1	0	0	1	1	1
sim.592.00114	none	2	2	3	2	2	2	2	2	2	2	1	1	1	2
sim.593.00114	none	1	2	0	0	0	0	0	0	0	2	2	2	2	2
sim.594.00114	none	2	2	3	2	1	2	2	1	1	1	1	2	2	2
sim.595.00114	none	0	0	0	0	0	0	0	0	0	0	2	1	1	1
sim.596.00114	none	1	1	1	1	1	1	1	1	0	1	2	0	1	1
sim.597.00114	none	2	2	2	2	1	1	2	2	2	3	2	2	2	2
sim.598.00114	none	0	1	1	0	1	1	1	1	1	0	0	1	1	1
sim.599.00114	none	1	0	1	2	1	1	1	1	1	1	1	2	2	2
sim.6.00114	none	2	2	2	1	2	2	2	2	2	1	1	1	1	1
sim.60.00114	none	1	1	1	1	1	1	1	1	1	1	1	1	1	1
sim.600.00114	none	0	0	0	0	0	0	0	0	0	1	1	2	1	1
sim.601.00114	none	1	2	0	1	1	1	1	3	1	1	1	1	1	1
sim.602.00114	none	2	2	2	2	2	1	2	2	2	1	1	0	0	0
sim.603.00114	none	1	1	1	1	1	1	2	0	0	1	1	3	2	2
sim.604.00114	none	1	1	1	1	1	1	1	2	1	1	1	1	1	1
sim.605.00114	none	1	1	1	1	1	1	1	1	1	3	2	2	2	3
sim.606.00114	none	1	1	1	1	1	1	1	1	1	1	2	1	2	2
sim.607.00114	none	2	3	4	4	4	4	4	4	4	1	2	2	0	0
sim.608.00114	none	1	1	1	1	1	1	1	1	1	1	2	1	2	2
sim.609.00114	none	1	1	1	1	1	1	1	1	1	1	1	1	1	1
sim.61.00114	none	1	1	1	1	1	1	1	1	0	1	0	1	1	1
sim.610.00114	none	1	1	1	1	1	1	1	2	1	1	1	1	1	1
sim.611.00114	none	2	2	3	3	4	4	3	4	4	2	2	1	1	1
sim.612.00114	none	3	2	3	3	4	5	3	3	3	0	0	0	0	0
sim.613.00114	none	1	1	1	1	1	1	1	1	1	1	0	1	1	1
sim.614.00114	none	2	2	2	1	2	2	2	3	3	2	4	1	1	1
sim.615.00114	none	1	1	1	1	2	2	2	0	0	0	0	6	4	5
sim.616.00114	none	2	2	1	1	1	1	1	1	1	1	1	1	1	1
sim.617.00114	none	0	0	1	1	1	1	1	1	1	1	1	1	1	1
sim.618.00114	none	1	1	1	1	1	1	1	0	1	1	0	1	1	1
sim.619.00114	none	1	4	2	2	1	1	2	2	2	1	1	1	1	1
sim.62.00114	none	1	1	0	0	0	0	0	1	1	0	0	0	0	0
sim.620.00114	none	1	1	1	1	1	1	1	1	1	1	1	1	1	1
sim.621.00114	none	1	1	1	1	1	1	1	1	1	1	1	1	1	1
sim.622.00114	none	3	2	1	1	0	0	0	1	1	2	1	1	1	0
sim.623.00114	none	1	1	1	1	1	1	1	1	1	1	1	1	1	1
sim.624.00114	none	0	1	2	1	2	2	2	2	2	1	1	1	1	1
sim.625.00114	none	1	1	1	1	1	1	1	1	1	0	0	0	0	0
sim.626.00114	none	1	1	1	1	1	1	1	1	1	0	1	0	0	1
sim.627.00114	none	2	2	5	3	3	3	3	3	2	1	1	1	2	0
sim.628.00114	none	1	0	1	1	1	1	1	1	1	1	1	1	1	1
sim.629.00114	none	1	1	1	1	1	1	1	3	1	2	2	1	1	1
sim.63.00114	none	1	1	1	1	1	1	1	1	1	2	2	4	3	3
sim.630.00114	none	0	0	1	1	1	1	1	1	1	1	1	1	1	1
sim.631.00114	none	0	0	0	0	0	0	0	0	0	2	0	1	1	1
sim.632.00114	none	2	2	2	2	2	2	2	1	2	1	1	1	1	1
sim.633.00114	none	1	1	1	1	0	0	0	2	1	1	1	2	1	1
sim.634.00114	none	1	1	0	1	1	1	1	1	1	0	0	0	0	0
sim.635.00114	none	1	1	1	1	1	1	1	1	1	0	0	1	0	0
sim.636.00114	none	1	1	1	1	1	1	1	1	1	1	0	1	1	0
sim.637.00114	none	1	2	1	1	1	1	1	1	1	1	1	1	1	1
sim.638.00114	none	1	1	1	1	1	1	1	1	1	1	1	1	1	2
sim.639.00114	none	1	1	0	0	0	0	0	0	0	1	1	1	1	1
sim.64.00114	none	0	0	0	0	0	0	0	0	0	2	2	2	2	2
sim.640.00114	none	1	1	0	1	1	1	1	1	1	0	0	1	2	1
sim.641.00114	none	0	1	2	2	2	2	2	2	2	1	1	1	1	1
sim.642.00114	none	0	0	0	0	0	0	0	0	0	1	1	1	1	1
sim.643.00114	none	1	1	1	2	1	1	2	2	2	0	0	1	1	1
sim.644.00114	none	1	1	1	1	1	1	1	1	1	2	1	1	1	1
sim.645.00114	none	2	2	2	2	2	2	2	2	2	2	2	1	1	1
sim.646.00114	none	2	2	1	1	1	1	1	1	1	0	0	0	0	0
sim.647.00114	none	0	0	1	1	1	1	3	1	1	1	1	2	1	1
sim.648.00114	none	0	0	0	0	0	0	0	0	0	2	1	1	1	2
sim.649.00114	none	1	1	1	1	1	1	1	1	1	1	1	1	1	1
sim.65.00114	none	1	1	2	2	2	2	2	2	2	0	0	0	0	0
sim.650.00114	none	1	1	1	1	1	1	1	1	1	0	0	0	0	0
sim.651.00114	none	1	1	1	1	1	1	1	1	1	1	1	1	0	1
sim.652.00114	none	1	2	1	1	1	1	1	1	2	2	0	1	1	1
sim.653.00114	none	1	1	1	1	1	1	1	1	0	0	0	0	0	0
sim.654.00114	none	1	1	1	1	1	1	1	1	1	1	1	2	1	1
sim.655.00114	none	1	1	1	1	1	1	1	1	1	0	1	1	1	1
sim.656.00114	none	0	1	1	0	1	1	1	1	1	1	1	1	1	1
sim.657.00114	none	1	2	1	1	1	1	1	1	1	0	1	1	1	1
sim.658.00114	none	0	0	1	1	1	1	1	1	1	1	1	1	1	1
sim.659.00114	none	1	1	1	1	2	1	1	1	1	1	1	1	1	1
sim.66.00114	none	1	2	1	1	1	1	1	1	1	0	0	0	0	0
sim.660.00114	none	1	1	2	2	2	2	2	1	1	2	1	1	1	1
sim.661.00114	none	0	0	0	0	0	0	0	0	0	1	1	1	1	1
sim.662.00114	none	1	1	2	2	1	1	1	1	1	1	1	1	1	1
sim.663.00114	none	1	2	1	1	1	1	1	1	1	1	1	1	1	1
sim.664.00114	none	1	0	1	1	0	0	0	1	1	1	1	1	1	1
sim.665.00114	none	2	1	1	2	2	2	2	2	1	1	1	1	0	1
sim.666.00114	none	0	0	0	0	0	0	0	0	0	1	1	1	1	1
sim.667.00114	none	1	3	1	1	1	1	1	1	1	1	1	1	1	1
sim.668.00114	none	1	1	2	3	3	3	2	2	2	1	1	1	1	1
sim.669.00114	none	1	1	1	1	1	1	1	1	1	0	0	1	1	1
sim.67.00114	none	0	0	1	1	1	1	1	1	1	1	1	2	1	1
sim.670.00114	none	3	4	3	4	3	2	3	3	3	1	2	1	0	0
sim.671.00114	none	1	1	1	1	1	0	1	1	1	1	1	1	1	1
sim.672.00114	none	1	1	1	1	1	1	1	1	1	0	0	1	1	1
sim.673.00114	none	0	0	0	0	0	0	0	0	0	1	1	0	1	1
sim.674.00114	none	1	1	1	1	1	1	1	1	1	1	1	1	1	1
sim.675.00114	none	1	1	1	1	1	1	1	0	1	0	0	0	0	0
sim.676.00114	none	1	1	1	1	1	1	1	1	1	0	0	0	0	0
sim.677.00114	none	1	1	0	1	1	1	1	1	1	1	0	1	1	1
sim.678.00114	none	1	1	1	1	1	1	1	1	1	0	0	0	0	0
sim.679.00114	none	2	2	1	2	3	3	2	2	2	0	0	0	0	0
sim.68.00114	none	1	1	1	1	1	1	1	0	0	1	1	1	1	1
sim.680.00114	none	1	1	1	0	1	1	1	1	1	2	1	0	0	0
sim.681.00114	none	1	1	1	1	1	1	1	2	1	2	4	0	1	2
sim.682.00114	none	1	1	0	0	0	0	0	1	1	3	3	2	2	3
sim.683.00114	none	2	2	2	2	2	2	2	3	2	2	2	1	1	1
sim.684.00114	none	1	0	2	2	3	3	2	1	2	3	5	4	3	3
sim.685.00114	none	1	2	1	1	2	2	1	1	1	1	1	1	0	0
sim.686.00114	none	2	1	2	1	1	1	1	1	1	1	1	1	0	1
sim.687.00114	none	1	1	1	1	1	1	1	1	1	1	2	1	1	2
sim.688.00114	none	1	1	1	2	2	2	1	1	1	1	1	1	1	1
sim.689.00114	none	1	1	1	1	2	2	1	1	1	0	0	0	0	0
sim.69.00114	none	0	1	1	1	1	1	1	1	1	0	0	1	1	1
sim.690.00114	none	2	1	1	0	1	1	1	1	1	0	0	0	0	0
sim.691.00114	none	1	1	1	1	1	1	1	1	1	1	1	2	1	1
sim.692.00114	none	2	1	2	2	2	2	2	2	2	1	1	1	1	1
sim.693.00114	none	1	1	1	1	1	1	1	1	1	0	0	0	0	0
sim.694.00114	none	2	0	1	1	1	1	1	1	2	1	1	2	2	2
sim.695.00114	none	1	1	1	1	1	1	1	1	1	0	0	0	0	0
sim.696.00114	none	0	0	0	0	0	0	0	0	0	1	1	1	1	1
sim.697.00114	none	1	1	2	1	1	1	1	1	1	1	1	1	1	1
sim.698.00114	none	1	1	1	1	1	1	1	1	1	1	1	2	2	2
sim.699.00114	none	1	1	1	1	1	1	1	1	1	0	0	0	0	0
sim.7.00114	none	1	2	1	3	2	2	2	1	1	1	1	1	1	1
sim.70.00114	none	0	0	0	0	0	0	0	0	0	1	1	1	1	1
sim.700.00114	none	0	1	1	1	1	1	1	1	1	2	2	1	3	3
sim.701.00114	none	0	0	0	0	0	0	0	0	0	3	2	4	3	3
sim.702.00114	none	1	1	1	1	1	1	1	1	1	1	1	1	1	1
sim.703.00114	none	6	5	4	4	5	5	4	4	4	1	1	1	1	1
sim.704.00114	none	2	3	2	2	2	2	2	2	3	1	1	1	1	1
sim.705.00114	none	1	1	1	1	1	1	1	1	1	2	2	2	2	3
sim.706.00114	none	0	0	1	2	1	1	1	0	1	1	1	1	1	1
sim.707.00114	none	3	3	4	4	6	5	5	3	3	2	2	3	3	3
sim.708.00114	none	0	0	0	0	0	0	0	0	0	2	2	2	3	2
sim.709.00114	none	2	2	2	2	2	2	1	2	2	1	1	1	0	0
sim.71.00114	none	1	1	1	1	1	1	1	1	1	1	2	4	4	4
sim.710.00114	none	1	1	1	1	1	1	1	1	1	0	0	0	0	0
sim.711.00114	none	4	2	2	1	2	1	2	2	2	0	0	1	3	2
sim.712.00114	none	1	1	1	1	1	1	1	1	1	1	1	1	2	2
sim.713.00114	none	1	0	0	0	0	0	0	1	2	2	2	2	2	3
sim.714.00114	none	1	1	1	1	1	1	1	1	1	1	1	3	3	3
sim.715.00114	none	1	1	1	1	1	1	1	1	1	4	5	1	1	1
sim.716.00114	none	1	1	0	1	1	1	1	1	1	1	1	3	1	2
sim.717.00114	none	1	1	1	1	1	1	1	1	1	1	0	1	1	1
sim.718.00114	none	2	2	2	2	2	2	2	2	2	1	2	1	1	1
sim.719.00114	none	1	1	0	1	1	1	1	1	1	0	0	1	1	1
sim.72.00114	none	1	1	1	2	1	1	1	0	0	1	1	1	1	1
sim.720.00114	none	1	1	0	1	1	1	1	1	1	1	2	1	1	1
sim.721.00114	none	0	1	1	3	1	1	1	1	1	1	1	1	1	1
sim.722.00114	none	1	1	1	1	1	1	1	1	1	2	2	1	2	2
sim.723.00114	none	0	1	1	1	1	1	1	1	2	2	3	1	2	2
sim.724.00114	none	2	2	1	0	1	1	1	1	1	1	1	1	1	1
sim.725.00114	none	1	1	2	2	2	2	2	2	2	0	1	1	1	1
sim.726.00114	none	2	2	3	2	2	2	2	2	2	3	2	6	4	4
sim.727.00114	none	0	0	1	2	2	2	2	2	2	1	2	1	0	0
sim.728.00114	none	1	1	0	0	0	0	0	0	0	1	1	1	1	1
sim.729.00114	none	1	1	1	1	1	1	1	1	1	0	0	0	0	0
sim.73.00114	none	0	0	1	1	1	1	1	1	1	1	1	1	1	1
sim.730.00114	none	3	3	2	3	1	2	3	2	2	2	1	1	0	2
sim.731.00114	none	2	2	3	2	4	4	3	2	2	0	0	1	1	1
sim.732.00114	none	0	0	0	0	0	0	0	0	0	2	2	1	3	1
sim.733.00114	none	3	1	2	2	3	2	2	1	1	3	2	2	2	2
sim.734.00114	none	2	1	1	1	1	1	2	1	1	0	0	0	0	0
sim.735.00114	none	0	0	0	0	0	0	0	0	0	1	1	1	1	1
sim.736.00114	none	1	1	1	1	1	1	1	1	1	0	0	1	1	1
sim.737.00114	none	1	1	1	1	1	1	1	1	1	0	0	0	0	0
sim.738.00114	none	2	2	3	3	3	3	3	1	3	1	1	1	1	1
sim.739.00114	none	1	1	1	1	1	1	1	1	1	1	1	0	0	0
sim.74.00114	none	2	1	1	2	2	2	1	2	2	2	2	2	1	1
sim.740.00114	none	1	1	2	2	2	2	2	3	2	1	1	1	1	1
sim.741.00114	none	0	0	0	0	0	0	0	0	0	1	1	1	1	1
sim.742.00114	none	1	1	0	1	1	1	1	1	1	1	1	1	1	1
sim.743.00114	none	1	1	1	1	0	1	1	2	1	0	0	3	2	2
sim.744.00114	none	1	1	1	1	1	1	1	1	1	0	0	1	1	1
sim.745.00114	none	2	1	2	2	2	2	2	1	2	1	3	1	1	1
sim.746.00114	none	0	0	0	0	0	0	0	0	0	1	1	2	0	1
sim.747.00114	none	2	1	1	1	2	1	1	1	1	0	1	1	1	1
sim.748.00114	none	1	1	1	1	1	1	1	1	1	1	0	3	1	1
sim.749.00114	none	0	0	0	0	0	0	0	0	0	2	1	1	1	1
sim.75.00114	none	1	1	1	2	1	1	1	1	1	1	1	1	2	1
sim.750.00114	none	1	1	1	1	1	1	1	2	1	1	1	1	1	1
sim.751.00114	none	1	1	1	1	1	1	1	1	1	1	1	1	0	2
sim.752.00114	none	1	1	1	1	2	2	2	0	1	3	4	4	4	4
sim.753.00114	none	1	1	1	1	1	1	1	1	1	1	1	1	1	1
sim.754.00114	none	1	1	1	1	1	1	1	1	1	1	1	1	0	1
sim.755.00114	none	1	2	1	2	1	1	1	1	1	1	0	1	1	1
sim.756.00114	none	1	1	1	1	1	1	1	0	0	0	0	0	0	0
sim.757.00114	none	0	0	0	0	0	0	0	0	0	1	1	1	2	1
sim.758.00114	none	1	1	1	1	1	1	1	1	1	2	2	2	1	1
sim.759.00114	none	3	3	2	1	2	2	2	2	2	2	2	0	0	0
sim.76.00114	none	0	0	0	0	0	0	0	0	0	1	1	1	1	1
sim.760.00114	none	1	1	1	1	1	1	1	1	1	0	0	1	3	1
sim.761.00114	none	1	1	1	2	1	1	1	1	1	0	2	0	1	1
sim.762.00114	none	1	1	2	1	1	1	1	1	1	1	1	1	0	0
sim.763.00114	none	1	1	2	2	2	2	2	3	2	1	1	2	2	3
sim.764.00114	none	2	2	4	2	2	2	2	2	3	1	1	1	1	1
sim.765.00114	none	1	1	1	1	1	1	1	1	1	1	1	0	0	0
sim.766.00114	none	0	0	0	0	0	0	0	0	0	1	1	1	1	1
sim.767.00114	none	0	0	0	0	0	0	0	0	0	1	0	1	1	1
sim.768.00114	none	2	1	0	1	1	1	1	0	1	2	2	2	0	1
sim.769.00114	none	1	1	0	1	2	2	2	1	1	1	1	3	3	3
sim.77.00114	none	1	1	2	2	3	2	2	2	2	1	1	1	1	1
sim.770.00114	none	0	0	2	1	1	1	1	1	1	0	1	1	1	1
sim.771.00114	none	4	3	3	3	3	3	3	3	3	0	0	0	0	0
sim.772.00114	none	1	1	1	1	1	1	1	0	0	1	1	1	1	1
sim.773.00114	none	1	1	1	1	1	1	1	1	1	1	1	0	0	0
sim.774.00114	none	3	3	2	2	2	2	2	3	2	1	1	1	0	0
sim.775.00114	none	0	2	1	1	1	1	1	1	1	0	0	0	0	0
sim.776.00114	none	1	1	1	3	2	2	2	1	1	1	1	1	2	1
sim.777.00114	none	1	1	1	1	1	1	1	1	1	2	1	2	3	2
sim.778.00114	none	1	1	1	1	1	2	2	1	1	1	1	1	0	0
sim.779.00114	none	1	1	1	1	1	1	1	1	0	0	0	1	1	1
sim.78.00114	none	1	1	1	1	1	1	1	1	1	1	1	0	0	0
sim.780.00114	none	1	1	0	1	1	1	1	1	1	1	1	1	1	1
sim.781.00114	none	1	1	1	1	1	1	1	1	1	0	1	1	1	1
sim.782.00114	none	1	1	1	1	0	0	1	1	1	1	2	1	1	1
sim.783.00114	none	1	0	1	2	1	1	1	1	1	2	3	0	0	0
sim.784.00114	none	1	1	1	1	1	1	1	1	1	2	2	1	1	1
sim.785.00114	none	0	0	0	0	0	0	0	0	0	1	1	2	1	1
sim.786.00114	none	1	2	1	1	1	1	1	1	1	1	2	1	1	1
sim.787.00114	none	2	3	1	1	1	1	1	1	1	1	1	2	1	1
sim.788.00114	none	1	1	1	1	1	1	1	1	1	1	1	1	1	0
sim.789.00114	none	1	1	1	1	1	1	1	1	1	0	1	1	1	1
sim.79.00114	none	1	1	1	1	1	1	1	1	1	1	1	0	0	0
sim.790.00114	none	2	1	1	1	1	1	1	1	1	1	1	1	1	1
sim.791.00114	none	0	0	1	1	1	1	1	1	1	1	1	1	1	1
sim.792.00114	none	1	1	1	1	1	1	1	1	1	0	0	0	0	0
sim.793.00114	none	1	1	1	1	1	1	1	1	1	2	2	2	1	1
sim.794.00114	none	1	1	1	1	1	1	1	1	1	2	2	1	2	1
sim.795.00114	none	1	1	1	1	1	1	1	0	1	0	0	2	1	1
sim.796.00114	none	3	2	3	4	4	4	3	3	3	0	1	1	1	1
sim.797.00114	none	1	1	1	1	1	1	1	1	1	1	2	2	1	1
sim.798.00114	none	1	1	2	1	1	1	1	1	1	1	1	1	1	1
sim.799.00114	none	2	2	2	2	2	2	2	2	2	1	1	1	1	1
sim.8.00114	none	0	0	1	1	2	1	1	1	1	1	1	1	1	2
sim.80.00114	none	0	0	0	0	0	0	0	0	0	1	2	1	1	0
sim.800.00114	none	2	3	3	2	2	2	2	3	3	1	1	1	2	1
sim.801.00114	none	1	1	1	1	1	1	1	1	1	0	1	1	1	1
sim.802.00114	none	3	3	3	3	3	3	2	3	3	1	1	0	2	1
sim.803.00114	none	0	0	0	0	0	0	0	0	0	2	2	1	0	0
sim.804.00114	none	1	1	1	1	1	1	1	1	1	0	0	1	1	1
sim.805.00114	none	1	1	1	1	1	1	1	1	1	1	2	1	1	1
sim.806.00114	none	2	2	1	2	3	3	3	2	2	1	1	1	1	2
sim.807.00114	none	1	1	1	1	1	1	1	1	1	2	1	1	1	1
sim.808.00114	none	1	1	1	1	1	1	1	1	1	1	1	2	1	1
sim.809.00114	none	2	1	0	1	1	1	1	1	1	0	0	0	0	0
sim.81.00114	none	2	1	1	1	2	1	1	1	1	4	2	2	2	2
sim.810.00114	none	1	1	1	1	1	1	1	1	1	1	1	1	1	1
sim.811.00114	none	1	0	1	0	1	1	1	1	1	1	1	1	1	2
sim.812.00114	none	1	1	1	0	1	1	1	1	1	1	1	1	0	0
sim.813.00114	none	1	1	0	1	0	0	2	1	2	0	1	1	1	1
sim.814.00114	none	1	1	1	1	1	1	1	2	2	0	1	2	1	1
sim.815.00114	none	0	0	1	1	1	1	1	1	1	0	0	0	0	0
sim.816.00114	none	1	1	1	1	0	0	1	1	1	0	0	0	0	0
sim.817.00114	none	2	2	2	2	2	2	2	2	2	1	1	2	1	1
sim.818.00114	none	1	3	1	1	1	1	1	1	1	0	0	2	2	2
sim.819.00114	none	1	2	2	1	2	2	2	3	3	1	1	1	1	1
sim.82.00114	none	1	0	1	0	1	1	1	1	1	2	2	1	3	3
sim.820.00114	none	1	0	1	1	1	1	1	1	1	1	1	1	1	1
sim.821.00114	none	2	2	1	2	1	1	1	2	2	1	1	1	1	1
sim.822.00114	none	1	1	1	1	1	1	1	1	1	1	1	1	1	1
sim.823.00114	none	0	0	1	2	1	1	1	1	1	3	4	2	1	1
sim.824.00114	none	2	2	2	2	2	2	1	3	3	1	1	1	2	2
sim.825.00114	none	1	1	1	1	1	1	1	2	2	1	1	1	0	0
sim.826.00114	none	1	1	1	1	2	1	1	1	1	1	1	2	2	2
sim.827.00114	none	0	0	0	0	0	0	0	0	0	1	2	1	1	1
sim.828.00114	none	2	1	3	3	2	3	4	3	4	0	1	2	1	1
sim.829.00114	none	3	1	1	1	1	1	1	1	1	1	1	2	1	1
sim.83.00114	none	1	1	1	1	1	1	1	1	1	0	0	2	2	3
sim.830.00114	none	1	1	1	1	2	2	1	1	1	1	1	0	0	0
sim.831.00114	none	1	1	0	1	1	2	0	1	1	0	0	0	0	0
sim.832.00114	none	1	1	1	1	1	1	1	1	1	1	1	2	2	1
sim.833.00114	none	1	1	2	2	2	0	2	1	1	2	1	1	1	1
sim.834.00114	none	1	1	2	1	1	1	1	1	1	2	1	3	3	3
sim.835.00114	none	1	1	1	1	1	1	1	1	1	1	1	1	1	2
sim.836.00114	none	1	1	1	1	1	1	1	1	1	0	0	0	0	0
sim.837.00114	none	1	1	1	1	1	1	1	1	1	1	1	1	1	1
sim.838.00114	none	1	1	1	2	0	0	0	1	1	1	1	1	1	1
sim.839.00114	none	1	1	1	1	1	1	1	2	2	0	0	0	0	0
sim.84.00114	none	1	1	1	1	1	1	1	1	1	1	1	1	2	1
sim.840.00114	none	1	1	1	1	1	1	1	1	1	1	1	1	1	1
sim.841.00114	none	2	3	2	2	3	3	1	1	2	1	1	1	1	1
sim.842.00114	none	1	1	1	1	1	1	1	0	1	2	2	2	2	2
sim.843.00114	none	1	1	1	1	1	1	1	1	1	1	1	1	1	1
sim.844.00114	none	1	0	2	1	1	1	1	1	1	1	1	1	1	0
sim.845.00114	none	2	2	2	3	3	2	2	2	2	2	2	1	2	2
sim.846.00114	none	1	1	1	1	2	2	0	1	1	2	1	2	3	3
sim.847.00114	none	1	1	1	1	1	1	1	1	1	3	4	1	1	1
sim.848.00114	none	1	1	1	1	1	1	1	1	1	2	3	2	2	2
sim.849.00114	none	0	0	0	0	0	0	0	0	0	1	1	1	1	1
sim.85.00114	none	1	3	1	1	1	1	1	1	1	1	1	1	0	1
sim.850.00114	none	1	1	1	1	1	1	1	0	1	1	1	0	0	0
sim.851.00114	none	3	3	4	3	4	4	4	4	4	1	1	1	1	1
sim.852.00114	none	1	1	1	1	1	1	1	1	1	2	1	1	1	1
sim.853.00114	none	1	1	1	1	1	2	1	1	1	1	0	0	1	1
sim.854.00114	none	1	1	0	1	1	1	1	1	1	1	0	1	1	1
sim.855.00114	none	0	0	1	1	1	1	2	1	1	0	0	1	1	1
sim.856.00114	none	1	1	1	1	1	1	1	1	1	2	2	1	0	0
sim.857.00114	none	2	2	1	2	2	2	1	2	2	1	2	0	1	1
sim.858.00114	none	1	1	1	1	1	1	1	1	1	3	4	1	2	2
sim.859.00114	none	1	1	1	1	1	2	1	1	1	1	1	1	1	1
sim.86.00114	none	1	2	2	2	2	2	2	2	2	1	0	1	1	2
sim.860.00114	none	1	1	1	1	1	1	0	1	0	3	2	0	0	0
sim.861.00114	none	1	1	2	2	2	2	2	2	2	0	0	0	0	0
sim.862.00114	none	1	1	1	1	1	1	1	1	2	0	0	0	0	0
sim.863.00114	none	1	1	1	1	1	1	1	1	1	3	2	3	2	2
sim.864.00114	none	0	1	1	0	1	1	1	1	1	1	1	0	1	1
sim.865.00114	none	1	0	1	1	1	1	1	1	0	0	0	0	0	0
sim.866.00114	none	1	1	1	1	1	1	1	1	1	1	1	0	0	0
sim.867.00114	none	1	1	1	1	1	1	1	1	1	1	1	1	1	1
sim.868.00114	none	2	3	0	0	0	0	0	0	0	1	1	1	1	1
sim.869.00114	none	0	2	1	1	1	1	1	1	1	1	1	1	0	0
sim.87.00114	none	2	1	4	2	1	1	1	3	2	2	3	2	2	2
sim.870.00114	none	2	1	1	1	1	1	0	1	1	0	0	0	0	0
sim.871.00114	none	1	2	1	1	1	1	1	1	1	0	1	1	1	1
sim.872.00114	none	1	1	1	1	1	1	1	1	1	5	3	2	2	2
sim.873.00114	none	1	0	3	3	5	5	3	2	2	0	0	0	0	0
sim.874.00114	none	2	1	1	1	1	1	1	1	1	1	1	2	2	1
sim.875.00114	none	1	1	0	1	2	1	1	1	1	1	2	2	2	2
sim.876.00114	none	1	1	1	1	1	1	1	1	1	1	1	1	1	1
sim.877.00114	none	1	1	1	1	1	1	1	1	1	1	1	2	2	2
sim.878.00114	none	1	1	1	1	1	1	1	1	1	2	1	1	1	1
sim.879.00114	none	1	1	1	1	1	1	1	3	3	1	0	1	1	0
sim.88.00114	none	0	0	0	0	0	0	0	0	0	1	1	1	1	1
sim.880.00114	none	1	2	0	0	0	0	0	0	0	1	1	1	1	1
sim.881.00114	none	0	0	1	1	1	1	1	2	1	0	0	0	2	2
sim.882.00114	none	0	0	0	0	0	0	0	0	0	1	1	1	1	1
sim.883.00114	none	2	2	3	2	1	2	3	2	2	1	1	0	0	0
sim.884.00114	none	1	1	1	1	1	1	1	1	1	1	1	1	1	1
sim.885.00114	none	1	1	1	1	1	1	1	1	1	1	1	1	1	1
sim.886.00114	none	1	1	0	1	1	1	1	1	1	2	2	1	2	2
sim.887.00114	none	1	1	1	1	1	1	1	1	1	1	1	0	0	0
sim.888.00114	none	0	1	1	0	1	1	1	1	1	1	1	2	1	1
sim.889.00114	none	0	0	0	0	0	0	0	0	0	1	1	0	1	1
sim.89.00114	none	2	1	1	1	2	2	2	1	2	1	1	1	1	1
sim.890.00114	none	1	1	1	1	1	1	1	1	1	1	1	1	1	1
sim.891.00114	none	3	3	3	4	3	3	3	3	2	1	1	1	2	2
sim.892.00114	none	2	2	2	3	3	3	3	3	3	1	1	1	1	1
sim.893.00114	none	1	2	2	1	1	1	1	2	2	2	1	2	3	3
sim.894.00114	none	2	1	1	1	1	1	1	1	1	3	3	1	0	0
sim.895.00114	none	1	1	1	1	0	1	1	1	1	0	0	0	0	0
sim.896.00114	none	2	2	1	2	1	1	1	1	1	1	1	0	1	1
sim.897.00114	none	0	0	0	0	0	0	0	0	0	1	1	1	1	1
sim.898.00114	none	2	4	1	1	1	1	1	1	1	1	1	1	1	1
sim.899.00114	none	0	1	1	1	1	1	1	1	1	0	1	1	1	1
sim.9.00114	none	1	1	2	1	1	1	1	1	1	2	1	1	1	1
sim.90.00114	none	1	1	1	1	1	0	1	1	1	2	2	1	1	1
sim.900.00114	none	1	0	1	1	1	1	1	1	1	1	1	1	1	1
sim.901.00114	none	1	1	1	1	1	1	3	1	0	1	1	1	1	1
sim.902.00114	none	0	1	1	1	1	1	1	1	1	1	1	1	2	2
sim.903.00114	none	0	0	1	1	1	1	1	1	1	1	2	1	2	2
sim.904.00114	none	0	1	1	1	1	1	1	1	1	2	2	0	1	1
sim.905.00114	none	0	0	1	0	1	1	1	1	1	1	2	1	1	2
sim.906.00114	none	1	1	1	2	2	2	2	1	1	2	1	1	1	1
sim.907.00114	none	1	2	2	2	2	2	2	2	3	1	1	1	1	2
sim.908.00114	none	1	1	0	0	0	0	0	0	0	1	1	1	1	1
sim.909.00114	none	1	1	1	1	1	1	1	1	1	0	1	1	1	1
sim.91.00114	none	1	1	1	1	0	0	0	1	1	2	3	4	3	3
sim.910.00114	none	1	1	1	1	2	1	1	1	1	2	2	1	1	1
sim.911.00114	none	2	2	3	3	3	3	3	3	3	1	1	1	1	1
sim.912.00114	none	1	1	1	1	1	1	1	1	1	0	1	2	2	2
sim.913.00114	none	1	1	1	1	1	1	1	1	1	1	1	1	1	1
sim.914.00114	none	0	0	0	0	0	0	0	0	0	1	1	1	1	1
sim.915.00114	none	1	1	1	1	1	1	1	1	1	0	0	1	1	1
sim.916.00114	none	1	1	1	1	0	1	1	1	1	1	1	1	1	1
sim.917.00114	none	3	3	2	2	2	2	2	2	2	0	0	2	1	1
sim.918.00114	none	2	4	1	1	1	1	1	1	1	1	2	1	1	1
sim.919.00114	none	1	1	1	1	1	1	1	1	1	1	1	1	1	1
sim.92.00114	none	4	3	2	1	2	2	2	2	2	1	1	1	1	1
sim.920.00114	none	1	1	1	1	1	1	1	1	1	1	1	1	0	1
sim.921.00114	none	0	0	0	0	0	0	0	0	0	1	1	0	1	1
sim.922.00114	none	0	0	0	0	0	0	0	0	0	1	1	1	0	1
sim.923.00114	none	1	1	1	1	1	1	1	2	1	1	2	2	1	1
sim.924.00114	none	1	1	1	1	1	1	1	1	1	3	3	2	4	3
sim.925.00114	none	1	1	1	0	1	1	1	1	0	0	0	0	0	0
sim.926.00114	none	3	3	5	8	6	8	6	3	2	2	1	1	1	1
sim.927.00114	none	1	1	1	0	1	1	1	1	0	0	2	1	1	1
sim.928.00114	none	1	1	1	1	1	1	1	1	1	2	1	1	1	0
sim.929.00114	none	0	0	0	0	0	0	0	0	0	1	1	0	1	1
sim.93.00114	none	1	1	1	1	1	1	1	1	1	3	2	1	0	1
sim.930.00114	none	0	0	0	0	0	0	0	0	0	1	1	2	1	1
sim.931.00114	none	1	1	1	1	1	1	1	1	1	1	1	0	1	1
sim.932.00114	none	2	2	3	3	2	2	2	2	2	1	2	1	1	1
sim.933.00114	none	0	0	0	0	0	0	0	0	0	1	1	1	1	1
sim.934.00114	none	1	1	1	1	1	1	1	1	1	3	2	3	2	2
sim.935.00114	none	1	1	1	1	1	1	1	1	1	1	1	1	1	1
sim.936.00114	none	1	1	1	1	1	1	1	1	1	2	2	2	1	1
sim.937.00114	none	1	1	1	1	1	1	1	1	1	1	1	1	1	1
sim.938.00114	none	1	0	2	0	1	1	1	1	1	1	1	2	2	1
sim.939.00114	none	1	1	1	1	1	1	1	1	1	1	1	0	0	0
sim.94.00114	none	1	1	1	1	1	1	1	1	1	1	1	2	2	2
sim.940.00114	none	0	0	0	0	0	0	0	0	0	1	1	2	2	2
sim.941.00114	none	0	0	1	1	1	1	1	0	0	2	1	0	1	1
sim.942.00114	none	1	1	1	1	1	1	0	1	1	1	1	1	1	1
sim.943.00114	none	1	1	1	1	1	1	1	1	1	0	0	0	0	0
sim.944.00114	none	1	1	1	1	1	1	1	2	2	1	1	2	1	1
sim.945.00114	none	0	0	1	1	1	1	1	1	1	0	0	1	1	1
sim.946.00114	none	1	0	0	1	1	1	1	1	1	1	0	1	1	1
sim.947.00114	none	1	1	1	1	1	1	1	1	1	1	1	2	1	1
sim.948.00114	none	0	0	0	0	0	0	0	0	0	1	0	2	1	1
sim.949.00114	none	1	1	1	1	1	1	1	1	1	4	1	2	2	2
sim.95.00114	none	0	1	1	1	1	1	1	1	1	2	1	2	1	1
sim.950.00114	none	3	3	3	2	3	3	2	2	2	0	0	0	0	0
sim.951.00114	none	0	1	1	1	1	1	1	1	1	1	1	0	0	0
sim.952.00114	none	4	3	4	4	4	4	4	3	3	0	0	1	1	1
sim.953.00114	none	0	0	0	0	0	0	0	0	0	4	3	5	5	5
sim.954.00114	none	4	4	4	2	3	3	3	4	4	0	0	1	2	2
sim.955.00114	none	1	1	1	1	1	1	1	1	1	1	1	1	1	1
sim.956.00114	none	1	1	1	2	2	2	2	0	1	0	0	0	0	0
sim.957.00114	none	1	2	0	1	1	1	1	1	0	0	0	0	0	0
sim.958.00114	none	0	0	1	1	1	1	1	1	1	1	2	1	2	2
sim.959.00114	none	1	1	1	3	1	1	1	1	1	0	0	0	0	0
sim.96.00114	none	1	1	1	1	1	1	1	1	1	1	1	1	1	1
sim.960.00114	none	1	1	2	2	3	2	2	2	2	0	0	0	0	0
sim.961.00114	none	1	1	1	1	1	1	1	1	1	1	1	1	1	1
sim.962.00114	none	1	1	1	1	1	1	1	1	0	0	0	0	0	0
sim.963.00114	none	1	1	1	1	1	1	1	1	1	0	0	1	1	1
sim.964.00114	none	2	2	2	2	1	1	1	2	2	0	1	1	2	2
sim.965.00114	none	0	1	1	1	1	1	1	1	1	3	4	4	4	3
sim.966.00114	none	2	3	2	3	3	3	3	3	3	1	1	1	1	1
sim.967.00114	none	1	1	1	1	1	1	1	1	1	2	2	1	0	1
sim.968.00114	none	0	0	0	0	0	0	0	0	0	1	1	1	1	1
sim.969.00114	none	1	2	1	1	1	1	1	0	0	0	0	1	1	1
sim.97.00114	none	1	1	1	1	1	1	1	1	1	1	1	1	1	1
sim.970.00114	none	3	2	1	0	0	0	0	1	1	1	1	1	1	1
sim.971.00114	none	0	0	0	0	0	0	0	0	0	2	5	1	2	2
sim.972.00114	none	1	0	1	1	0	1	1	1	1	3	4	3	3	3
sim.973.00114	none	2	1	1	1	1	1	1	1	1	1	1	1	0	2
sim.974.00114	none	1	1	1	1	1	1	1	1	1	1	1	1	1	1
sim.975.00114	none	1	0	1	1	1	1	1	1	1	1	3	1	2	1
sim.976.00114	none	2	1	2	2	2	2	2	1	1	0	0	1	1	1
sim.977.00114	none	0	0	0	0	0	0	0	0	0	1	1	1	1	1
sim.978.00114	none	2	2	1	3	2	2	2	2	1	1	3	1	1	1
sim.979.00114	none	1	1	1	0	0	0	0	1	1	0	0	0	0	0
sim.98.00114	none	1	1	1	1	1	1	1	1	1	1	1	1	1	1
sim.980.00114	none	2	1	3	1	2	2	1	2	2	1	1	1	1	1
sim.981.00114	none	1	1	1	1	1	1	1	1	1	1	1	1	1	1
sim.982.00114	none	0	0	1	1	0	0	0	1	1	1	0	1	1	1
sim.983.00114	none	1	1	0	1	1	1	1	1	1	2	1	1	1	1
sim.984.00114	none	1	1	1	1	1	1	1	2	1	1	1	0	1	1
sim.985.00114	none	1	1	1	1	1	1	1	1	1	1	2	1	1	2
sim.986.00114	none	0	0	0	0	0	0	0	0	0	1	1	1	1	1
sim.987.00114	none	2	2	2	2	2	2	2	2	2	1	1	2	2	2
sim.988.00114	none	1	2	1	1	1	1	1	1	1	2	2	2	3	3
sim.989.00114	none	0	0	0	0	0	0	0	0	0	1	1	1	1	1
sim.99.00114	none	0	0	0	0	0	0	0	0	0	1	1	1	1	1
sim.990.00114	none	1	1	1	1	1	1	1	1	1	1	1	1	1	1
sim.991.00114	none	1	1	1	1	1	1	1	1	1	1	1	1	1	1
sim.992.00114	none	1	1	1	1	1	1	1	1	1	1	1	0	0	0
sim.993.00114	none	6	4	2	1	2	2	2	2	4	1	1	0	0	0
sim.994.00114	none	0	0	1	1	1	1	1	2	1	0	1	1	1	1
sim.995.00114	none	1	1	2	1	1	1	1	1	1	0	0	1	0	1
sim.996.00114	none	0	0	1	1	1	1	1	1	3	1	1	1	0	0
sim.997.00114	none	1	1	2	3	3	3	3	2	2	0	0	0	0	0
sim.998.00114	none	2	2	2	1	2	2	2	2	2	0	0	1	1	1
sim.999.00114	none	1	1	1	1	1	1	1	1	1	0	2	1	1	1
