OGS	desc	musDom	gloMor	droWil	droPse	droYak	droMel	droAna	droVir	droMoj	culQui	aedAeg	anoDar	anoSte	anoGam
sim.0.005	none	0	2	1	5	5	5	4	2	3	0	0	0	0	0
sim.1.005	none	0	0	3	1	1	1	1	0	0	1	1	2	1	0
sim.10.005	none	0	2	1	0	1	1	0	0	1	2	2	3	5	5
sim.100.005	none	1	3	2	1	1	1	1	0	0	0	0	3	3	3
sim.101.005	none	0	0	0	0	0	0	0	0	0	1	1	1	1	1
sim.102.005	none	2	2	4	3	2	1	2	3	3	0	0	0	0	0
sim.103.005	none	1	1	1	0	1	1	1	1	1	0	0	0	0	0
sim.104.005	none	0	0	0	0	0	0	0	0	0	2	1	0	1	1
sim.105.005	none	0	0	0	0	0	0	0	0	0	1	0	2	1	1
sim.106.005	none	0	0	0	0	0	0	0	0	0	2	3	3	3	3
sim.107.005	none	0	0	0	0	0	0	0	0	0	0	0	3	4	1
sim.108.005	none	0	0	0	0	0	0	0	0	0	3	7	4	6	6
sim.109.005	none	2	1	1	1	1	1	1	1	1	2	1	1	1	2
sim.11.005	none	0	1	1	1	1	1	1	2	2	4	2	6	3	3
sim.110.005	none	1	1	4	1	1	1	1	2	2	1	2	1	1	1
sim.111.005	none	10	2	2	5	4	4	4	4	5	3	1	1	1	1
sim.112.005	none	2	2	0	1	3	2	1	0	3	2	2	2	1	1
sim.113.005	none	0	0	0	0	0	0	0	0	0	0	0	1	3	1
sim.114.005	none	1	1	3	6	4	4	5	3	4	2	1	1	5	3
sim.115.005	none	1	0	1	0	1	0	1	1	1	0	0	0	0	0
sim.116.005	none	2	2	1	2	0	0	0	0	0	1	2	0	0	0
sim.117.005	none	0	0	0	0	0	0	0	0	0	2	2	0	1	1
sim.118.005	none	1	1	0	0	0	0	0	0	0	1	1	0	0	0
sim.119.005	none	0	0	0	0	0	0	0	0	0	4	1	2	4	1
sim.12.005	none	1	1	2	1	2	2	2	1	1	2	0	1	0	1
sim.120.005	none	3	2	1	1	2	2	1	2	3	0	0	0	0	0
sim.121.005	none	0	2	2	3	4	4	3	2	1	0	0	0	0	0
sim.122.005	none	1	1	0	0	0	0	0	0	0	2	3	6	7	5
sim.123.005	none	1	1	1	0	1	1	2	1	1	0	0	0	0	0
sim.124.005	none	1	2	1	0	0	0	1	1	1	0	0	0	1	0
sim.125.005	none	1	2	1	1	1	1	1	0	0	2	0	5	4	3
sim.126.005	none	1	1	0	1	1	1	2	2	1	2	3	0	1	2
sim.127.005	none	1	3	2	3	2	2	2	6	5	3	2	0	0	0
sim.128.005	none	7	5	10	7	9	8	8	5	5	0	0	0	0	0
sim.129.005	none	4	6	2	0	0	0	0	0	1	0	2	0	1	2
sim.13.005	none	0	0	0	0	0	0	0	0	0	1	1	4	1	2
sim.130.005	none	2	1	1	0	1	1	1	1	0	1	1	1	2	1
sim.131.005	none	0	0	2	1	1	0	0	1	1	2	0	0	0	0
sim.132.005	none	0	0	0	0	0	0	0	1	2	1	1	0	0	0
sim.133.005	none	1	0	1	2	1	1	1	1	1	0	1	0	1	1
sim.134.005	none	2	2	3	6	4	4	5	4	4	0	0	0	0	0
sim.135.005	none	2	1	0	0	2	2	2	2	2	1	6	1	1	1
sim.136.005	none	0	0	0	0	0	0	0	0	0	1	5	1	0	1
sim.137.005	none	2	2	1	1	1	1	1	2	0	0	0	0	0	0
sim.138.005	none	4	6	3	3	2	2	4	3	3	5	3	4	3	3
sim.139.005	none	0	0	0	0	0	0	0	0	0	4	7	1	0	1
sim.14.005	none	1	1	2	1	2	3	2	2	1	1	1	4	4	1
sim.140.005	none	1	0	1	1	1	1	2	1	1	1	1	0	0	0
sim.141.005	none	1	1	3	1	3	3	2	1	3	0	0	0	0	0
sim.142.005	none	3	1	1	1	1	1	1	0	0	1	2	0	0	0
sim.143.005	none	0	0	3	1	2	2	1	1	2	4	2	1	2	1
sim.144.005	none	2	1	3	1	1	1	1	2	2	0	0	1	1	0
sim.145.005	none	0	0	1	1	1	1	1	0	0	2	0	0	1	1
sim.146.005	none	1	1	2	0	1	1	1	2	2	1	1	0	0	0
sim.147.005	none	0	0	0	0	0	0	0	0	0	4	1	0	0	0
sim.148.005	none	0	0	0	1	1	1	1	1	1	1	3	0	0	0
sim.149.005	none	0	0	0	0	0	0	0	0	0	3	2	0	0	0
sim.15.005	none	0	0	0	0	0	0	0	0	0	3	4	4	4	4
sim.150.005	none	0	0	0	0	0	0	0	0	0	1	2	4	2	2
sim.151.005	none	1	2	2	1	1	1	1	1	2	0	1	3	1	1
sim.152.005	none	0	0	0	0	0	0	0	0	0	1	0	1	2	1
sim.153.005	none	3	3	2	5	1	1	3	4	3	4	6	6	4	4
sim.154.005	none	0	0	0	0	0	0	0	0	0	2	1	0	1	1
sim.155.005	none	2	4	2	3	3	3	4	2	2	0	0	0	0	0
sim.156.005	none	0	0	0	0	0	0	0	0	0	2	2	3	4	3
sim.157.005	none	3	4	2	7	5	4	6	4	5	4	1	1	2	2
sim.158.005	none	0	1	1	1	1	1	1	1	0	0	0	0	0	0
sim.159.005	none	1	1	1	1	1	1	1	0	1	0	0	0	0	0
sim.16.005	none	0	0	0	0	0	0	0	0	0	0	0	1	2	3
sim.160.005	none	1	0	0	0	0	0	0	0	0	2	2	3	5	3
sim.161.005	none	2	1	1	1	1	1	1	0	0	0	0	0	0	0
sim.162.005	none	3	2	1	2	2	2	1	3	4	3	2	2	2	2
sim.163.005	none	0	0	0	0	0	0	0	0	0	2	2	2	10	10
sim.164.005	none	4	2	3	2	2	2	2	2	2	2	0	0	0	0
sim.165.005	none	2	1	1	2	1	1	1	1	1	1	1	0	0	0
sim.166.005	none	1	1	2	0	1	1	1	1	1	0	0	1	1	1
sim.167.005	none	0	0	0	0	0	0	0	0	0	0	0	2	1	4
sim.168.005	none	1	0	1	0	2	1	1	2	2	0	0	0	0	0
sim.169.005	none	1	0	3	3	6	4	3	3	3	5	4	2	2	2
sim.17.005	none	3	2	2	2	4	3	5	3	2	0	0	0	0	0
sim.170.005	none	0	0	0	0	0	0	0	0	0	3	1	3	4	8
sim.171.005	none	0	0	0	2	0	1	1	1	1	0	0	0	0	0
sim.172.005	none	0	0	0	0	0	0	0	0	0	0	4	0	0	0
sim.173.005	none	0	0	1	3	1	2	2	0	0	1	0	0	0	0
sim.174.005	none	1	1	2	2	2	2	2	2	3	0	0	0	0	0
sim.175.005	none	1	1	1	0	1	1	1	2	2	2	0	0	2	1
sim.176.005	none	1	1	6	4	4	4	4	7	5	0	0	0	0	0
sim.177.005	none	3	1	1	3	2	2	2	4	4	0	0	0	0	0
sim.178.005	none	1	2	2	3	4	3	3	2	3	0	0	0	0	0
sim.179.005	none	0	1	1	0	1	1	3	0	1	1	1	0	1	1
sim.18.005	none	3	3	4	3	4	4	5	3	3	0	0	0	0	0
sim.180.005	none	4	8	7	3	6	5	5	4	6	1	2	1	0	0
sim.181.005	none	1	2	1	2	1	2	2	2	3	0	0	0	0	0
sim.182.005	none	0	0	0	0	0	0	0	0	0	1	1	2	0	1
sim.183.005	none	1	1	1	1	1	1	1	1	1	1	1	1	2	2
sim.184.005	none	0	0	0	0	0	0	0	0	0	2	4	5	3	4
sim.185.005	none	0	0	0	0	0	0	0	0	0	0	1	1	3	0
sim.186.005	none	0	0	0	0	0	0	0	0	0	1	2	2	1	1
sim.187.005	none	1	0	0	0	0	0	0	0	0	3	0	5	3	2
sim.188.005	none	0	0	0	0	0	0	0	0	0	3	6	0	1	0
sim.189.005	none	6	5	4	3	2	2	0	3	4	2	1	4	2	2
sim.19.005	none	0	0	0	0	0	0	0	0	0	3	0	2	1	0
sim.190.005	none	0	0	2	1	1	1	1	2	3	0	0	0	0	0
sim.191.005	none	1	0	1	2	1	1	1	1	2	0	0	0	0	0
sim.192.005	none	1	1	2	1	1	1	1	2	1	1	3	0	0	1
sim.193.005	none	0	0	0	0	0	0	0	0	0	4	1	1	1	1
sim.194.005	none	0	0	0	0	0	0	0	0	0	1	1	0	2	2
sim.195.005	none	1	1	0	1	1	1	1	2	1	1	1	1	1	2
sim.196.005	none	1	1	4	2	4	4	3	5	4	3	5	2	3	3
sim.197.005	none	1	1	1	2	1	1	1	2	1	0	0	0	0	0
sim.198.005	none	0	0	0	0	0	0	0	0	0	0	0	2	2	2
sim.199.005	none	0	1	1	2	2	2	2	0	1	2	3	0	0	0
sim.2.005	none	0	0	2	5	3	4	2	4	2	0	0	0	0	0
sim.20.005	none	1	1	2	0	1	1	2	1	0	0	0	0	0	0
sim.200.005	none	0	0	0	0	0	0	0	0	0	1	2	1	1	1
sim.201.005	none	0	0	2	1	1	1	1	2	2	1	1	1	2	2
sim.202.005	none	2	0	2	1	0	0	0	2	2	1	1	2	2	2
sim.203.005	none	0	0	0	0	0	0	0	0	0	1	1	2	1	2
sim.204.005	none	0	0	1	1	0	0	0	2	1	0	0	0	0	0
sim.205.005	none	4	3	3	1	2	2	2	2	3	3	2	3	4	4
sim.206.005	none	0	0	2	3	2	2	5	2	2	0	1	0	0	0
sim.207.005	none	0	0	0	0	0	0	0	0	0	0	0	4	2	3
sim.208.005	none	0	0	1	2	1	1	1	1	1	4	6	1	1	1
sim.209.005	none	2	2	0	0	1	1	1	1	1	1	0	1	0	0
sim.21.005	none	4	5	3	2	2	2	1	2	2	0	0	0	0	0
sim.210.005	none	1	1	0	1	3	3	2	1	1	0	0	0	0	0
sim.211.005	none	0	0	0	0	0	0	0	0	0	1	1	0	1	1
sim.212.005	none	1	0	3	1	7	5	4	1	1	0	0	0	0	0
sim.213.005	none	2	1	0	1	1	2	1	1	1	0	0	0	0	0
sim.214.005	none	4	1	7	3	2	5	4	1	2	0	0	0	0	0
sim.215.005	none	1	1	0	0	0	0	0	2	2	0	0	0	0	0
sim.216.005	none	0	0	0	0	0	0	0	0	0	1	3	1	1	1
sim.217.005	none	3	4	3	3	2	2	2	4	5	1	1	0	1	1
sim.218.005	none	2	3	3	3	2	2	1	3	4	0	0	0	0	0
sim.219.005	none	5	4	3	5	4	5	6	5	8	10	15	7	6	4
sim.22.005	none	1	1	2	2	3	3	3	0	1	1	0	1	0	0
sim.220.005	none	0	0	0	0	0	0	0	0	0	1	7	5	4	5
sim.221.005	none	2	1	5	3	2	2	3	2	3	1	3	1	0	0
sim.222.005	none	0	0	0	0	0	0	0	0	0	0	2	1	4	5
sim.223.005	none	6	5	6	4	6	5	5	7	8	0	0	1	4	4
sim.224.005	none	2	1	0	0	0	0	0	0	0	3	1	0	4	4
sim.225.005	none	1	1	2	1	1	1	2	0	1	0	0	0	0	0
sim.226.005	none	0	0	0	1	1	1	1	1	2	0	0	0	0	0
sim.227.005	none	1	1	2	1	1	1	1	1	1	0	1	1	1	1
sim.228.005	none	3	4	5	5	6	7	7	8	6	2	2	5	6	6
sim.229.005	none	3	1	1	1	0	0	0	0	1	0	0	0	0	0
sim.23.005	none	4	3	1	2	2	2	1	2	2	2	5	1	1	3
sim.230.005	none	0	0	0	0	0	0	0	0	0	8	5	0	0	0
sim.231.005	none	1	1	5	1	2	2	3	2	2	0	0	1	2	1
sim.232.005	none	1	0	1	1	1	0	1	1	1	0	0	0	0	0
sim.233.005	none	0	0	1	0	1	1	1	1	1	0	0	1	2	2
sim.234.005	none	2	1	1	1	1	1	0	2	2	3	1	3	4	2
sim.235.005	none	3	3	2	3	1	1	1	2	2	0	0	0	0	0
sim.236.005	none	5	4	6	6	6	6	7	6	6	0	0	0	0	0
sim.237.005	none	0	0	0	0	0	0	0	0	0	1	1	2	3	1
sim.238.005	none	0	0	0	0	0	0	0	0	0	3	1	4	2	0
sim.239.005	none	2	2	1	1	1	1	1	1	1	1	1	7	4	5
sim.24.005	none	4	5	4	4	5	5	6	4	3	1	5	0	0	0
sim.240.005	none	2	3	2	3	2	3	3	2	3	0	0	1	7	5
sim.241.005	none	0	0	1	2	2	2	2	4	3	1	1	0	0	0
sim.242.005	none	2	4	3	2	2	2	2	2	1	0	0	2	2	2
sim.243.005	none	2	3	4	3	1	1	2	4	4	1	1	0	0	0
sim.244.005	none	0	0	2	1	1	1	1	1	1	0	0	0	0	0
sim.245.005	none	0	0	0	0	0	0	0	0	0	3	1	2	0	0
sim.246.005	none	0	0	0	0	0	0	0	0	0	1	2	1	1	1
sim.247.005	none	3	4	2	2	4	3	3	4	5	1	1	0	1	0
sim.248.005	none	0	0	0	0	0	0	0	0	0	3	5	0	0	0
sim.249.005	none	2	2	1	0	1	1	1	2	2	0	0	0	0	0
sim.25.005	none	2	1	1	1	1	1	2	1	1	3	1	0	2	1
sim.250.005	none	0	0	0	0	0	0	0	0	0	1	2	1	1	1
sim.251.005	none	0	0	0	0	0	0	0	0	0	0	0	4	2	1
sim.252.005	none	0	0	0	0	0	0	0	0	0	1	3	2	1	1
sim.253.005	none	1	1	2	1	0	0	0	1	2	0	0	1	1	0
sim.254.005	none	0	0	0	0	0	0	0	0	0	2	1	1	2	1
sim.255.005	none	1	1	1	1	3	3	2	2	2	2	1	0	2	3
sim.256.005	none	0	0	0	0	0	0	0	0	0	0	0	2	2	3
sim.257.005	none	1	1	0	0	0	0	0	0	0	1	0	1	1	1
sim.258.005	none	0	0	0	0	0	0	0	0	0	0	1	2	5	2
sim.259.005	none	0	0	0	0	0	0	0	0	0	5	7	5	7	8
sim.26.005	none	0	0	2	2	1	1	2	2	6	2	1	2	3	1
sim.260.005	none	1	1	1	0	1	1	1	0	0	1	2	0	1	1
sim.261.005	none	2	4	5	7	6	5	6	4	6	0	0	0	0	0
sim.262.005	none	0	0	1	1	1	1	1	1	1	0	0	0	0	0
sim.263.005	none	2	0	1	1	1	1	1	2	2	4	3	1	1	0
sim.264.005	none	1	1	3	1	3	3	1	1	2	0	0	0	0	0
sim.265.005	none	0	0	1	1	1	1	0	1	1	1	1	3	4	4
sim.266.005	none	2	1	0	0	0	0	0	0	0	1	0	2	3	3
sim.267.005	none	0	0	0	0	0	0	0	0	0	1	1	1	4	5
sim.268.005	none	1	3	1	1	1	1	1	1	0	1	1	2	2	2
sim.269.005	none	2	1	1	1	1	1	1	3	2	2	2	5	4	4
sim.27.005	none	0	1	0	0	1	1	1	0	0	2	1	0	0	0
sim.270.005	none	1	1	3	1	1	1	1	1	1	0	0	0	0	0
sim.271.005	none	2	2	0	0	0	0	0	0	0	1	3	2	2	2
sim.272.005	none	1	0	0	1	1	1	1	0	0	0	0	2	2	1
sim.273.005	none	2	2	0	0	0	0	0	0	0	0	0	0	1	2
sim.274.005	none	1	3	5	2	4	3	4	1	1	1	2	1	0	0
sim.275.005	none	2	1	2	2	3	3	3	4	4	2	2	2	4	1
sim.276.005	none	3	2	2	3	3	3	2	3	4	1	2	2	1	1
sim.277.005	none	3	2	4	1	3	3	2	0	0	0	0	0	0	0
sim.278.005	none	3	3	0	2	3	2	1	1	0	1	1	1	1	1
sim.279.005	none	0	0	0	0	0	0	0	0	0	2	2	0	0	0
sim.28.005	none	1	1	0	0	0	0	0	0	0	2	1	3	0	2
sim.280.005	none	0	0	0	0	0	0	0	0	0	3	5	0	0	0
sim.281.005	none	0	1	0	0	0	0	0	0	0	3	2	0	0	0
sim.282.005	none	2	1	1	1	1	1	1	1	1	0	0	0	0	0
sim.283.005	none	2	0	2	3	2	2	2	3	2	0	0	1	1	1
sim.284.005	none	0	0	0	0	0	0	0	0	0	1	1	4	5	7
sim.285.005	none	5	2	1	2	2	2	2	3	2	1	1	1	0	0
sim.286.005	none	2	3	6	2	3	4	4	2	2	0	0	0	0	0
sim.287.005	none	1	1	1	1	1	1	1	1	1	0	0	1	0	0
sim.288.005	none	0	0	2	2	3	2	1	1	0	1	1	0	0	0
sim.289.005	none	1	1	1	3	4	2	2	3	2	1	0	1	1	1
sim.29.005	none	3	2	2	2	2	2	1	1	1	1	4	0	1	2
sim.290.005	none	0	0	0	0	0	0	0	0	0	3	4	2	1	1
sim.291.005	none	0	0	0	0	0	0	0	0	0	4	2	0	0	0
sim.292.005	none	2	2	3	3	3	3	2	2	2	0	0	0	1	1
sim.293.005	none	0	0	0	0	0	0	0	0	0	2	0	2	2	1
sim.294.005	none	0	0	0	0	0	0	0	0	0	3	2	1	1	1
sim.295.005	none	1	1	1	1	1	1	1	1	1	1	1	1	2	2
sim.296.005	none	1	2	3	3	3	2	2	3	3	2	4	3	0	0
sim.297.005	none	0	0	1	0	1	1	1	0	0	0	0	0	0	0
sim.298.005	none	1	1	1	1	1	0	1	1	2	0	0	2	1	3
sim.299.005	none	1	1	2	2	4	3	2	1	1	6	2	1	2	1
sim.3.005	none	1	0	2	1	1	1	1	1	1	1	1	1	0	0
sim.30.005	none	0	0	0	0	0	0	0	0	0	4	7	4	3	3
sim.300.005	none	1	1	1	1	1	1	1	1	1	1	1	1	0	2
sim.301.005	none	3	1	1	2	1	1	2	2	1	0	1	0	0	0
sim.302.005	none	1	1	1	1	1	1	1	2	0	6	3	2	1	3
sim.303.005	none	0	0	0	0	0	0	0	0	0	11	7	2	6	3
sim.304.005	none	2	1	2	1	3	4	1	4	3	0	0	0	0	0
sim.305.005	none	4	5	3	4	3	4	8	5	6	3	5	0	0	0
sim.306.005	none	4	2	3	5	4	8	4	5	6	0	0	0	0	0
sim.307.005	none	2	1	0	1	1	1	1	1	1	0	0	0	0	0
sim.308.005	none	0	0	1	0	0	0	0	1	2	1	0	2	2	1
sim.309.005	none	2	2	1	1	0	0	0	1	1	0	0	0	0	0
sim.31.005	none	0	0	0	1	1	1	1	1	0	0	0	0	0	0
sim.310.005	none	0	0	0	0	0	0	0	0	0	2	9	1	1	0
sim.311.005	none	1	1	1	0	0	0	0	0	0	1	1	0	0	0
sim.312.005	none	2	3	4	3	6	4	3	2	3	0	0	0	0	0
sim.313.005	none	0	0	0	0	0	0	0	0	0	1	3	0	3	3
sim.314.005	none	2	3	1	3	1	1	1	3	1	1	1	1	1	1
sim.315.005	none	4	0	0	0	0	0	0	0	0	1	1	2	2	2
sim.316.005	none	4	4	1	2	1	1	2	4	4	0	0	0	0	0
sim.317.005	none	0	0	0	0	0	0	0	0	0	1	1	0	1	1
sim.318.005	none	2	2	2	1	0	0	1	1	1	0	0	0	0	0
sim.319.005	none	0	0	0	0	0	0	0	0	0	2	0	1	3	3
sim.32.005	none	0	0	0	0	0	0	0	0	0	2	0	2	0	0
sim.320.005	none	0	0	2	1	2	2	2	2	2	1	1	2	3	2
sim.321.005	none	0	0	0	0	0	0	0	0	0	0	0	1	2	1
sim.322.005	none	5	1	3	1	1	2	0	4	6	1	1	2	2	0
sim.323.005	none	0	0	0	0	0	0	0	0	0	1	0	2	1	1
sim.324.005	none	2	1	0	0	0	0	0	1	1	0	2	1	2	1
sim.325.005	none	1	0	0	1	1	1	1	0	1	1	1	0	0	0
sim.326.005	none	0	0	0	0	0	0	0	0	0	5	5	1	3	6
sim.327.005	none	0	0	0	0	0	0	0	0	0	3	0	2	2	2
sim.328.005	none	0	1	1	1	1	0	1	1	3	1	4	0	0	0
sim.329.005	none	1	1	1	1	1	2	1	1	1	2	2	2	2	2
sim.33.005	none	0	0	1	1	1	1	1	0	0	1	2	8	8	8
sim.330.005	none	0	0	0	0	0	0	0	0	0	1	2	0	0	1
sim.331.005	none	0	0	0	0	0	0	0	0	0	5	2	1	3	4
sim.332.005	none	0	0	0	0	0	0	0	0	0	2	3	1	1	1
sim.333.005	none	1	1	1	0	2	1	1	0	0	0	0	0	0	0
sim.334.005	none	2	5	3	2	3	2	2	2	2	0	0	0	0	0
sim.335.005	none	3	3	3	2	2	2	3	3	2	2	4	7	9	10
sim.336.005	none	1	5	1	0	0	0	0	1	1	2	2	4	3	2
sim.337.005	none	1	1	1	1	2	2	0	0	0	0	0	0	0	0
sim.338.005	none	1	1	3	2	2	2	2	2	2	2	2	1	1	0
sim.339.005	none	0	0	0	0	0	0	0	0	0	2	1	5	3	3
sim.34.005	none	0	0	0	0	0	0	0	0	0	4	8	9	7	5
sim.340.005	none	1	1	3	3	2	2	0	2	4	8	3	2	0	1
sim.341.005	none	0	0	2	1	1	1	1	2	2	5	0	1	2	1
sim.342.005	none	2	2	0	0	0	0	0	1	1	1	1	1	1	1
sim.343.005	none	0	0	0	0	0	0	0	0	0	0	1	2	1	1
sim.344.005	none	2	2	3	3	2	2	2	3	3	2	2	2	2	2
sim.345.005	none	1	2	1	1	1	1	1	0	0	9	2	1	2	2
sim.346.005	none	4	1	4	5	5	4	5	9	7	0	0	0	0	0
sim.347.005	none	3	3	0	0	0	0	0	0	0	0	0	1	1	1
sim.348.005	none	1	1	0	0	0	0	0	0	0	0	1	1	1	1
sim.349.005	none	6	5	4	3	3	3	5	5	2	0	0	0	0	0
sim.35.005	none	3	4	4	4	4	3	5	4	6	0	0	0	0	0
sim.350.005	none	0	0	0	0	0	0	0	0	0	3	2	3	1	0
sim.351.005	none	3	1	1	1	2	2	1	2	3	0	0	0	0	0
sim.352.005	none	1	1	0	0	0	0	0	0	0	1	1	0	1	2
sim.353.005	none	1	2	7	3	5	6	2	3	4	0	0	2	2	1
sim.354.005	none	1	2	4	4	5	6	5	5	8	0	0	0	0	0
sim.355.005	none	2	0	2	2	2	2	2	1	1	0	0	0	0	0
sim.356.005	none	1	0	0	0	0	0	0	0	0	1	1	1	1	2
sim.357.005	none	2	2	0	0	0	0	0	0	0	1	1	3	3	3
sim.358.005	none	2	2	1	2	1	1	1	3	2	1	2	1	2	3
sim.359.005	none	0	0	0	0	0	0	0	0	0	2	1	2	2	2
sim.36.005	none	1	1	1	1	1	1	1	1	1	0	0	0	0	0
sim.360.005	none	1	2	3	3	3	2	1	2	2	3	3	1	0	1
sim.361.005	none	0	0	0	0	0	0	0	0	0	0	0	1	1	3
sim.362.005	none	4	8	3	4	3	3	3	3	1	0	0	0	0	0
sim.363.005	none	1	1	2	0	1	1	1	1	1	1	2	1	0	0
sim.364.005	none	4	6	3	4	3	3	3	6	5	0	0	4	5	5
sim.365.005	none	1	4	2	2	1	2	1	1	0	0	0	0	1	1
sim.366.005	none	0	0	0	0	0	0	0	0	0	1	2	0	2	1
sim.367.005	none	0	1	2	2	2	2	2	1	3	1	1	2	1	0
sim.368.005	none	2	2	4	5	3	3	4	3	3	0	0	0	0	0
sim.369.005	none	1	1	1	0	1	1	1	1	2	5	6	2	2	0
sim.37.005	none	0	1	2	1	1	0	0	2	2	0	3	0	0	2
sim.370.005	none	0	0	0	0	0	0	0	0	0	3	2	1	1	0
sim.371.005	none	5	4	1	3	5	3	2	2	4	2	2	0	0	0
sim.372.005	none	0	0	0	0	0	0	0	0	0	2	1	2	2	2
sim.373.005	none	0	0	0	0	0	0	0	0	0	0	0	1	3	1
sim.374.005	none	1	1	6	2	3	3	3	6	4	1	1	0	1	1
sim.375.005	none	1	1	2	2	2	2	1	1	2	2	2	2	2	2
sim.376.005	none	4	5	0	0	0	0	0	0	0	0	0	1	1	1
sim.377.005	none	2	2	0	0	0	0	0	0	0	0	0	0	0	0
sim.378.005	none	0	0	0	0	0	0	0	0	0	1	5	4	2	2
sim.379.005	none	1	1	1	0	1	1	1	1	1	0	0	0	0	0
sim.38.005	none	3	3	2	2	2	2	3	3	4	0	0	0	0	0
sim.380.005	none	1	1	1	2	1	1	1	1	1	0	0	0	0	0
sim.381.005	none	0	0	1	1	1	1	2	1	1	0	0	1	1	0
sim.382.005	none	0	0	0	0	0	0	0	0	0	5	3	1	2	0
sim.383.005	none	1	1	1	2	2	3	1	1	1	0	0	0	0	0
sim.384.005	none	2	0	0	1	1	1	2	1	1	3	3	1	1	1
sim.385.005	none	0	0	0	0	0	0	0	0	0	0	0	1	2	2
sim.386.005	none	0	0	0	0	0	0	0	0	0	5	3	0	2	2
sim.387.005	none	0	1	1	1	1	1	1	1	1	0	0	0	0	0
sim.388.005	none	1	1	1	1	1	1	1	1	2	9	6	2	1	2
sim.389.005	none	2	2	2	1	1	1	1	0	0	1	1	3	4	1
sim.39.005	none	3	2	6	2	3	3	1	2	4	0	0	0	0	0
sim.390.005	none	1	1	0	0	0	0	0	0	0	3	2	1	2	0
sim.391.005	none	0	0	1	2	0	0	0	1	1	0	0	2	2	0
sim.392.005	none	0	1	1	0	0	0	0	2	1	3	0	2	1	1
sim.393.005	none	0	1	3	2	2	2	2	1	2	0	0	0	0	0
sim.394.005	none	1	1	0	0	0	0	0	0	0	0	1	0	1	0
sim.395.005	none	0	0	0	0	0	0	0	0	0	5	5	0	0	0
sim.396.005	none	0	0	0	0	1	1	1	2	1	0	2	0	0	0
sim.397.005	none	2	2	1	2	0	0	2	0	1	1	0	2	4	4
sim.398.005	none	1	1	4	0	2	2	0	0	0	0	0	0	0	0
sim.399.005	none	1	1	0	1	1	1	1	2	1	0	0	0	0	0
sim.4.005	none	0	2	1	3	1	1	1	1	1	4	3	0	0	0
sim.40.005	none	3	4	2	4	3	3	3	2	3	0	0	0	0	0
sim.400.005	none	0	1	0	1	1	1	1	1	0	0	1	0	0	0
sim.401.005	none	1	1	0	1	1	1	1	1	2	0	0	3	1	1
sim.402.005	none	1	1	1	0	0	0	0	1	1	0	0	0	0	0
sim.403.005	none	0	0	0	0	0	0	0	0	0	3	4	2	3	8
sim.404.005	none	0	0	0	0	0	0	0	0	0	9	6	6	2	5
sim.405.005	none	0	0	0	0	0	0	0	0	0	1	2	1	1	1
sim.406.005	none	4	3	1	1	1	1	1	0	0	7	7	5	6	5
sim.407.005	none	4	3	3	6	5	5	3	2	4	0	0	0	0	0
sim.408.005	none	1	1	2	1	1	1	1	1	3	1	2	3	4	4
sim.409.005	none	2	2	2	2	2	2	2	2	2	2	0	2	1	3
sim.41.005	none	1	2	2	2	2	2	3	0	1	0	0	0	0	0
sim.410.005	none	2	3	1	2	0	1	1	2	2	0	0	0	0	0
sim.411.005	none	3	3	2	3	2	2	2	2	0	1	0	1	4	4
sim.412.005	none	3	3	3	2	3	3	3	4	8	2	2	0	0	0
sim.413.005	none	2	2	2	1	2	2	2	0	0	0	0	0	0	0
sim.414.005	none	1	1	3	2	4	5	4	2	2	0	0	0	0	0
sim.415.005	none	0	0	0	0	0	0	0	0	0	0	0	2	2	2
sim.416.005	none	1	1	6	3	5	4	7	3	2	1	0	1	1	2
sim.417.005	none	2	3	1	3	1	1	2	4	5	0	0	1	0	1
sim.418.005	none	0	0	0	0	0	0	0	0	0	2	1	0	2	0
sim.419.005	none	2	2	1	0	1	1	1	1	1	0	0	0	0	0
sim.42.005	none	0	0	1	1	1	1	1	1	1	0	0	0	0	0
sim.420.005	none	0	0	3	1	0	0	1	2	0	0	0	0	0	0
sim.421.005	none	3	1	2	2	4	2	2	1	2	0	0	0	0	0
sim.422.005	none	0	0	0	0	0	0	0	0	0	1	1	2	1	1
sim.423.005	none	3	3	1	1	1	1	1	1	1	0	0	0	0	0
sim.424.005	none	0	0	1	2	1	1	1	0	1	4	1	6	8	7
sim.425.005	none	0	0	0	0	0	0	0	0	0	1	0	3	4	2
sim.426.005	none	0	0	0	0	0	0	0	0	0	1	2	4	3	2
sim.427.005	none	2	1	0	0	1	1	1	1	1	0	0	2	0	0
sim.428.005	none	0	0	1	1	2	1	1	0	1	1	1	3	2	1
sim.429.005	none	0	0	0	1	2	1	1	2	1	0	0	0	0	0
sim.43.005	none	3	6	4	3	3	2	3	2	3	0	0	0	0	0
sim.430.005	none	0	0	0	0	0	0	0	0	0	0	0	1	1	3
sim.431.005	none	1	1	2	1	2	2	1	0	0	1	1	4	1	1
sim.432.005	none	2	1	1	1	1	1	1	0	0	0	0	0	0	0
sim.433.005	none	0	0	2	1	1	1	1	1	1	1	4	4	7	7
sim.434.005	none	1	1	1	1	2	3	1	1	3	0	0	0	0	0
sim.435.005	none	0	0	0	0	0	0	0	0	0	1	2	1	2	2
sim.436.005	none	1	4	1	1	1	1	1	0	3	0	0	0	0	0
sim.437.005	none	3	5	3	3	4	4	3	3	4	0	0	0	0	0
sim.438.005	none	0	0	1	3	1	3	2	0	2	0	0	0	0	0
sim.439.005	none	0	0	0	0	0	0	0	0	0	0	0	4	2	2
sim.44.005	none	5	4	2	1	1	1	1	1	2	0	2	1	1	1
sim.440.005	none	1	1	1	0	2	2	1	1	1	0	0	0	0	0
sim.441.005	none	0	0	0	0	0	0	0	0	0	0	0	1	4	1
sim.442.005	none	0	0	0	0	0	0	0	0	0	3	1	2	2	1
sim.443.005	none	4	7	3	7	5	6	6	3	3	4	3	3	3	4
sim.444.005	none	4	3	4	4	4	3	4	2	3	0	0	0	0	0
sim.445.005	none	0	0	0	0	0	0	0	0	0	0	1	2	0	2
sim.446.005	none	1	2	1	1	2	1	1	1	2	1	1	1	0	1
sim.447.005	none	1	0	1	1	0	0	0	1	1	0	0	0	0	0
sim.448.005	none	1	1	1	1	1	0	3	1	1	0	1	0	0	0
sim.449.005	none	0	0	0	0	0	0	0	0	0	2	2	2	5	4
sim.45.005	none	3	6	2	2	2	3	3	2	4	1	0	1	1	0
sim.450.005	none	1	2	0	1	0	0	0	1	2	2	1	0	0	0
sim.451.005	none	1	0	1	1	0	1	1	1	1	5	9	1	1	1
sim.452.005	none	2	4	3	3	5	6	2	4	2	1	1	0	0	0
sim.453.005	none	1	1	1	1	0	0	0	2	1	0	0	1	0	2
sim.454.005	none	1	2	1	1	1	1	1	1	0	5	3	0	0	0
sim.455.005	none	0	0	0	0	0	0	0	0	0	2	3	4	2	2
sim.456.005	none	0	1	4	3	2	4	4	0	2	0	0	0	0	0
sim.457.005	none	3	1	2	0	1	1	1	0	1	0	0	0	0	0
sim.458.005	none	1	2	1	1	1	1	1	0	1	0	0	0	0	0
sim.459.005	none	6	5	2	3	2	3	4	4	4	8	8	9	8	8
sim.46.005	none	0	0	0	0	0	0	0	0	0	1	1	1	2	2
sim.460.005	none	4	2	2	1	1	1	1	2	3	2	1	1	1	1
sim.461.005	none	0	0	0	0	0	0	0	0	0	2	3	6	3	2
sim.462.005	none	0	0	0	0	0	0	0	0	0	2	6	5	5	5
sim.463.005	none	1	2	3	2	3	3	2	1	0	1	3	2	1	1
sim.464.005	none	3	5	0	1	1	2	1	1	1	0	0	0	0	0
sim.465.005	none	2	2	0	0	0	0	0	0	0	0	0	0	0	0
sim.466.005	none	0	0	0	0	0	0	0	0	0	1	5	0	0	0
sim.467.005	none	0	0	0	0	0	0	0	0	0	1	3	0	1	1
sim.468.005	none	0	0	0	0	0	0	0	0	0	9	5	7	3	5
sim.469.005	none	2	0	1	4	5	6	4	4	6	0	0	0	0	0
sim.47.005	none	7	8	8	8	7	8	7	10	15	1	1	1	1	0
sim.470.005	none	3	3	1	1	1	1	1	0	1	0	0	0	0	0
sim.471.005	none	1	1	1	1	1	1	1	1	2	1	1	1	1	1
sim.472.005	none	0	0	2	1	1	1	2	1	1	3	1	1	2	2
sim.473.005	none	1	1	1	1	2	2	2	1	3	3	2	1	1	1
sim.474.005	none	2	0	3	1	2	2	1	2	2	0	0	0	0	0
sim.475.005	none	0	0	0	0	0	0	0	0	0	3	4	1	1	1
sim.476.005	none	6	6	3	3	1	2	3	1	1	1	0	6	5	6
sim.477.005	none	0	0	0	0	0	0	0	0	0	2	2	4	2	1
sim.478.005	none	0	2	0	1	1	1	1	2	2	0	0	0	0	0
sim.479.005	none	1	1	1	0	0	0	0	1	1	4	4	4	2	2
sim.48.005	none	0	0	0	0	0	0	0	0	0	9	7	2	1	4
sim.480.005	none	0	0	0	0	0	0	0	0	0	1	0	2	2	2
sim.481.005	none	3	2	2	0	0	0	1	1	1	0	2	1	0	2
sim.482.005	none	0	0	0	0	0	0	0	0	0	2	1	2	2	2
sim.483.005	none	5	4	2	2	2	2	2	2	2	0	2	4	2	1
sim.484.005	none	1	1	1	1	1	1	1	0	0	0	0	0	0	0
sim.485.005	none	4	5	4	4	2	1	3	3	3	2	1	0	0	0
sim.486.005	none	0	0	0	0	0	0	0	0	0	1	2	3	3	3
sim.487.005	none	2	2	1	3	2	2	2	1	1	0	0	0	0	0
sim.488.005	none	4	1	0	2	0	0	0	1	0	2	1	2	2	3
sim.489.005	none	0	0	2	1	2	2	2	1	0	1	0	4	1	4
sim.49.005	none	1	1	3	5	4	3	5	3	2	0	0	0	0	0
sim.490.005	none	3	3	1	4	3	4	3	5	5	0	0	0	0	0
sim.491.005	none	0	0	0	0	0	0	0	0	0	0	0	1	1	3
sim.492.005	none	1	1	1	3	3	3	3	1	1	1	4	2	1	1
sim.493.005	none	0	0	0	0	0	0	0	0	0	0	3	1	1	1
sim.494.005	none	0	1	0	1	1	1	0	1	1	0	4	2	2	1
sim.495.005	none	0	0	0	0	0	0	0	0	0	3	1	1	1	1
sim.496.005	none	0	0	0	0	0	0	0	0	0	0	0	2	1	1
sim.497.005	none	0	0	2	0	2	1	1	2	1	5	2	6	5	6
sim.498.005	none	5	2	5	5	7	9	4	4	5	0	1	0	0	0
sim.499.005	none	0	0	1	1	1	1	1	1	1	0	0	0	0	0
sim.5.005	none	4	3	1	0	4	3	2	2	2	0	0	0	0	0
sim.50.005	none	1	1	1	1	1	1	1	1	1	1	1	0	1	0
sim.500.005	none	5	1	3	1	1	1	1	1	3	1	1	1	1	1
sim.501.005	none	0	2	0	1	1	1	1	1	1	0	0	0	0	0
sim.502.005	none	0	0	0	0	0	0	0	0	0	1	1	2	2	2
sim.503.005	none	0	0	0	0	0	0	0	0	0	2	1	1	2	1
sim.504.005	none	2	1	3	1	1	1	1	1	1	1	1	2	1	0
sim.505.005	none	1	1	2	1	1	2	2	0	0	1	1	2	1	1
sim.506.005	none	4	2	2	1	1	1	2	1	2	4	1	8	6	5
sim.507.005	none	0	0	0	0	0	0	0	0	0	1	2	4	2	0
sim.508.005	none	5	3	4	3	3	1	2	3	3	0	0	0	0	0
sim.509.005	none	1	2	3	2	1	3	2	1	2	0	3	0	1	1
sim.51.005	none	1	1	5	2	1	2	2	4	2	0	0	0	0	0
sim.510.005	none	4	3	2	2	5	5	4	1	3	0	0	0	0	0
sim.511.005	none	0	0	0	0	0	0	0	0	0	1	1	3	2	3
sim.512.005	none	0	0	0	0	0	0	0	0	0	2	1	2	1	0
sim.513.005	none	0	0	0	0	0	0	0	0	0	0	0	2	2	3
sim.514.005	none	1	2	1	1	1	1	1	1	1	0	0	0	0	0
sim.515.005	none	0	0	0	0	0	0	0	0	0	0	0	2	2	2
sim.516.005	none	1	1	1	1	1	1	1	1	1	2	2	2	3	2
sim.517.005	none	0	0	0	0	0	0	0	0	0	0	1	6	4	4
sim.518.005	none	2	1	0	1	1	1	1	1	1	3	3	4	2	6
sim.519.005	none	0	0	0	0	0	0	0	0	0	0	0	7	3	3
sim.52.005	none	0	0	0	0	0	0	0	0	0	2	0	1	1	1
sim.520.005	none	0	0	0	0	0	0	0	0	0	2	1	2	1	1
sim.521.005	none	3	2	0	3	2	2	2	3	2	0	0	0	0	0
sim.522.005	none	0	0	0	0	0	0	0	0	0	1	1	3	2	2
sim.523.005	none	3	3	4	5	3	3	5	2	3	0	1	2	1	1
sim.524.005	none	3	3	2	2	2	2	2	2	2	0	0	0	0	0
sim.525.005	none	1	0	1	1	0	0	0	0	0	4	2	3	3	2
sim.526.005	none	0	0	0	0	0	0	0	0	0	1	4	2	3	4
sim.527.005	none	2	3	1	1	0	1	1	1	1	1	0	1	1	1
sim.528.005	none	3	2	0	0	0	0	0	0	0	0	0	0	0	0
sim.529.005	none	0	0	0	0	0	0	0	0	0	1	1	1	1	2
sim.53.005	none	3	0	0	1	0	0	1	1	0	0	0	0	0	0
sim.530.005	none	4	3	2	2	3	2	2	1	3	1	0	2	1	1
sim.531.005	none	0	0	0	0	0	0	0	0	0	3	2	0	0	0
sim.532.005	none	0	0	0	2	2	2	2	1	1	1	2	2	3	2
sim.533.005	none	1	1	1	1	1	0	1	0	0	0	0	0	0	0
sim.534.005	none	7	5	5	5	3	2	3	5	6	0	0	0	0	0
sim.535.005	none	1	1	2	0	2	2	2	0	0	1	0	2	0	1
sim.536.005	none	1	1	1	1	1	1	1	1	1	0	0	0	0	0
sim.537.005	none	2	1	0	0	0	0	0	0	0	0	2	0	0	0
sim.538.005	none	0	0	0	0	0	0	0	0	0	1	1	1	0	1
sim.539.005	none	3	2	1	3	1	1	2	1	3	4	1	1	1	1
sim.54.005	none	1	0	3	1	2	2	2	4	2	1	0	1	2	3
sim.540.005	none	2	3	2	2	3	4	2	1	2	0	0	0	0	0
sim.541.005	none	0	0	0	0	0	0	0	0	0	7	7	1	2	1
sim.542.005	none	0	0	4	1	1	1	1	1	3	2	4	0	0	0
sim.543.005	none	0	0	0	0	0	0	0	0	0	1	4	1	3	2
sim.544.005	none	4	2	0	1	2	1	1	1	0	4	3	3	7	6
sim.545.005	none	5	7	5	4	2	2	4	4	2	0	0	0	0	0
sim.546.005	none	1	2	4	5	5	4	5	5	6	1	0	1	1	2
sim.547.005	none	0	0	0	0	0	0	0	0	0	2	5	1	3	2
sim.548.005	none	0	0	0	0	0	0	0	0	0	1	1	1	2	1
sim.549.005	none	0	0	0	0	0	0	0	0	0	0	0	1	2	1
sim.55.005	none	4	4	1	2	2	2	1	2	1	0	0	0	0	0
sim.550.005	none	4	9	2	2	2	1	1	1	2	4	6	1	1	0
sim.551.005	none	6	6	4	5	5	5	4	4	6	0	0	0	0	0
sim.552.005	none	1	1	2	1	1	1	0	2	2	0	0	0	0	0
sim.553.005	none	0	2	0	0	0	0	0	0	0	2	1	3	2	3
sim.554.005	none	2	2	1	1	1	1	1	3	1	0	0	0	0	0
sim.555.005	none	4	2	1	0	0	0	0	1	2	0	0	0	0	0
sim.556.005	none	0	0	0	0	0	0	0	0	0	1	3	0	0	0
sim.557.005	none	2	1	1	1	1	1	1	1	1	1	0	3	1	1
sim.558.005	none	2	2	1	1	1	1	1	1	1	0	0	0	0	0
sim.559.005	none	0	0	0	0	0	0	0	0	0	2	2	1	1	2
sim.56.005	none	4	4	3	4	4	4	4	3	3	5	5	3	2	1
sim.560.005	none	0	2	1	1	1	0	2	1	1	0	0	0	0	0
sim.561.005	none	3	3	2	2	1	1	1	3	3	0	0	1	1	2
sim.562.005	none	0	0	0	0	0	0	0	0	0	4	0	0	1	2
sim.563.005	none	0	0	0	0	0	0	0	0	0	4	2	0	0	0
sim.564.005	none	3	6	5	6	5	6	4	3	5	4	0	1	1	1
sim.565.005	none	0	0	0	0	0	0	0	0	0	2	2	1	2	2
sim.566.005	none	0	0	0	0	0	0	0	0	0	0	0	3	2	3
sim.567.005	none	1	0	4	2	3	5	3	2	2	0	3	0	1	1
sim.568.005	none	2	2	1	1	1	1	1	2	2	0	0	0	0	0
sim.569.005	none	3	5	1	1	3	2	1	2	3	1	1	2	1	1
sim.57.005	none	0	0	1	1	1	1	1	2	0	0	0	0	0	0
sim.570.005	none	0	0	2	1	2	2	2	1	1	0	1	2	1	1
sim.571.005	none	0	0	0	0	0	0	0	0	0	1	1	5	5	4
sim.572.005	none	0	0	0	0	0	0	0	0	0	1	1	0	2	2
sim.573.005	none	2	1	2	5	4	6	4	2	3	0	0	0	0	0
sim.574.005	none	2	0	2	4	5	5	2	3	2	3	2	2	3	5
sim.575.005	none	0	0	2	0	1	1	1	1	1	1	3	0	0	0
sim.576.005	none	2	1	3	3	3	3	4	3	3	0	0	0	0	0
sim.577.005	none	0	0	0	0	0	0	0	0	0	1	0	1	1	1
sim.578.005	none	0	0	1	0	1	1	1	1	1	0	1	1	1	1
sim.579.005	none	4	5	4	4	6	6	8	3	5	2	3	0	0	0
sim.58.005	none	0	2	0	3	2	3	4	3	3	0	0	0	0	0
sim.580.005	none	0	0	0	0	0	0	0	0	0	2	2	0	2	3
sim.581.005	none	0	0	0	0	0	0	0	0	0	1	1	3	1	1
sim.582.005	none	0	0	0	0	0	0	0	0	0	0	1	1	1	1
sim.583.005	none	1	1	2	0	0	0	0	2	2	0	0	0	0	0
sim.584.005	none	0	0	0	0	0	0	0	0	0	8	5	3	5	4
sim.585.005	none	0	0	0	0	0	0	0	0	0	4	1	2	0	1
sim.586.005	none	0	0	1	1	1	1	1	2	1	1	3	1	2	2
sim.587.005	none	0	0	0	0	0	0	0	0	0	1	3	5	7	4
sim.588.005	none	0	0	0	0	0	0	0	0	0	6	7	2	5	5
sim.589.005	none	0	0	1	1	2	2	2	1	1	0	0	0	0	0
sim.59.005	none	1	0	3	2	1	1	2	1	2	7	3	2	2	2
sim.590.005	none	0	0	0	0	0	0	0	0	0	3	1	4	2	4
sim.591.005	none	0	0	2	0	1	2	1	2	3	0	0	0	0	0
sim.592.005	none	0	0	0	0	0	0	0	0	0	1	3	2	3	4
sim.593.005	none	0	0	1	0	2	2	2	1	1	0	2	2	3	2
sim.594.005	none	1	1	1	1	1	1	1	3	2	1	2	1	2	1
sim.595.005	none	5	4	3	1	2	1	1	1	1	2	1	1	0	1
sim.596.005	none	2	3	1	2	5	4	2	0	2	0	0	0	0	0
sim.597.005	none	0	0	0	0	0	0	0	0	0	1	2	8	5	6
sim.598.005	none	1	2	4	2	3	3	2	2	2	0	0	0	0	0
sim.599.005	none	3	2	3	1	1	1	1	2	2	1	0	0	0	0
sim.6.005	none	0	0	1	1	1	1	1	1	1	1	3	1	2	2
sim.60.005	none	1	2	3	1	1	1	1	1	1	4	0	3	2	2
sim.600.005	none	6	4	5	6	5	6	5	4	5	1	1	1	3	2
sim.601.005	none	1	1	0	0	0	0	0	0	0	1	1	0	0	0
sim.602.005	none	1	0	0	0	0	0	0	0	0	1	1	3	3	4
sim.603.005	none	4	5	6	4	4	4	3	4	6	1	0	0	2	2
sim.604.005	none	2	1	2	3	5	3	3	4	5	1	0	1	2	2
sim.605.005	none	0	1	0	0	1	1	1	1	1	5	4	6	5	6
sim.606.005	none	0	0	0	0	0	0	0	0	0	3	2	2	3	2
sim.607.005	none	0	0	0	0	0	0	0	0	0	1	0	9	6	4
sim.608.005	none	4	2	1	1	1	0	1	1	1	1	0	2	3	0
sim.609.005	none	0	0	0	0	0	0	0	0	0	2	2	4	3	6
sim.61.005	none	0	0	0	0	0	0	0	0	0	4	2	2	0	0
sim.610.005	none	0	0	1	0	1	0	1	1	0	0	0	0	0	0
sim.611.005	none	0	0	4	2	3	3	3	2	1	0	0	0	0	0
sim.612.005	none	0	0	0	0	0	0	0	0	0	5	1	1	3	2
sim.613.005	none	1	1	1	2	1	1	1	0	0	0	0	1	1	1
sim.614.005	none	0	0	0	0	0	0	0	0	0	3	1	1	2	1
sim.615.005	none	3	3	2	5	2	2	4	3	3	0	0	2	3	2
sim.616.005	none	0	0	1	0	0	0	0	4	4	5	3	2	4	4
sim.617.005	none	2	2	3	3	2	2	1	1	2	2	0	1	4	4
sim.618.005	none	1	1	2	2	2	2	3	3	1	0	0	0	0	0
sim.619.005	none	1	1	1	0	0	1	1	1	1	3	4	3	3	4
sim.62.005	none	5	1	0	2	1	1	1	1	1	0	0	0	0	0
sim.620.005	none	0	0	0	0	0	0	0	0	0	0	0	2	1	2
sim.621.005	none	0	1	1	2	1	1	1	1	0	1	1	3	3	2
sim.622.005	none	0	0	0	0	0	0	0	0	0	1	1	1	1	1
sim.623.005	none	0	0	0	1	1	1	1	1	1	0	0	0	0	0
sim.624.005	none	1	0	0	0	0	0	0	1	1	0	1	2	1	1
sim.625.005	none	3	5	3	5	5	4	5	4	3	0	0	0	0	0
sim.626.005	none	2	2	3	6	6	3	7	4	4	0	0	0	0	0
sim.627.005	none	0	0	0	0	0	0	0	0	0	2	2	2	1	1
sim.628.005	none	4	4	7	5	6	6	9	7	9	1	2	0	0	0
sim.629.005	none	1	1	1	1	0	0	0	1	1	5	3	2	7	5
sim.63.005	none	0	0	0	0	0	0	0	0	0	0	0	1	3	0
sim.630.005	none	0	0	1	1	1	1	2	2	1	2	2	0	0	0
sim.631.005	none	0	0	0	1	1	1	1	3	2	0	2	0	5	5
sim.632.005	none	2	4	2	1	1	1	1	1	0	2	1	0	1	1
sim.633.005	none	0	1	1	2	1	1	1	2	2	1	2	3	2	2
sim.634.005	none	4	4	1	2	1	0	1	1	1	1	0	3	3	3
sim.635.005	none	1	5	7	5	4	4	4	5	5	0	0	1	2	2
sim.636.005	none	0	0	0	0	0	0	0	0	0	3	1	2	1	0
sim.637.005	none	2	1	0	1	1	1	1	1	1	0	0	0	0	0
sim.638.005	none	0	0	0	0	0	0	0	0	0	1	1	3	1	1
sim.639.005	none	0	0	2	2	4	3	2	3	3	2	4	0	0	0
sim.64.005	none	2	2	1	1	1	1	1	1	1	0	0	0	0	0
sim.640.005	none	12	7	8	9	9	10	4	8	5	0	0	0	0	0
sim.641.005	none	0	0	0	0	0	0	0	0	0	3	2	2	3	2
sim.642.005	none	6	4	3	4	4	5	3	4	5	0	0	0	0	0
sim.643.005	none	0	0	0	0	0	0	0	0	0	5	3	0	0	0
sim.644.005	none	1	1	0	0	0	0	0	0	0	3	2	2	5	3
sim.645.005	none	3	1	1	2	1	1	2	1	3	1	0	2	3	3
sim.646.005	none	0	0	2	4	2	2	3	4	2	0	2	0	0	0
sim.647.005	none	11	10	1	3	3	2	1	4	4	1	2	1	1	1
sim.648.005	none	0	0	0	0	0	0	0	0	0	0	0	1	2	5
sim.649.005	none	0	1	0	2	5	4	5	3	4	2	0	1	2	1
sim.65.005	none	3	3	2	2	2	2	2	2	1	1	0	0	0	0
sim.650.005	none	2	1	1	4	3	3	1	1	1	4	5	5	7	6
sim.651.005	none	1	3	1	1	1	1	2	1	0	0	0	2	0	0
sim.652.005	none	5	2	7	4	7	5	4	4	3	0	0	0	0	0
sim.653.005	none	2	1	1	2	2	2	3	1	0	0	0	1	1	2
sim.654.005	none	0	0	0	0	0	0	0	0	0	3	3	3	2	2
sim.655.005	none	0	0	0	0	0	0	0	0	0	2	2	5	4	3
sim.656.005	none	1	1	6	5	6	6	9	5	5	1	1	1	0	0
sim.657.005	none	0	0	0	0	0	0	0	0	0	1	3	5	4	3
sim.658.005	none	4	1	2	2	3	2	2	2	2	0	0	0	0	0
sim.659.005	none	0	0	0	0	0	0	0	0	0	4	2	0	0	0
sim.66.005	none	2	4	3	3	7	5	5	3	4	4	3	2	2	2
sim.660.005	none	1	0	3	3	1	1	1	1	2	1	0	1	1	1
sim.661.005	none	4	3	1	1	1	1	0	1	1	2	2	2	3	2
sim.662.005	none	0	0	0	0	0	0	0	0	0	0	1	5	1	1
sim.663.005	none	1	1	2	1	1	2	6	1	1	0	0	0	0	0
sim.664.005	none	3	4	3	3	2	2	3	2	2	2	1	1	1	1
sim.665.005	none	2	3	2	2	4	4	3	2	1	0	0	0	0	0
sim.666.005	none	0	0	0	0	0	0	0	0	0	0	0	2	2	1
sim.667.005	none	0	1	1	0	1	1	1	1	1	2	1	1	1	1
sim.668.005	none	0	0	0	0	0	0	0	0	0	3	3	4	6	4
sim.669.005	none	1	1	2	2	2	2	2	1	1	0	0	0	0	0
sim.67.005	none	2	1	0	1	1	1	1	1	1	0	0	1	3	2
sim.670.005	none	1	1	1	2	2	2	2	4	2	6	5	6	5	5
sim.671.005	none	3	2	8	7	5	6	8	3	5	0	0	1	1	1
sim.672.005	none	3	5	3	4	3	2	3	6	4	0	0	0	0	0
sim.673.005	none	0	0	1	1	1	1	0	1	1	1	2	1	2	1
sim.674.005	none	3	1	0	0	0	0	0	0	0	0	0	1	0	1
sim.675.005	none	0	0	0	0	0	0	0	0	0	1	2	0	1	2
sim.676.005	none	1	0	0	0	0	0	0	1	2	1	3	2	2	2
sim.677.005	none	7	7	8	6	6	7	5	2	3	0	1	1	0	0
sim.678.005	none	2	2	3	4	2	1	2	1	1	4	3	2	4	7
sim.679.005	none	2	3	1	1	1	1	1	3	2	0	0	0	0	0
sim.68.005	none	0	0	1	1	1	1	2	1	0	4	3	3	1	1
sim.680.005	none	1	1	2	1	0	0	0	1	1	2	1	0	0	0
sim.681.005	none	1	2	1	1	1	2	2	1	1	1	1	1	1	1
sim.682.005	none	0	0	1	0	2	2	1	1	1	3	1	1	1	1
sim.683.005	none	1	1	0	1	0	0	0	1	1	2	6	1	0	0
sim.684.005	none	0	1	1	1	1	1	0	1	1	2	1	0	1	0
sim.685.005	none	0	0	1	0	1	1	2	1	3	0	3	0	0	0
sim.686.005	none	0	0	1	1	1	1	1	1	0	1	1	1	0	0
sim.687.005	none	0	1	1	2	2	2	2	2	2	0	0	0	0	0
sim.688.005	none	0	0	0	0	0	0	0	0	0	2	3	1	5	4
sim.689.005	none	0	0	0	0	0	0	0	0	0	0	1	3	3	6
sim.69.005	none	0	0	1	2	2	2	2	0	1	0	1	0	0	0
sim.690.005	none	0	1	1	1	2	1	1	1	1	0	0	1	1	1
sim.691.005	none	3	3	2	3	3	2	4	2	3	1	0	0	0	0
sim.692.005	none	1	1	1	1	1	1	1	1	1	2	1	1	2	3
sim.693.005	none	0	0	1	2	6	5	3	2	2	4	1	0	0	0
sim.694.005	none	0	0	0	0	0	0	0	0	0	0	0	4	5	2
sim.695.005	none	1	0	1	1	1	1	1	4	2	1	2	1	1	1
sim.696.005	none	0	0	0	0	0	0	0	0	0	0	0	2	1	3
sim.697.005	none	1	1	2	2	3	2	3	2	3	1	1	1	0	0
sim.698.005	none	3	1	1	1	1	1	1	1	1	0	0	0	0	0
sim.699.005	none	6	6	6	2	1	1	1	1	2	0	0	1	1	0
sim.7.005	none	3	4	2	1	5	6	7	5	5	4	1	2	0	0
sim.70.005	none	1	1	0	0	0	0	0	0	0	2	2	4	4	4
sim.700.005	none	1	1	1	2	3	2	2	3	1	0	0	0	0	0
sim.701.005	none	1	1	3	1	1	1	1	1	1	5	1	0	0	0
sim.702.005	none	1	1	1	0	1	1	2	3	3	1	1	1	2	1
sim.703.005	none	0	0	0	0	0	0	0	0	0	2	1	1	2	0
sim.704.005	none	0	0	3	1	1	2	1	1	1	0	0	0	0	0
sim.705.005	none	0	1	1	2	2	2	1	1	3	0	0	0	0	0
sim.706.005	none	1	1	1	1	1	1	1	1	1	0	0	0	0	0
sim.707.005	none	0	1	1	2	2	2	2	0	0	0	0	0	0	0
sim.708.005	none	0	0	0	0	0	0	0	0	0	0	0	3	1	2
sim.709.005	none	2	1	2	3	1	1	2	1	1	2	1	1	2	2
sim.71.005	none	4	1	5	6	4	4	3	2	4	0	0	0	0	0
sim.710.005	none	0	3	1	1	1	1	1	1	1	0	0	0	3	2
sim.711.005	none	2	2	0	0	0	0	0	3	0	0	0	0	0	0
sim.712.005	none	0	0	1	1	1	2	1	2	1	2	5	1	3	1
sim.713.005	none	1	1	2	3	3	2	2	3	4	0	0	0	0	0
sim.714.005	none	0	1	1	1	1	1	1	1	1	3	3	1	2	3
sim.715.005	none	2	2	1	0	2	2	2	1	1	1	0	1	0	0
sim.716.005	none	0	0	0	0	0	0	0	0	0	1	1	1	1	2
sim.717.005	none	0	0	0	0	0	0	0	0	0	3	3	2	2	1
sim.718.005	none	0	0	0	0	0	0	0	0	0	1	4	2	6	7
sim.719.005	none	1	1	4	3	4	4	5	4	3	0	0	0	1	1
sim.72.005	none	2	0	1	0	1	2	1	2	2	0	0	0	0	0
sim.720.005	none	0	1	1	0	0	1	1	1	1	3	2	1	2	1
sim.721.005	none	0	1	3	5	5	5	3	1	0	2	0	2	5	4
sim.722.005	none	1	2	3	2	2	2	3	0	1	4	4	2	5	6
sim.723.005	none	1	1	1	1	1	1	1	1	1	0	2	1	1	1
sim.724.005	none	1	1	1	1	0	0	0	1	3	3	2	4	5	3
sim.725.005	none	1	1	1	1	1	1	1	0	0	1	0	0	0	0
sim.726.005	none	0	0	0	0	0	0	0	0	0	1	1	0	1	1
sim.727.005	none	2	2	2	4	3	5	4	3	5	1	1	1	1	1
sim.728.005	none	2	1	1	1	0	0	1	1	1	5	6	1	3	3
sim.729.005	none	1	6	1	3	2	2	3	1	1	3	2	0	0	0
sim.73.005	none	4	4	5	4	3	4	6	5	6	4	1	7	5	6
sim.730.005	none	1	1	5	3	1	2	1	1	2	2	0	0	3	1
sim.731.005	none	0	0	1	1	1	1	1	1	1	0	0	0	0	0
sim.732.005	none	3	1	2	2	2	1	2	4	2	3	2	0	0	0
sim.733.005	none	2	0	2	1	0	0	1	1	0	0	1	0	1	1
sim.734.005	none	2	2	2	5	2	2	1	1	4	0	0	0	0	0
sim.735.005	none	0	1	1	2	1	1	2	2	2	4	2	2	0	1
sim.736.005	none	0	0	0	0	0	0	0	0	0	0	0	2	1	1
sim.737.005	none	0	0	0	0	0	0	0	0	0	3	2	0	1	1
sim.738.005	none	0	0	0	0	0	0	0	0	0	3	4	6	3	2
sim.739.005	none	0	0	0	0	0	0	0	0	0	3	2	5	3	2
sim.74.005	none	1	1	1	2	2	2	2	0	3	2	2	0	0	0
sim.740.005	none	5	2	1	1	0	0	0	1	1	0	4	0	0	0
sim.741.005	none	0	0	0	0	0	0	0	0	0	3	2	0	1	0
sim.742.005	none	2	0	1	1	1	1	1	1	1	4	1	0	0	0
sim.743.005	none	1	0	2	1	1	1	1	1	1	0	0	0	0	0
sim.744.005	none	0	0	0	0	0	0	0	0	0	2	1	1	0	0
sim.745.005	none	0	0	0	0	0	0	0	0	0	2	3	4	8	5
sim.746.005	none	0	0	0	1	1	1	2	1	1	0	0	0	0	0
sim.747.005	none	3	5	2	1	1	1	3	1	0	2	2	0	0	0
sim.748.005	none	2	3	2	0	0	0	0	1	0	0	0	1	0	0
sim.749.005	none	3	2	0	3	5	2	4	6	5	0	3	3	2	2
sim.75.005	none	3	2	1	2	2	1	0	1	1	0	0	1	0	0
sim.750.005	none	0	0	0	0	0	0	0	0	0	1	1	0	2	1
sim.751.005	none	10	9	6	10	5	5	6	1	4	0	0	0	0	0
sim.752.005	none	0	0	0	0	0	0	0	0	0	7	4	4	1	2
sim.753.005	none	13	8	3	4	4	3	2	3	4	1	2	2	0	0
sim.754.005	none	2	2	1	0	2	2	3	1	4	0	0	0	0	0
sim.755.005	none	0	0	1	1	2	2	1	1	1	1	3	2	4	2
sim.756.005	none	1	0	0	1	1	1	0	1	1	3	3	2	3	3
sim.757.005	none	0	0	0	0	0	0	0	0	0	2	2	0	0	0
sim.758.005	none	3	0	4	2	2	2	4	3	4	2	0	0	0	0
sim.759.005	none	1	1	3	3	1	2	2	2	1	0	0	0	0	0
sim.76.005	none	1	2	4	3	5	4	6	3	3	0	0	0	0	0
sim.760.005	none	0	0	0	0	0	0	0	0	0	3	6	2	2	1
sim.761.005	none	0	0	0	0	0	0	0	0	0	0	0	1	2	4
sim.762.005	none	1	2	3	3	3	3	5	2	2	5	3	3	3	5
sim.763.005	none	0	1	0	3	2	3	2	0	0	0	1	1	1	1
sim.764.005	none	0	0	0	0	0	0	0	0	0	3	2	1	0	0
sim.765.005	none	0	1	0	0	0	0	0	1	1	1	0	1	1	1
sim.766.005	none	0	0	0	0	0	0	0	0	0	1	6	6	6	5
sim.767.005	none	1	1	0	0	0	0	0	0	0	0	0	0	1	1
sim.768.005	none	0	0	0	0	0	0	0	0	0	3	4	1	0	1
sim.769.005	none	0	0	0	0	0	0	0	0	0	1	2	2	1	1
sim.77.005	none	0	0	0	0	0	0	0	0	0	2	0	4	3	0
sim.770.005	none	2	2	2	3	2	2	2	4	3	0	0	0	0	0
sim.771.005	none	1	2	3	1	1	1	1	2	4	0	0	0	0	0
sim.772.005	none	2	1	3	2	3	3	4	2	2	0	2	3	1	1
sim.773.005	none	0	0	0	0	0	0	0	0	0	3	4	9	2	4
sim.774.005	none	1	1	1	1	1	1	1	0	0	0	0	0	0	0
sim.775.005	none	0	0	0	0	0	0	0	0	0	1	3	1	2	2
sim.776.005	none	1	1	0	1	2	1	1	3	1	1	1	2	3	2
sim.777.005	none	0	0	0	0	0	0	0	0	0	1	2	1	2	3
sim.778.005	none	2	2	2	3	1	1	3	2	2	1	3	1	1	1
sim.779.005	none	7	7	10	5	5	7	7	5	4	0	0	0	0	0
sim.78.005	none	2	2	0	0	0	0	0	0	0	5	5	6	5	4
sim.780.005	none	1	1	0	0	0	0	0	0	0	1	2	3	2	2
sim.781.005	none	3	5	2	2	4	2	2	3	2	0	0	4	3	5
sim.782.005	none	1	1	0	0	0	0	0	1	1	0	0	3	3	3
sim.783.005	none	0	1	2	0	4	5	5	3	4	0	0	0	0	0
sim.784.005	none	0	0	0	0	0	0	0	0	0	3	4	1	1	1
sim.785.005	none	0	0	0	0	0	0	0	0	0	0	1	6	5	7
sim.786.005	none	2	4	1	3	4	5	3	5	4	1	0	1	2	2
sim.787.005	none	0	0	0	0	0	0	0	0	0	2	1	1	1	2
sim.788.005	none	4	5	2	2	3	3	3	3	1	1	2	1	1	1
sim.789.005	none	10	9	10	13	15	17	21	10	10	1	2	1	0	1
sim.79.005	none	3	2	1	1	2	1	1	2	3	0	0	0	0	0
sim.790.005	none	2	2	1	3	3	3	3	2	2	0	0	0	0	0
sim.791.005	none	0	0	0	0	0	0	0	0	0	2	4	3	5	4
sim.792.005	none	0	0	0	0	0	0	0	0	0	1	3	0	1	1
sim.793.005	none	1	2	1	3	1	1	1	1	0	0	0	0	0	0
sim.794.005	none	0	0	0	0	0	0	0	0	0	1	0	1	3	3
sim.795.005	none	1	1	2	6	2	2	2	1	1	0	0	0	0	0
sim.796.005	none	1	0	1	2	5	4	5	1	1	3	3	3	2	4
sim.797.005	none	0	0	0	0	0	0	0	0	0	0	1	2	0	1
sim.798.005	none	1	1	1	6	4	4	3	2	2	1	1	0	0	0
sim.799.005	none	0	0	0	0	0	0	0	0	0	1	1	2	1	0
sim.8.005	none	1	1	1	0	0	0	0	0	1	3	3	1	3	4
sim.80.005	none	6	5	5	3	6	7	7	5	7	0	0	0	0	0
sim.800.005	none	0	0	0	0	0	0	0	0	0	5	7	1	1	1
sim.801.005	none	2	3	4	5	3	1	3	5	5	1	2	0	0	0
sim.802.005	none	0	0	3	2	2	1	2	2	2	4	0	1	1	1
sim.803.005	none	0	0	1	1	1	1	1	1	1	0	0	0	0	0
sim.804.005	none	2	2	1	2	1	1	1	1	1	1	1	0	0	0
sim.805.005	none	1	0	0	0	0	0	0	0	0	2	0	3	3	2
sim.806.005	none	3	1	2	3	1	2	2	3	4	6	2	5	1	2
sim.807.005	none	1	1	2	2	2	2	4	1	2	0	0	0	0	0
sim.808.005	none	1	1	0	3	2	1	3	2	3	0	0	0	0	0
sim.809.005	none	1	0	0	2	0	0	0	0	0	0	1	2	2	4
sim.81.005	none	4	2	4	3	5	4	3	6	7	0	0	0	0	0
sim.810.005	none	1	1	1	1	1	1	1	1	2	1	1	4	0	0
sim.811.005	none	0	0	0	0	0	0	0	0	0	2	4	1	1	0
sim.812.005	none	0	0	0	0	0	0	0	0	0	0	0	2	1	1
sim.813.005	none	0	0	0	0	0	0	0	0	0	1	3	0	1	3
sim.814.005	none	0	0	0	0	0	0	0	0	0	2	0	1	3	3
sim.815.005	none	1	1	0	0	0	0	0	1	1	6	3	1	3	2
sim.816.005	none	5	1	5	5	5	6	7	6	4	0	1	1	1	2
sim.817.005	none	4	4	0	1	1	0	1	2	4	0	0	0	0	0
sim.818.005	none	1	1	3	1	1	1	2	1	0	0	0	0	0	0
sim.819.005	none	0	0	0	0	0	0	0	0	0	4	2	1	2	3
sim.82.005	none	0	0	0	0	0	0	0	0	0	0	0	2	2	2
sim.820.005	none	0	0	0	0	0	0	0	0	0	5	1	0	0	0
sim.821.005	none	2	5	0	0	1	1	1	0	0	1	1	1	1	1
sim.822.005	none	0	0	1	1	1	1	2	1	1	1	1	1	1	1
sim.823.005	none	0	0	0	0	0	0	0	0	0	0	0	2	6	3
sim.824.005	none	0	0	0	0	0	0	0	0	0	0	0	2	3	4
sim.825.005	none	1	1	2	1	1	1	1	1	1	2	0	1	1	1
sim.826.005	none	4	2	4	3	3	4	3	4	2	0	0	0	0	0
sim.827.005	none	0	1	0	0	0	0	0	0	0	4	2	0	0	0
sim.828.005	none	2	1	1	1	1	1	0	1	1	0	0	0	0	0
sim.829.005	none	2	2	3	1	0	0	0	1	1	0	0	0	0	0
sim.83.005	none	2	2	1	0	0	0	0	1	2	0	0	0	0	0
sim.830.005	none	0	1	1	1	0	0	0	1	1	7	5	0	2	3
sim.831.005	none	1	1	0	1	1	1	2	3	2	0	0	0	0	0
sim.832.005	none	0	0	0	0	0	0	0	0	0	2	3	5	5	6
sim.833.005	none	1	2	0	1	1	1	1	1	1	0	0	0	0	0
sim.834.005	none	2	2	0	0	0	0	0	0	0	0	0	0	0	0
sim.835.005	none	8	9	2	1	3	2	2	3	3	2	1	3	5	5
sim.836.005	none	1	1	3	2	2	2	3	1	1	0	0	0	0	0
sim.837.005	none	0	0	0	0	0	0	0	0	0	4	4	0	0	0
sim.838.005	none	0	0	0	0	0	0	0	0	0	1	2	6	0	0
sim.839.005	none	0	0	0	0	0	0	0	0	0	0	3	2	1	2
sim.84.005	none	0	0	2	2	1	2	1	2	2	1	1	2	1	1
sim.840.005	none	0	0	1	2	1	2	3	2	2	1	1	1	1	1
sim.841.005	none	1	3	1	2	1	0	1	1	0	3	0	1	0	0
sim.842.005	none	7	4	5	6	3	4	3	4	4	1	0	0	0	0
sim.843.005	none	3	0	1	1	1	1	2	0	1	0	0	0	0	0
sim.844.005	none	0	0	0	0	0	0	0	0	0	1	0	1	2	0
sim.845.005	none	1	0	4	5	7	5	7	7	5	2	1	4	3	3
sim.846.005	none	3	5	6	5	3	5	4	5	5	0	0	0	0	0
sim.847.005	none	1	3	2	0	0	0	0	0	0	1	1	1	2	2
sim.848.005	none	0	1	2	1	2	2	2	3	2	0	0	0	0	0
sim.849.005	none	1	3	0	0	0	0	0	0	0	1	1	0	0	0
sim.85.005	none	0	0	0	0	0	0	0	0	0	0	3	1	2	3
sim.850.005	none	2	4	0	2	1	1	1	0	1	3	1	1	3	1
sim.851.005	none	1	1	0	1	0	0	0	2	2	0	0	0	0	0
sim.852.005	none	0	1	1	1	0	0	0	1	1	0	0	3	2	2
sim.853.005	none	5	6	2	2	2	2	2	2	2	2	4	0	2	1
sim.854.005	none	0	0	2	3	2	3	1	2	2	0	0	5	3	4
sim.855.005	none	0	0	0	0	0	0	0	0	0	2	3	1	4	1
sim.856.005	none	0	1	2	1	1	1	1	0	1	4	1	2	4	3
sim.857.005	none	0	0	0	0	0	0	0	0	0	3	2	5	2	1
sim.858.005	none	0	0	0	0	0	0	0	0	0	0	0	2	2	2
sim.859.005	none	1	2	4	3	3	4	3	3	5	0	0	0	0	0
sim.86.005	none	0	0	0	0	0	0	0	0	0	1	1	3	0	1
sim.860.005	none	2	1	3	1	1	2	1	1	2	4	2	2	0	0
sim.861.005	none	1	1	3	0	1	1	1	0	1	6	7	9	7	8
sim.862.005	none	0	0	0	0	0	0	0	0	0	1	0	1	1	1
sim.863.005	none	0	0	0	0	0	0	0	0	0	1	1	4	6	2
sim.864.005	none	0	0	0	1	1	1	1	0	0	0	0	0	0	0
sim.865.005	none	3	2	4	2	2	2	2	4	2	1	0	1	0	2
sim.866.005	none	0	0	0	0	0	0	0	0	0	1	1	5	1	2
sim.867.005	none	0	0	0	0	0	0	0	0	0	4	1	1	2	3
sim.868.005	none	0	0	0	0	0	0	0	0	0	2	2	3	1	1
sim.869.005	none	2	2	1	1	1	0	1	1	1	0	0	0	0	0
sim.87.005	none	1	1	1	2	2	2	2	1	1	1	1	0	1	1
sim.870.005	none	0	0	6	5	4	4	4	5	5	1	0	3	4	3
sim.871.005	none	4	2	1	3	3	3	4	3	5	1	2	1	1	1
sim.872.005	none	3	4	2	2	1	1	2	2	2	0	0	0	0	0
sim.873.005	none	0	0	0	0	0	0	0	0	0	7	4	2	0	2
sim.874.005	none	0	0	2	8	3	2	3	4	5	0	0	0	0	0
sim.875.005	none	1	1	1	1	1	1	1	0	0	0	0	0	0	0
sim.876.005	none	3	3	3	4	5	4	6	6	7	0	1	1	2	2
sim.877.005	none	7	5	9	5	4	4	4	7	9	2	1	3	7	5
sim.878.005	none	1	5	1	0	0	1	1	3	3	0	0	0	0	0
sim.879.005	none	0	0	0	0	0	0	0	0	0	2	1	2	0	1
sim.88.005	none	1	1	4	2	2	2	2	0	0	2	1	1	2	2
sim.880.005	none	0	0	2	0	1	1	0	2	2	0	0	0	0	0
sim.881.005	none	1	1	1	1	2	1	1	1	1	0	0	0	0	0
sim.882.005	none	2	0	1	0	1	1	0	0	0	0	0	0	0	0
sim.883.005	none	0	0	0	0	0	0	0	0	0	1	0	0	1	2
sim.884.005	none	1	1	0	0	0	0	0	0	0	4	4	3	3	2
sim.885.005	none	1	0	2	2	2	2	2	1	1	1	3	1	0	1
sim.886.005	none	1	2	2	1	2	2	4	2	2	4	2	0	0	0
sim.887.005	none	5	7	3	4	3	3	3	3	5	0	0	0	0	0
sim.888.005	none	0	0	0	0	0	0	0	0	0	2	3	1	1	1
sim.889.005	none	3	4	3	4	5	2	5	4	2	0	2	1	1	1
sim.89.005	none	3	2	2	2	2	2	2	1	1	1	0	1	1	1
sim.890.005	none	0	0	0	0	0	0	0	0	0	0	0	3	1	2
sim.891.005	none	0	0	0	0	0	0	0	0	0	0	2	1	2	1
sim.892.005	none	0	0	0	0	0	0	0	0	0	0	0	1	2	2
sim.893.005	none	2	2	3	3	2	2	3	2	2	3	0	2	1	1
sim.894.005	none	0	0	0	0	0	0	0	0	0	7	4	0	1	1
sim.895.005	none	3	1	0	0	0	0	0	1	0	1	3	0	0	0
sim.896.005	none	0	0	2	1	1	1	2	2	2	1	1	0	1	1
sim.897.005	none	2	1	1	3	2	2	4	0	2	0	0	0	0	0
sim.898.005	none	12	9	8	7	5	6	6	2	2	0	0	0	0	0
sim.899.005	none	5	6	1	2	2	1	1	2	1	0	0	0	0	0
sim.9.005	none	0	0	0	1	0	0	0	1	3	2	3	0	0	0
sim.90.005	none	0	0	0	0	0	0	0	0	0	2	3	2	5	4
sim.900.005	none	1	1	3	1	1	1	0	0	0	0	0	0	0	0
sim.901.005	none	0	0	0	0	0	0	0	0	0	3	3	3	8	7
sim.902.005	none	1	0	0	1	1	1	1	0	0	7	13	3	5	4
sim.903.005	none	1	2	1	0	0	0	0	1	1	2	0	3	3	2
sim.904.005	none	1	2	4	7	7	8	7	4	3	2	1	3	2	2
sim.905.005	none	0	1	2	3	2	1	3	3	2	0	0	0	0	0
sim.906.005	none	0	0	0	0	0	0	0	0	0	1	1	3	2	2
sim.907.005	none	2	1	1	1	0	1	1	1	1	1	0	3	2	2
sim.908.005	none	1	1	1	1	2	2	2	1	1	3	2	2	4	3
sim.909.005	none	0	0	0	0	0	0	0	0	0	1	1	2	3	1
sim.91.005	none	0	0	0	0	0	0	0	0	0	0	2	2	2	2
sim.910.005	none	0	1	1	1	1	1	1	1	1	1	0	3	1	2
sim.911.005	none	0	0	0	0	0	0	0	0	0	0	1	2	1	2
sim.912.005	none	0	0	0	0	0	0	0	0	0	1	7	1	2	2
sim.913.005	none	0	0	0	0	0	0	0	0	0	4	3	7	4	4
sim.914.005	none	0	2	0	0	0	0	0	0	0	0	0	0	2	3
sim.915.005	none	0	0	0	0	0	0	0	0	0	0	0	3	0	4
sim.916.005	none	0	0	1	1	0	0	1	1	1	1	0	1	0	0
sim.917.005	none	1	1	2	1	1	1	1	1	1	1	1	2	1	0
sim.918.005	none	0	1	2	0	0	0	0	0	1	3	2	4	3	3
sim.919.005	none	0	0	0	0	0	0	0	0	0	1	1	2	0	0
sim.92.005	none	0	0	0	0	0	0	0	0	0	3	3	2	2	2
sim.920.005	none	2	1	0	0	0	0	0	1	1	1	2	1	1	0
sim.921.005	none	1	1	3	1	2	2	3	2	4	0	0	0	0	0
sim.922.005	none	1	1	0	1	0	0	0	1	1	3	1	1	0	1
sim.923.005	none	1	1	1	2	2	2	1	1	1	1	3	2	2	5
sim.924.005	none	0	0	0	1	0	0	1	1	4	4	1	1	2	3
sim.925.005	none	1	1	0	3	1	1	1	0	0	0	0	0	0	0
sim.926.005	none	3	1	3	5	2	4	2	3	3	0	0	0	0	0
sim.927.005	none	1	1	1	0	0	1	1	1	2	0	0	2	1	1
sim.928.005	none	2	1	1	1	2	2	2	1	1	0	0	0	0	0
sim.929.005	none	0	0	1	1	0	1	1	4	2	0	0	0	0	0
sim.93.005	none	1	1	1	1	0	0	1	1	0	0	0	0	0	0
sim.930.005	none	6	7	6	6	6	6	4	5	6	2	2	3	0	0
sim.931.005	none	0	0	0	0	0	0	0	0	0	1	1	2	0	0
sim.932.005	none	1	1	0	0	0	1	1	1	1	0	0	0	0	0
sim.933.005	none	0	0	0	0	0	0	0	0	0	2	1	0	1	1
sim.934.005	none	0	0	2	4	1	1	0	1	1	0	0	0	0	0
sim.935.005	none	1	1	2	3	4	3	3	1	3	2	1	6	5	4
sim.936.005	none	0	0	1	2	0	0	0	2	1	0	0	0	0	0
sim.937.005	none	0	0	0	0	0	0	0	0	0	1	0	3	2	1
sim.938.005	none	0	0	0	0	0	0	0	0	0	0	0	1	2	2
sim.939.005	none	2	1	1	2	1	1	1	1	1	5	3	1	2	2
sim.94.005	none	1	2	2	1	1	1	1	1	1	0	0	0	0	0
sim.940.005	none	1	1	1	1	0	1	1	1	1	0	0	0	0	0
sim.941.005	none	0	0	0	0	0	0	0	0	0	14	9	9	6	9
sim.942.005	none	0	0	0	0	0	0	0	0	0	2	3	2	1	1
sim.943.005	none	0	0	0	0	0	0	0	0	0	2	3	0	0	0
sim.944.005	none	2	5	6	5	3	3	3	2	2	0	0	0	0	0
sim.945.005	none	0	0	0	0	0	0	0	0	0	0	0	0	1	3
sim.946.005	none	0	0	0	0	0	0	0	0	0	0	0	2	1	2
sim.947.005	none	0	0	0	0	0	0	0	0	0	5	3	3	3	3
sim.948.005	none	0	0	0	0	0	0	0	0	0	0	0	2	1	1
sim.949.005	none	2	2	0	0	0	0	0	1	1	0	0	0	0	0
sim.95.005	none	0	2	1	1	1	1	1	1	1	0	0	0	0	0
sim.950.005	none	3	5	4	6	3	3	2	2	2	0	0	0	0	0
sim.951.005	none	2	2	2	0	2	1	2	1	1	0	1	4	3	3
sim.952.005	none	1	2	1	0	1	1	1	0	0	2	0	0	0	0
sim.953.005	none	0	0	0	0	0	0	0	0	0	1	3	1	1	1
sim.954.005	none	0	0	0	0	0	0	0	0	0	1	2	0	1	2
sim.955.005	none	0	1	1	0	1	0	2	1	0	0	0	0	0	0
sim.956.005	none	0	0	0	0	0	0	0	0	0	4	1	2	4	6
sim.957.005	none	1	3	1	1	4	4	2	3	3	0	0	0	0	0
sim.958.005	none	0	0	1	1	1	1	1	1	0	0	0	0	0	0
sim.959.005	none	2	5	1	2	1	1	1	1	2	0	0	3	2	1
sim.96.005	none	1	1	1	0	1	1	1	0	0	0	0	1	0	2
sim.960.005	none	1	1	1	2	1	1	1	2	1	1	0	0	0	0
sim.961.005	none	1	1	2	4	3	3	3	1	1	2	2	3	3	1
sim.962.005	none	0	0	0	0	0	0	0	0	0	1	2	0	1	0
sim.963.005	none	7	7	4	7	11	12	11	9	9	1	1	3	3	3
sim.964.005	none	1	1	4	2	4	3	3	3	3	0	0	0	0	0
sim.965.005	none	3	3	3	2	4	4	3	4	3	1	1	0	0	0
sim.966.005	none	0	0	0	0	0	0	0	0	0	1	5	7	2	2
sim.967.005	none	0	0	1	1	1	1	1	1	1	1	4	1	1	1
sim.968.005	none	0	0	0	0	0	0	0	0	0	2	2	7	8	4
sim.969.005	none	5	8	3	4	3	3	2	3	2	0	0	0	0	0
sim.97.005	none	0	0	1	2	2	2	3	1	2	0	0	1	1	1
sim.970.005	none	1	1	1	1	1	1	1	1	1	8	12	5	3	2
sim.971.005	none	1	2	3	2	4	4	3	2	2	0	0	0	0	0
sim.972.005	none	0	0	0	0	0	0	0	0	0	1	1	3	3	3
sim.973.005	none	3	4	2	0	0	0	1	1	1	1	4	4	0	1
sim.974.005	none	0	0	0	0	0	0	0	0	0	2	3	2	2	2
sim.975.005	none	3	3	1	2	1	1	1	1	1	0	0	0	1	1
sim.976.005	none	0	0	1	1	0	0	0	1	1	0	0	0	0	0
sim.977.005	none	0	0	0	0	0	0	0	0	0	3	4	2	3	2
sim.978.005	none	0	0	0	0	0	0	0	0	0	3	1	0	0	0
sim.979.005	none	5	4	3	3	3	3	5	2	3	0	0	0	0	0
sim.98.005	none	2	3	1	3	1	2	2	1	0	1	0	3	2	2
sim.980.005	none	1	1	1	1	1	1	1	1	1	2	4	4	2	3
sim.981.005	none	2	2	2	2	2	3	2	3	1	0	0	0	0	0
sim.982.005	none	1	2	0	0	0	0	0	0	0	2	0	1	0	0
sim.983.005	none	0	0	1	0	1	1	1	2	1	0	0	0	0	0
sim.984.005	none	2	1	1	0	0	0	0	1	1	1	2	2	1	0
sim.985.005	none	4	2	2	2	3	3	4	0	1	0	0	0	0	0
sim.986.005	none	0	0	0	0	0	0	0	0	0	1	3	0	0	0
sim.987.005	none	3	3	9	5	5	7	6	8	10	1	3	0	0	0
sim.988.005	none	0	0	0	0	0	0	0	0	0	6	6	1	2	3
sim.989.005	none	1	1	0	0	0	0	0	1	2	0	0	0	0	0
sim.99.005	none	1	0	0	0	0	0	0	0	0	1	0	0	1	1
sim.990.005	none	4	3	0	1	1	1	1	1	1	0	0	0	0	0
sim.991.005	none	0	0	0	0	0	0	0	0	0	4	5	4	4	4
sim.992.005	none	0	0	0	0	0	0	0	0	0	0	0	3	1	1
sim.993.005	none	1	2	5	7	8	9	7	4	3	2	1	2	0	0
sim.994.005	none	0	2	3	0	3	2	1	2	1	0	0	0	0	0
sim.995.005	none	2	3	2	2	1	2	2	0	1	0	0	0	0	0
sim.996.005	none	4	3	2	2	2	1	3	3	4	0	1	1	1	1
sim.997.005	none	0	0	0	0	0	0	0	0	0	0	0	1	4	4
sim.998.005	none	2	3	4	0	2	2	4	2	1	1	1	5	4	4
sim.999.005	none	0	1	0	1	0	1	1	2	1	0	0	0	0	0
