OGS	desc	musDom	gloMor	droWil	droPse	droYak	droMel	droAna	droVir	droMoj	culQui	aedAeg	anoDar	anoSte	anoGam
sim.0.034	none	0	0	0	0	0	0	0	0	0	0	1	4	0	0
sim.1.034	none	8	1	3	4	6	7	4	10	5	0	0	0	0	0
sim.10.034	none	4	13	0	0	0	0	0	0	0	0	0	0	0	0
sim.100.034	none	18	12	13	7	17	10	17	9	14	0	0	0	0	0
sim.101.034	none	23	18	10	6	3	9	8	11	16	0	0	0	0	0
sim.102.034	none	0	0	0	0	0	0	0	0	0	39	27	16	6	10
sim.103.034	none	1	1	0	5	9	8	3	2	0	0	0	0	0	0
sim.104.034	none	12	15	1	3	0	1	1	1	0	0	0	0	0	0
sim.105.034	none	0	0	0	0	0	0	0	0	0	1	0	25	6	2
sim.106.034	none	0	0	0	0	0	0	0	0	0	3	1	6	3	4
sim.107.034	none	0	0	0	0	0	0	0	0	0	0	10	7	15	10
sim.108.034	none	11	17	4	0	0	0	2	0	0	0	0	0	0	0
sim.109.034	none	0	0	0	0	0	0	0	0	0	18	13	1	0	1
sim.11.034	none	0	0	0	0	0	0	0	0	0	21	17	0	0	2
sim.110.034	none	0	0	0	0	0	0	0	0	0	0	0	19	4	8
sim.111.034	none	7	4	0	0	0	0	0	0	0	4	0	8	2	1
sim.112.034	none	3	5	0	0	0	0	0	0	0	0	0	0	0	0
sim.113.034	none	0	0	0	0	0	0	0	0	0	3	1	0	10	5
sim.114.034	none	15	12	7	7	14	24	12	5	6	0	0	0	0	0
sim.115.034	none	0	0	0	0	0	0	0	0	0	15	2	7	3	3
sim.116.034	none	0	0	0	0	0	0	0	0	0	0	4	0	0	0
sim.117.034	none	0	0	0	0	0	0	0	0	0	38	17	2	11	3
sim.118.034	none	0	0	0	0	0	0	0	0	0	16	1	0	0	0
sim.119.034	none	0	0	0	0	0	0	0	0	0	0	0	0	2	4
sim.12.034	none	0	0	0	0	0	0	0	0	0	0	0	0	1	9
sim.120.034	none	8	13	14	14	9	8	8	37	29	11	2	15	5	8
sim.121.034	none	0	0	0	0	0	0	0	0	0	0	0	0	9	4
sim.122.034	none	0	0	0	0	0	0	0	0	0	0	0	1	3	1
sim.123.034	none	0	0	0	0	0	0	0	0	0	0	5	0	0	0
sim.124.034	none	0	0	0	0	0	0	0	0	0	3	7	4	13	9
sim.125.034	none	1	3	2	1	3	3	3	0	0	0	0	0	0	0
sim.126.034	none	0	0	0	0	0	0	0	0	0	13	3	9	7	18
sim.127.034	none	0	5	1	3	4	4	6	0	0	45	40	18	16	22
sim.128.034	none	0	0	0	0	0	0	0	0	0	15	40	10	1	3
sim.129.034	none	6	6	33	60	26	35	29	36	35	0	0	0	0	0
sim.13.034	none	6	2	3	0	1	4	2	9	12	0	0	0	0	0
sim.130.034	none	8	5	28	16	18	12	9	24	25	0	0	0	0	0
sim.131.034	none	1	0	13	9	6	7	7	14	27	0	0	0	0	0
sim.132.034	none	0	0	0	0	0	0	0	0	0	3	1	2	5	2
sim.133.034	none	0	0	0	0	0	0	0	0	0	21	11	1	7	3
sim.134.034	none	8	21	2	4	6	7	6	8	3	0	0	0	0	0
sim.135.034	none	0	0	0	0	0	0	0	0	0	15	28	19	23	14
sim.136.034	none	0	0	0	0	0	0	0	0	0	5	5	0	0	0
sim.137.034	none	0	0	0	0	0	0	0	0	0	12	2	17	8	20
sim.138.034	none	0	0	0	0	0	0	0	0	0	1	6	10	13	17
sim.139.034	none	0	0	0	0	0	0	0	0	0	0	0	7	0	0
sim.14.034	none	0	0	0	0	0	0	0	0	0	2	4	0	0	0
sim.140.034	none	0	0	0	0	0	0	0	0	0	7	5	12	1	5
sim.141.034	none	0	0	0	0	0	0	0	0	0	0	2	8	2	5
sim.142.034	none	13	13	1	5	10	6	8	3	0	0	0	0	0	0
sim.143.034	none	0	0	0	0	0	0	0	0	0	28	34	13	26	35
sim.144.034	none	11	18	8	11	8	18	4	6	5	0	0	0	0	0
sim.145.034	none	0	0	0	2	1	0	0	3	2	0	0	0	0	0
sim.146.034	none	0	0	0	0	0	0	0	0	0	1	9	32	3	6
sim.147.034	none	0	0	0	0	0	0	0	0	0	0	0	4	9	5
sim.148.034	none	0	0	15	10	5	4	3	0	0	0	0	0	0	0
sim.149.034	none	0	0	7	0	3	0	0	3	5	0	0	0	0	0
sim.15.034	none	9	15	1	10	10	6	13	8	5	0	0	0	0	0
sim.150.034	none	0	0	0	0	0	0	0	0	0	20	26	24	0	4
sim.151.034	none	16	17	27	26	20	19	24	33	32	0	0	0	0	0
sim.152.034	none	8	9	23	13	8	13	13	23	9	0	0	0	0	0
sim.153.034	none	0	0	0	0	0	0	0	0	0	13	6	0	0	0
sim.154.034	none	8	6	0	0	0	0	0	0	0	0	0	0	0	0
sim.155.034	none	0	0	0	0	0	0	0	0	0	2	5	0	0	0
sim.156.034	none	0	0	0	0	0	0	0	0	0	0	0	7	5	8
sim.157.034	none	0	0	0	0	0	0	0	0	0	18	20	3	34	19
sim.158.034	none	17	20	4	16	4	9	16	10	12	0	0	0	0	0
sim.159.034	none	0	0	0	0	0	0	0	0	0	0	0	1	2	2
sim.16.034	none	0	0	0	0	0	0	0	0	0	0	0	0	4	4
sim.160.034	none	0	0	0	0	0	0	0	0	0	2	7	3	3	10
sim.161.034	none	5	4	5	7	10	6	9	16	3	0	0	11	8	4
sim.162.034	none	0	0	0	0	0	0	0	0	0	0	0	4	2	4
sim.163.034	none	0	0	0	0	0	0	0	0	0	0	0	4	4	5
sim.164.034	none	0	0	0	0	0	0	0	0	0	4	0	0	5	6
sim.165.034	none	0	0	0	0	0	0	0	0	0	8	2	15	5	4
sim.166.034	none	2	2	0	0	0	0	0	7	6	0	0	0	0	0
sim.167.034	none	5	4	1	1	5	5	4	4	4	0	2	0	0	0
sim.168.034	none	0	0	0	0	0	0	0	0	0	11	0	5	20	12
sim.169.034	none	0	0	0	0	0	0	0	0	0	28	0	45	31	34
sim.17.034	none	0	0	0	0	0	0	0	0	0	2	0	2	16	11
sim.170.034	none	0	0	0	0	0	0	0	0	0	11	15	0	0	0
sim.171.034	none	0	0	0	0	0	0	0	0	0	31	57	31	34	34
sim.172.034	none	6	16	4	6	4	6	7	18	14	0	0	0	0	0
sim.173.034	none	0	0	0	0	0	0	0	0	0	8	0	38	28	48
sim.174.034	none	0	3	4	0	6	1	0	0	1	5	17	10	14	9
sim.175.034	none	44	18	10	45	8	11	16	7	15	0	0	0	0	0
sim.176.034	none	0	0	3	1	0	0	0	0	0	0	0	0	0	0
sim.177.034	none	0	0	4	6	1	4	5	0	0	0	0	0	0	0
sim.178.034	none	0	0	0	0	0	0	0	0	0	26	27	18	15	5
sim.179.034	none	0	0	0	0	0	0	0	0	0	7	29	10	12	7
sim.18.034	none	9	0	16	29	6	6	10	3	12	0	0	0	0	0
sim.180.034	none	0	0	0	0	0	0	0	0	0	1	0	7	4	11
sim.181.034	none	12	7	26	41	26	24	34	27	24	0	0	0	0	0
sim.182.034	none	25	8	2	0	2	2	0	0	0	0	0	0	0	0
sim.183.034	none	14	10	8	23	19	21	15	20	18	0	0	0	0	0
sim.184.034	none	2	3	0	0	0	0	0	0	0	0	0	0	0	0
sim.185.034	none	0	0	8	3	0	5	0	5	8	0	0	0	0	0
sim.186.034	none	0	0	0	0	0	0	0	0	0	11	11	3	1	10
sim.187.034	none	0	0	10	8	2	0	5	16	3	0	0	0	0	0
sim.188.034	none	0	0	0	0	0	0	0	0	0	0	11	0	5	2
sim.189.034	none	0	0	0	0	0	0	0	0	0	24	33	10	3	0
sim.19.034	none	0	0	0	0	0	0	0	0	0	0	0	4	1	4
sim.190.034	none	0	0	0	0	0	0	0	0	0	0	0	0	5	8
sim.191.034	none	0	0	0	0	0	0	0	0	0	0	0	10	0	0
sim.192.034	none	0	2	12	14	7	5	12	7	13	0	0	0	0	0
sim.193.034	none	0	0	0	0	0	0	0	0	0	19	42	24	36	32
sim.194.034	none	0	0	0	0	0	0	0	0	0	0	0	9	17	19
sim.195.034	none	12	10	2	14	2	7	3	16	24	0	0	0	0	0
sim.196.034	none	7	3	3	2	0	1	5	6	6	0	0	0	0	0
sim.197.034	none	0	0	0	0	0	0	0	0	0	1	11	8	9	2
sim.198.034	none	0	0	0	0	0	0	0	0	0	0	0	17	13	3
sim.199.034	none	0	0	0	0	0	0	0	0	0	10	12	1	4	3
sim.2.034	none	3	4	1	0	0	0	3	2	0	0	2	0	3	0
sim.20.034	none	0	0	3	2	5	5	2	3	11	0	0	0	0	0
sim.200.034	none	0	0	6	1	4	3	2	0	0	0	0	0	0	0
sim.201.034	none	0	0	0	0	0	0	0	0	0	40	1	11	13	21
sim.202.034	none	9	0	7	3	12	11	9	4	2	0	0	0	0	0
sim.203.034	none	15	2	0	9	4	4	7	6	7	0	0	0	0	0
sim.204.034	none	5	1	20	27	16	9	13	6	4	0	0	0	0	0
sim.205.034	none	10	11	20	7	12	11	17	28	18	0	0	0	0	0
sim.206.034	none	0	0	19	4	4	2	3	6	7	0	0	0	0	0
sim.207.034	none	0	0	0	0	0	0	0	0	0	6	12	0	0	0
sim.208.034	none	0	4	0	4	1	0	4	12	14	11	9	0	0	0
sim.209.034	none	0	0	0	0	0	0	0	0	0	24	8	0	0	0
sim.21.034	none	0	0	0	0	0	0	0	0	0	10	1	0	0	0
sim.210.034	none	0	0	0	0	0	0	0	0	0	15	13	0	1	5
sim.211.034	none	0	0	0	0	0	0	0	0	0	5	10	15	9	6
sim.212.034	none	3	1	21	1	1	1	5	1	2	0	0	0	1	0
sim.213.034	none	0	0	0	0	0	0	0	0	0	2	3	4	24	53
sim.214.034	none	3	10	8	41	33	28	31	8	4	0	0	0	0	0
sim.215.034	none	2	2	0	7	0	1	0	0	1	0	0	2	1	11
sim.216.034	none	4	2	0	0	0	0	0	0	0	0	0	0	0	0
sim.217.034	none	25	2	4	0	8	8	11	3	2	0	0	0	0	0
sim.218.034	none	6	7	7	0	2	8	3	2	4	0	0	0	0	0
sim.219.034	none	0	0	0	0	0	0	0	0	0	11	4	10	28	20
sim.22.034	none	4	13	27	17	19	15	14	28	34	0	0	0	0	0
sim.220.034	none	13	2	16	5	0	0	0	6	6	0	0	0	0	0
sim.221.034	none	0	0	0	0	0	0	0	0	0	4	0	0	0	0
sim.222.034	none	0	0	0	0	0	0	0	0	0	49	45	8	43	27
sim.223.034	none	18	11	42	64	29	29	45	34	25	15	20	6	8	19
sim.224.034	none	0	0	1	6	4	2	7	2	1	0	0	0	0	0
sim.225.034	none	0	0	0	0	0	0	0	0	0	14	20	1	0	0
sim.226.034	none	0	4	0	3	3	6	3	0	0	0	0	0	0	0
sim.227.034	none	0	0	0	0	0	0	0	0	0	8	1	5	7	5
sim.228.034	none	0	0	0	0	0	0	0	0	0	14	3	0	0	0
sim.229.034	none	1	1	1	0	1	1	0	0	0	4	6	0	0	0
sim.23.034	none	25	12	27	22	10	12	20	12	15	0	0	0	0	0
sim.230.034	none	21	6	35	25	19	21	17	7	13	0	0	0	0	0
sim.231.034	none	0	0	0	0	0	0	0	0	0	0	0	6	8	5
sim.232.034	none	0	0	0	0	0	0	0	0	0	0	18	0	0	0
sim.233.034	none	0	0	4	15	1	2	0	0	0	0	0	0	0	0
sim.234.034	none	0	0	0	0	0	0	0	0	0	2	6	1	2	3
sim.235.034	none	0	0	0	0	0	0	0	0	0	4	0	37	24	14
sim.236.034	none	4	0	13	17	2	2	8	2	1	10	4	6	12	1
sim.237.034	none	27	9	5	12	21	21	31	28	16	0	0	0	0	0
sim.238.034	none	25	13	33	51	66	66	26	46	41	0	0	0	0	0
sim.239.034	none	5	13	7	4	12	12	12	5	10	0	0	0	0	0
sim.24.034	none	0	0	0	0	0	0	0	0	0	5	0	4	13	2
sim.240.034	none	0	0	0	0	0	0	0	0	0	0	0	19	0	2
sim.241.034	none	0	0	0	0	0	0	0	0	0	14	13	2	1	6
sim.242.034	none	4	1	35	17	38	29	32	14	21	0	0	0	0	0
sim.243.034	none	0	0	0	0	0	0	0	0	0	11	5	0	0	0
sim.244.034	none	0	0	0	0	0	0	0	0	0	2	0	24	8	22
sim.245.034	none	11	4	6	8	13	14	10	14	20	2	6	0	0	0
sim.246.034	none	4	10	1	0	0	0	0	2	5	0	0	0	0	0
sim.247.034	none	0	0	0	0	0	0	0	0	0	0	0	9	18	15
sim.248.034	none	0	0	0	0	0	0	0	0	0	0	4	8	9	1
sim.249.034	none	5	2	13	16	13	15	5	4	6	0	0	0	0	0
sim.25.034	none	3	5	0	0	0	0	0	0	0	0	0	0	0	0
sim.250.034	none	0	0	0	0	0	0	0	0	0	7	1	0	0	8
sim.251.034	none	0	0	0	0	0	0	0	0	0	4	2	11	8	6
sim.252.034	none	0	0	5	0	0	1	0	6	8	0	0	0	0	0
sim.253.034	none	1	0	2	1	2	1	5	0	1	7	18	3	6	0
sim.254.034	none	5	8	12	5	13	8	10	8	13	18	9	12	7	3
sim.255.034	none	0	0	0	0	0	0	0	0	0	0	0	14	28	27
sim.256.034	none	0	0	0	0	0	0	0	0	0	12	0	0	0	0
sim.257.034	none	1	4	0	0	2	2	4	0	1	0	0	0	0	0
sim.258.034	none	0	0	0	0	0	0	0	0	0	27	2	0	13	22
sim.259.034	none	5	15	0	0	0	0	0	0	0	0	0	0	0	0
sim.26.034	none	0	0	0	0	0	0	0	0	0	1	3	6	10	15
sim.260.034	none	0	0	0	0	0	0	0	0	0	9	1	13	23	17
sim.261.034	none	0	0	0	0	0	0	0	0	0	6	7	2	0	3
sim.262.034	none	20	33	7	4	1	0	4	5	13	0	0	0	0	0
sim.263.034	none	0	0	0	0	0	0	0	0	0	31	31	18	12	16
sim.264.034	none	0	0	0	0	0	0	0	0	0	8	16	0	0	0
sim.265.034	none	0	0	0	0	0	0	0	0	0	8	6	0	0	0
sim.266.034	none	0	0	5	7	11	9	6	0	0	0	0	0	0	0
sim.267.034	none	0	0	0	0	0	0	0	0	0	6	11	26	5	4
sim.268.034	none	0	0	0	0	0	0	0	0	0	8	5	31	22	28
sim.269.034	none	0	0	4	14	11	18	15	3	4	0	0	0	0	0
sim.27.034	none	30	12	34	35	41	49	52	38	26	0	0	0	0	0
sim.270.034	none	51	61	7	10	18	27	21	3	3	0	0	0	0	0
sim.271.034	none	0	0	0	0	0	0	0	0	0	7	8	0	0	0
sim.272.034	none	7	17	4	9	27	28	33	5	23	0	0	0	0	0
sim.273.034	none	0	0	0	0	0	0	0	0	0	0	0	1	8	9
sim.274.034	none	0	0	0	0	0	0	0	0	0	13	0	0	0	0
sim.275.034	none	27	7	14	12	11	13	5	18	24	0	0	0	0	0
sim.276.034	none	24	22	28	16	18	19	17	30	26	0	0	0	0	0
sim.277.034	none	0	0	0	0	0	0	0	0	0	17	5	21	9	25
sim.278.034	none	0	0	0	0	0	0	0	0	0	0	0	2	19	12
sim.279.034	none	0	0	0	0	0	0	0	0	0	2	0	3	0	0
sim.28.034	none	0	0	0	0	0	0	0	0	0	11	10	0	0	0
sim.280.034	none	0	0	2	0	3	3	3	6	4	0	0	0	0	0
sim.281.034	none	7	15	11	17	8	9	29	11	16	0	0	0	0	0
sim.282.034	none	0	0	0	0	0	0	0	0	0	0	0	20	25	24
sim.283.034	none	0	0	0	0	0	0	0	0	0	0	2	7	8	9
sim.284.034	none	0	0	0	0	0	0	0	0	0	29	20	1	1	0
sim.285.034	none	0	0	0	5	2	2	1	19	9	0	0	0	0	0
sim.286.034	none	14	18	40	23	22	27	17	18	23	0	0	0	0	0
sim.287.034	none	0	0	0	0	0	0	0	0	0	0	0	9	4	7
sim.288.034	none	0	12	5	9	4	0	2	2	0	0	0	0	0	0
sim.289.034	none	3	1	0	0	0	0	0	0	0	0	0	0	0	0
sim.29.034	none	0	3	1	3	8	3	6	6	6	0	0	0	0	0
sim.290.034	none	0	0	0	0	0	0	0	0	0	5	22	1	15	9
sim.291.034	none	21	35	25	7	8	8	7	12	9	0	0	0	0	0
sim.292.034	none	0	0	0	0	0	0	0	0	0	0	0	3	39	22
sim.293.034	none	0	0	0	0	0	0	0	0	0	3	0	1	0	0
sim.294.034	none	0	0	0	0	0	0	0	0	0	0	0	20	11	16
sim.295.034	none	0	0	0	0	0	0	0	0	0	16	20	0	0	0
sim.296.034	none	12	8	28	16	19	17	18	16	18	0	0	0	0	0
sim.297.034	none	0	0	0	0	0	0	0	0	0	0	0	0	3	11
sim.298.034	none	0	0	0	0	0	0	0	0	0	0	4	0	0	0
sim.299.034	none	10	3	0	0	0	0	0	0	0	0	0	0	0	0
sim.3.034	none	0	0	6	6	10	5	2	1	5	0	0	0	0	0
sim.30.034	none	0	0	0	0	0	0	0	0	0	46	61	18	18	21
sim.300.034	none	0	0	0	0	0	0	0	0	0	0	0	1	2	9
sim.301.034	none	1	6	12	6	2	4	8	8	6	0	0	0	0	0
sim.302.034	none	19	15	5	6	9	5	12	10	10	0	0	0	0	0
sim.303.034	none	3	4	10	19	12	16	15	12	14	0	0	0	0	0
sim.304.034	none	0	0	5	0	1	1	5	0	0	0	0	0	0	0
sim.305.034	none	0	0	0	0	0	0	0	0	0	23	21	0	0	0
sim.306.034	none	0	0	0	0	0	0	0	0	0	23	8	17	8	13
sim.307.034	none	0	0	21	13	6	14	13	20	4	0	0	0	0	0
sim.308.034	none	0	0	2	4	6	8	0	10	4	0	0	0	0	0
sim.309.034	none	0	0	0	0	0	0	0	0	0	4	0	36	7	18
sim.31.034	none	6	12	11	9	12	10	14	1	8	0	0	0	0	0
sim.310.034	none	0	0	0	0	0	0	0	0	0	2	13	0	10	3
sim.311.034	none	0	0	0	0	0	0	0	0	0	0	0	12	7	8
sim.312.034	none	0	0	4	4	0	1	5	2	1	0	0	0	0	0
sim.313.034	none	0	5	1	1	0	0	0	0	1	0	0	0	0	0
sim.314.034	none	9	5	10	0	0	0	1	4	4	0	0	0	0	0
sim.315.034	none	35	32	3	1	6	2	8	1	0	0	0	0	0	0
sim.316.034	none	12	3	8	4	3	2	0	2	2	0	0	0	0	0
sim.317.034	none	0	0	0	0	0	0	0	0	0	2	7	11	0	0
sim.318.034	none	16	6	2	9	20	11	10	0	1	1	5	7	2	17
sim.319.034	none	0	0	0	0	0	0	0	0	0	25	22	8	10	30
sim.32.034	none	0	0	0	0	0	0	0	0	0	10	12	0	0	0
sim.320.034	none	0	0	8	22	6	9	3	0	0	0	0	6	6	2
sim.321.034	none	6	10	0	0	6	6	1	0	0	0	0	0	0	0
sim.322.034	none	0	0	0	0	0	0	0	0	0	33	19	0	0	0
sim.323.034	none	13	20	4	10	3	3	0	15	9	0	0	0	0	0
sim.324.034	none	0	0	0	0	0	0	0	0	0	1	0	1	4	4
sim.325.034	none	0	0	0	0	0	0	0	0	0	0	2	10	7	14
sim.326.034	none	0	0	0	0	0	0	0	0	0	27	11	0	0	0
sim.327.034	none	10	9	4	5	9	12	3	2	0	0	0	0	0	0
sim.328.034	none	17	18	13	7	17	19	11	15	12	0	0	0	0	0
sim.329.034	none	0	0	0	0	0	0	0	0	0	8	0	28	27	26
sim.33.034	none	0	0	0	0	0	0	0	0	0	8	7	5	0	0
sim.330.034	none	0	0	0	0	0	0	0	0	0	17	0	0	0	0
sim.331.034	none	0	0	0	0	0	0	0	0	0	0	0	1	12	7
sim.332.034	none	1	7	24	9	4	6	8	6	9	0	0	0	0	0
sim.333.034	none	2	0	1	2	1	1	0	0	0	0	0	0	0	0
sim.334.034	none	0	0	0	0	0	0	0	0	0	1	0	5	0	0
sim.335.034	none	0	0	0	0	0	0	0	0	0	28	14	8	6	2
sim.336.034	none	0	0	0	0	0	0	0	0	0	0	0	3	12	13
sim.337.034	none	0	0	0	0	0	0	0	0	0	7	4	0	0	0
sim.338.034	none	7	12	0	0	0	0	0	0	0	0	0	0	0	0
sim.339.034	none	0	0	29	6	21	27	13	14	0	0	0	0	0	0
sim.34.034	none	6	6	5	14	10	5	7	0	1	0	0	0	0	0
sim.340.034	none	0	0	0	0	0	0	0	0	0	18	3	1	0	0
sim.341.034	none	5	0	4	0	2	2	3	4	10	0	0	0	0	0
sim.342.034	none	0	0	0	0	0	0	0	0	0	5	5	0	0	0
sim.343.034	none	0	0	0	0	0	0	0	0	0	3	3	0	5	8
sim.344.034	none	9	9	12	1	17	19	15	3	1	0	0	0	0	0
sim.345.034	none	0	0	0	0	0	0	0	0	0	0	0	4	0	0
sim.346.034	none	0	0	0	0	0	0	0	0	0	0	0	23	14	23
sim.347.034	none	0	0	0	0	0	0	0	0	0	11	13	0	0	0
sim.348.034	none	0	0	0	0	0	0	0	0	0	3	1	0	0	0
sim.349.034	none	0	0	0	0	0	0	0	0	0	28	8	3	6	4
sim.35.034	none	0	0	0	0	0	0	0	0	0	10	3	0	0	0
sim.350.034	none	0	0	0	0	0	0	0	0	0	12	1	0	2	3
sim.351.034	none	5	4	0	0	0	0	0	0	0	0	0	0	0	0
sim.352.034	none	0	0	0	0	0	0	0	0	0	2	6	16	4	5
sim.353.034	none	0	0	0	0	0	0	0	0	0	10	20	0	0	0
sim.354.034	none	0	0	0	0	0	0	0	0	0	5	0	7	4	4
sim.355.034	none	0	0	0	0	0	0	0	0	0	31	4	0	0	0
sim.356.034	none	0	0	0	0	0	0	0	0	0	8	0	45	12	11
sim.357.034	none	9	13	14	15	21	26	21	4	12	0	0	0	0	0
sim.358.034	none	0	0	0	0	0	0	0	0	0	1	1	5	7	6
sim.359.034	none	0	0	0	0	0	0	0	0	0	1	10	0	0	2
sim.36.034	none	0	0	0	0	0	0	0	0	0	0	6	0	0	0
sim.360.034	none	14	2	12	4	8	6	16	11	24	0	0	0	0	0
sim.361.034	none	14	25	5	19	12	12	18	21	17	0	0	0	0	0
sim.362.034	none	0	0	0	0	0	0	0	0	0	0	1	12	0	0
sim.363.034	none	0	0	0	0	0	0	0	0	0	0	0	2	3	1
sim.364.034	none	0	0	0	0	0	0	0	0	0	3	1	9	4	10
sim.365.034	none	0	0	0	0	0	0	0	0	0	4	32	46	22	37
sim.366.034	none	0	0	0	0	0	0	0	0	0	0	4	0	0	0
sim.367.034	none	0	0	4	13	5	5	0	7	5	0	0	0	0	0
sim.368.034	none	8	9	0	0	0	0	0	0	0	12	16	5	1	11
sim.369.034	none	13	7	0	0	0	0	0	0	0	0	0	0	0	0
sim.37.034	none	3	4	0	0	0	0	0	0	0	10	27	2	16	29
sim.370.034	none	7	10	0	0	0	0	0	0	0	0	0	0	0	0
sim.371.034	none	7	15	18	12	14	29	13	17	23	0	0	7	3	5
sim.372.034	none	18	25	25	24	5	3	18	5	16	0	0	0	0	0
sim.373.034	none	0	0	0	0	0	0	0	0	0	4	0	18	5	12
sim.374.034	none	19	13	14	25	22	23	28	19	8	0	0	0	0	0
sim.375.034	none	0	0	0	0	0	0	0	0	0	29	17	3	0	8
sim.376.034	none	0	0	0	0	0	0	0	0	0	7	7	3	2	4
sim.377.034	none	18	13	13	9	25	29	24	2	5	0	0	19	1	15
sim.378.034	none	15	11	22	38	19	23	25	0	1	0	0	0	0	0
sim.379.034	none	11	8	19	14	18	16	19	3	17	0	0	0	0	0
sim.38.034	none	0	0	0	0	0	0	0	0	0	5	5	0	0	0
sim.380.034	none	1	3	9	9	6	6	15	11	8	0	0	0	0	0
sim.381.034	none	0	0	0	0	0	0	0	0	0	3	2	9	7	5
sim.382.034	none	5	0	8	6	8	4	3	14	7	0	0	0	0	0
sim.383.034	none	0	0	0	0	0	0	0	0	0	0	0	10	10	8
sim.384.034	none	0	0	0	0	0	0	0	0	0	10	16	10	14	10
sim.385.034	none	0	0	0	0	0	0	0	0	0	2	0	3	7	1
sim.386.034	none	41	27	11	17	7	5	2	11	7	0	0	0	0	0
sim.387.034	none	0	9	2	2	2	3	4	3	10	0	0	0	0	0
sim.388.034	none	2	0	1	1	0	0	0	6	0	0	0	0	0	0
sim.389.034	none	19	9	5	13	8	4	17	11	7	0	0	14	6	4
sim.39.034	none	5	6	3	8	5	8	2	30	21	0	0	0	0	0
sim.390.034	none	0	0	0	0	0	0	0	0	0	0	0	4	0	5
sim.391.034	none	5	4	6	4	3	4	11	7	9	33	27	13	14	23
sim.392.034	none	20	15	17	7	2	5	5	21	24	0	0	0	0	0
sim.393.034	none	0	0	0	0	0	0	0	0	0	0	0	5	17	20
sim.394.034	none	0	0	6	19	6	4	3	8	15	0	0	0	0	0
sim.395.034	none	0	0	0	0	0	0	0	0	0	5	2	0	2	1
sim.396.034	none	15	0	5	0	2	5	0	0	2	0	0	0	0	0
sim.397.034	none	1	3	0	0	0	0	0	0	0	0	0	0	0	0
sim.398.034	none	3	14	0	0	0	0	0	0	0	0	0	20	23	29
sim.399.034	none	0	0	0	0	0	0	0	0	0	0	8	0	0	0
sim.4.034	none	0	0	0	0	0	0	0	0	0	0	12	1	9	7
sim.40.034	none	50	79	48	32	54	58	54	60	38	0	0	0	0	0
sim.400.034	none	11	10	7	17	4	6	11	17	18	0	0	0	0	0
sim.401.034	none	0	0	0	0	0	0	0	0	0	3	1	2	7	14
sim.402.034	none	0	0	0	0	0	0	0	0	0	10	1	5	0	2
sim.403.034	none	0	0	0	0	11	7	3	4	6	0	0	0	0	0
sim.404.034	none	0	0	0	0	0	0	0	0	0	4	0	12	0	0
sim.405.034	none	15	4	0	0	13	5	3	4	2	0	0	0	0	0
sim.406.034	none	0	0	0	0	0	0	0	0	0	0	0	0	3	11
sim.407.034	none	0	0	0	0	0	0	0	0	0	7	3	19	9	1
sim.408.034	none	0	0	0	0	0	0	0	0	0	4	0	0	3	0
sim.409.034	none	0	0	0	0	0	0	0	0	0	0	0	11	2	2
sim.41.034	none	0	5	0	11	1	1	1	5	1	5	3	0	0	0
sim.410.034	none	20	26	15	13	22	21	27	17	24	0	0	0	0	0
sim.411.034	none	0	0	0	0	0	0	0	0	0	0	0	0	2	2
sim.412.034	none	4	0	3	0	0	0	0	0	1	0	0	0	0	0
sim.413.034	none	0	0	0	0	0	0	0	0	0	4	6	12	10	9
sim.414.034	none	0	1	8	2	2	2	10	4	12	0	0	0	0	0
sim.415.034	none	0	2	0	7	8	8	21	24	19	0	0	0	0	0
sim.416.034	none	0	0	0	0	0	0	0	0	0	0	0	7	0	0
sim.417.034	none	0	0	0	0	0	0	0	0	0	0	0	1	4	1
sim.418.034	none	0	0	0	0	0	0	0	0	0	6	0	6	11	3
sim.419.034	none	0	0	0	0	0	0	0	0	0	8	3	0	0	0
sim.42.034	none	0	0	0	0	0	0	0	0	0	13	9	1	1	3
sim.420.034	none	5	4	2	1	2	3	5	1	1	0	0	0	0	0
sim.421.034	none	0	0	0	0	0	0	0	0	0	7	22	82	55	47
sim.422.034	none	7	15	17	23	11	14	8	11	9	4	5	12	10	5
sim.423.034	none	0	0	1	8	5	4	4	0	0	0	0	0	0	0
sim.424.034	none	0	0	0	0	0	0	0	0	0	4	5	5	9	4
sim.425.034	none	9	4	7	0	0	0	0	0	0	0	0	0	0	0
sim.426.034	none	12	1	9	0	3	2	0	3	1	0	0	0	0	0
sim.427.034	none	0	0	0	0	0	0	0	0	0	16	4	0	8	8
sim.428.034	none	19	13	2	19	37	40	22	4	3	0	0	0	0	0
sim.429.034	none	0	1	2	0	1	1	2	3	5	0	0	0	0	0
sim.43.034	none	0	0	0	0	0	0	0	0	0	0	0	5	8	2
sim.430.034	none	3	7	0	0	0	0	0	0	0	0	0	0	0	0
sim.431.034	none	0	0	0	0	0	0	0	0	0	15	22	9	4	5
sim.432.034	none	0	0	3	9	7	13	21	6	2	0	0	0	0	0
sim.433.034	none	12	8	0	1	0	0	0	4	0	0	0	0	0	0
sim.434.034	none	0	0	5	1	2	5	4	5	3	0	0	5	2	0
sim.435.034	none	0	0	2	4	2	3	1	1	0	0	0	0	0	0
sim.436.034	none	2	18	9	2	10	9	10	14	12	0	0	0	0	0
sim.437.034	none	0	0	7	0	0	0	0	19	8	0	0	0	0	0
sim.438.034	none	0	6	6	3	10	11	4	13	8	0	0	0	0	0
sim.439.034	none	12	6	39	19	27	34	25	25	16	0	0	0	0	0
sim.44.034	none	10	2	1	0	1	1	9	2	2	4	1	2	1	6
sim.440.034	none	7	5	3	4	0	0	0	2	7	0	0	0	0	0
sim.441.034	none	0	0	8	14	18	7	16	9	8	0	0	0	0	0
sim.442.034	none	13	47	30	34	24	24	49	23	18	0	0	0	0	0
sim.443.034	none	0	0	0	0	0	0	0	0	0	8	0	0	0	0
sim.444.034	none	5	0	14	10	14	9	16	16	19	0	0	0	0	0
sim.445.034	none	0	0	0	0	0	0	0	0	0	0	0	4	0	0
sim.446.034	none	0	0	0	0	0	0	0	0	0	2	10	0	0	0
sim.447.034	none	0	0	0	0	0	0	0	0	0	34	35	0	1	2
sim.448.034	none	1	7	0	1	3	2	4	9	1	0	0	0	0	0
sim.449.034	none	12	21	23	19	20	14	14	33	42	0	0	0	0	0
sim.45.034	none	4	3	15	15	12	20	9	4	11	0	15	0	0	0
sim.450.034	none	0	0	0	0	0	0	0	0	0	3	6	0	2	0
sim.451.034	none	0	10	4	0	0	0	0	2	1	0	0	0	1	1
sim.452.034	none	0	0	0	0	0	0	0	0	0	14	27	25	23	27
sim.453.034	none	20	15	8	20	14	14	14	18	15	0	0	0	0	0
sim.454.034	none	7	1	12	2	13	17	7	1	1	0	0	0	0	0
sim.455.034	none	13	12	6	5	7	13	8	15	17	0	0	0	0	0
sim.456.034	none	0	0	0	0	0	0	0	0	0	10	4	0	0	0
sim.457.034	none	0	0	0	0	0	0	0	0	0	18	10	0	0	0
sim.458.034	none	0	0	0	0	0	0	0	0	0	8	3	28	3	2
sim.459.034	none	41	13	0	3	6	3	2	4	4	0	0	0	0	0
sim.46.034	none	0	0	0	0	0	0	0	0	0	17	28	7	13	3
sim.460.034	none	13	6	1	3	0	0	0	10	8	0	0	0	0	0
sim.461.034	none	0	0	0	0	0	0	0	0	0	7	8	18	7	18
sim.462.034	none	1	0	1	6	13	8	12	0	2	0	0	0	0	0
sim.463.034	none	4	0	2	0	9	17	0	5	0	0	0	0	0	0
sim.464.034	none	0	0	0	0	0	0	0	0	0	1	3	3	9	10
sim.465.034	none	12	4	0	0	6	2	1	6	4	0	0	0	0	0
sim.466.034	none	0	0	0	0	0	0	0	0	0	12	4	0	0	0
sim.467.034	none	0	0	0	0	0	0	0	0	0	0	1	6	7	8
sim.468.034	none	0	0	4	0	2	2	4	1	0	0	0	0	0	0
sim.469.034	none	0	0	0	0	0	0	0	0	0	5	6	12	4	9
sim.47.034	none	0	0	0	0	0	0	0	0	0	0	6	0	0	0
sim.470.034	none	2	5	0	0	0	0	0	0	0	12	0	7	2	0
sim.471.034	none	32	25	1	0	0	0	0	0	0	0	0	0	0	0
sim.472.034	none	0	0	0	0	0	0	0	0	0	8	13	40	45	35
sim.473.034	none	55	43	36	11	15	11	8	27	22	0	0	0	0	0
sim.474.034	none	9	13	4	12	8	8	16	8	8	0	0	0	0	0
sim.475.034	none	0	0	0	0	0	0	0	0	0	9	5	13	22	26
sim.476.034	none	13	7	0	0	0	0	0	0	0	12	7	4	6	4
sim.477.034	none	0	0	0	0	0	0	0	0	0	34	3	5	2	1
sim.478.034	none	0	2	6	0	4	4	9	0	0	0	0	0	0	0
sim.479.034	none	0	0	0	0	0	0	0	0	0	0	4	0	0	0
sim.48.034	none	0	0	0	0	0	0	0	0	0	8	4	6	19	13
sim.480.034	none	7	4	0	0	0	0	0	0	2	0	0	0	0	0
sim.481.034	none	0	0	0	0	0	0	0	0	0	0	0	5	22	31
sim.482.034	none	0	0	1	3	3	0	2	0	0	0	0	0	0	0
sim.483.034	none	0	6	8	15	9	11	13	9	13	0	0	0	0	0
sim.484.034	none	5	7	3	25	14	11	19	18	13	0	0	0	0	0
sim.485.034	none	0	0	0	0	0	0	0	0	0	0	0	6	0	1
sim.486.034	none	3	0	1	5	0	0	0	2	7	0	0	0	0	0
sim.487.034	none	0	0	0	0	0	0	0	0	0	2	1	0	1	3
sim.488.034	none	0	0	0	0	0	0	0	0	0	0	1	9	0	1
sim.489.034	none	0	0	0	0	0	0	0	0	0	5	2	11	32	17
sim.49.034	none	0	0	0	0	0	0	0	0	0	41	12	2	4	5
sim.490.034	none	11	22	0	0	7	2	0	2	4	18	6	11	0	1
sim.491.034	none	0	0	0	0	0	0	0	0	0	0	3	8	5	1
sim.492.034	none	13	6	20	16	13	9	4	17	17	0	0	0	0	0
sim.493.034	none	23	16	27	7	6	7	9	20	14	0	0	0	0	0
sim.494.034	none	0	0	0	5	0	0	1	0	0	10	25	0	4	11
sim.495.034	none	0	0	0	0	0	0	0	0	0	5	17	0	0	0
sim.496.034	none	0	7	3	5	0	0	1	10	6	0	0	0	0	0
sim.497.034	none	5	2	1	0	1	3	1	2	2	19	33	0	0	0
sim.498.034	none	0	0	0	0	0	0	0	0	0	39	76	29	17	14
sim.499.034	none	2	7	14	14	14	10	8	12	12	0	0	0	0	0
sim.5.034	none	10	16	9	1	9	11	8	6	1	3	1	1	0	0
sim.50.034	none	0	0	0	0	0	0	0	0	0	2	0	8	18	11
sim.500.034	none	0	0	0	0	0	0	0	0	0	3	0	2	6	1
sim.501.034	none	0	0	0	0	0	0	0	0	0	0	0	9	13	4
sim.502.034	none	2	1	1	6	4	9	4	23	14	7	6	4	3	1
sim.503.034	none	3	3	0	4	0	0	0	0	0	0	0	0	0	0
sim.504.034	none	0	0	0	0	0	0	0	0	0	3	0	14	3	4
sim.505.034	none	1	4	0	2	16	18	1	1	2	0	0	0	0	0
sim.506.034	none	0	0	0	0	0	0	0	0	0	0	0	11	1	2
sim.507.034	none	0	0	0	0	0	0	0	0	0	21	23	23	18	11
sim.508.034	none	0	0	0	0	0	0	0	0	0	0	0	7	8	6
sim.509.034	none	0	0	0	0	0	0	0	0	0	0	0	0	3	3
sim.51.034	none	2	1	1	4	0	1	2	5	9	0	0	0	0	0
sim.510.034	none	0	0	0	0	0	0	0	0	0	6	0	0	0	0
sim.511.034	none	0	0	0	4	0	0	0	5	0	0	0	0	0	0
sim.512.034	none	0	0	0	0	0	0	0	0	0	5	7	1	1	0
sim.513.034	none	0	0	0	0	0	0	0	0	0	4	0	0	0	4
sim.514.034	none	21	5	19	12	5	8	14	11	8	0	0	0	0	0
sim.515.034	none	2	4	0	0	0	0	0	1	3	2	2	11	12	27
sim.516.034	none	0	0	0	0	0	0	0	0	0	0	0	4	2	8
sim.517.034	none	0	0	0	0	0	0	0	0	0	26	11	14	47	46
sim.518.034	none	0	0	0	0	0	0	0	0	0	11	6	1	3	6
sim.519.034	none	0	0	0	0	0	0	0	0	0	0	0	4	12	9
sim.52.034	none	0	0	0	0	0	0	0	0	0	22	11	44	33	29
sim.520.034	none	18	13	18	26	17	14	18	8	26	0	0	0	0	0
sim.521.034	none	1	4	2	0	0	0	0	16	12	0	0	0	0	0
sim.522.034	none	0	0	0	0	0	0	0	0	0	0	0	7	22	27
sim.523.034	none	0	0	0	0	0	0	0	0	0	0	0	12	3	9
sim.524.034	none	47	32	22	19	15	15	7	14	27	0	0	0	0	0
sim.525.034	none	0	0	0	0	0	0	0	0	0	5	3	0	0	0
sim.526.034	none	0	0	0	0	0	0	0	0	0	0	6	0	0	0
sim.527.034	none	1	10	8	10	9	12	16	3	10	0	0	0	0	0
sim.528.034	none	0	0	0	0	0	0	0	0	0	1	4	0	0	0
sim.529.034	none	0	0	0	0	0	0	0	0	0	12	20	6	11	11
sim.53.034	none	46	29	28	16	17	13	16	31	47	0	0	0	0	0
sim.530.034	none	0	0	0	0	0	0	0	0	0	11	5	0	0	0
sim.531.034	none	0	0	0	0	0	0	0	0	0	0	0	6	0	0
sim.532.034	none	1	0	2	2	0	0	0	1	1	0	0	0	0	0
sim.533.034	none	0	3	11	6	5	11	6	4	8	0	0	0	0	0
sim.534.034	none	0	0	0	0	0	0	0	0	0	1	2	0	0	2
sim.535.034	none	0	0	0	0	0	0	0	0	0	11	9	20	39	35
sim.536.034	none	0	0	0	0	0	0	0	0	0	24	22	13	8	6
sim.537.034	none	25	19	3	4	0	2	0	5	2	10	6	11	6	7
sim.538.034	none	0	0	0	0	0	0	0	0	0	13	21	4	4	6
sim.539.034	none	2	6	0	0	0	0	0	0	0	0	0	0	0	0
sim.54.034	none	9	22	3	6	4	7	2	2	6	0	0	0	0	0
sim.540.034	none	12	0	0	0	2	3	1	2	4	0	0	0	0	0
sim.541.034	none	0	0	3	0	2	1	2	0	3	0	0	0	0	0
sim.542.034	none	0	0	0	0	0	0	0	0	0	0	0	9	16	22
sim.543.034	none	0	0	0	1	8	5	2	3	4	0	0	0	0	0
sim.544.034	none	0	0	0	0	0	0	0	0	0	18	34	12	20	27
sim.545.034	none	0	0	0	0	0	0	0	0	0	26	13	11	12	0
sim.546.034	none	12	0	15	19	10	9	17	0	6	0	0	0	0	0
sim.547.034	none	10	20	9	16	12	12	9	34	26	0	0	0	0	0
sim.548.034	none	0	0	0	0	0	0	0	0	0	1	1	15	14	14
sim.549.034	none	0	0	0	0	0	0	0	0	0	0	9	13	12	5
sim.55.034	none	0	0	0	0	0	0	0	0	0	10	8	0	0	0
sim.550.034	none	6	30	0	0	0	0	0	0	0	0	0	0	0	0
sim.551.034	none	12	1	13	18	16	13	10	34	13	0	0	0	0	0
sim.552.034	none	13	22	4	0	0	0	1	7	2	0	0	0	0	0
sim.553.034	none	4	3	0	0	0	0	0	0	0	0	0	0	0	0
sim.554.034	none	2	13	0	5	0	0	0	1	12	0	0	0	0	3
sim.555.034	none	0	0	0	0	0	0	0	0	0	2	31	9	3	0
sim.556.034	none	5	3	20	17	7	13	9	2	0	0	0	0	0	0
sim.557.034	none	0	0	0	0	0	0	0	0	0	11	1	46	44	36
sim.558.034	none	16	11	32	43	54	46	55	49	44	0	0	0	0	0
sim.559.034	none	11	16	17	19	42	43	22	1	5	0	0	0	0	0
sim.56.034	none	0	0	0	0	0	0	0	0	0	20	38	1	0	0
sim.560.034	none	0	8	5	6	7	8	4	2	2	0	0	0	0	0
sim.561.034	none	0	0	0	0	0	0	0	0	0	2	0	8	10	1
sim.562.034	none	0	0	0	0	0	0	0	0	0	4	8	11	5	16
sim.563.034	none	1	2	30	15	16	18	27	13	23	0	0	0	0	0
sim.564.034	none	0	0	0	0	0	0	0	0	0	15	8	18	25	20
sim.565.034	none	0	0	0	0	0	0	0	0	0	17	9	0	0	0
sim.566.034	none	0	0	0	0	0	0	0	0	0	0	0	2	4	8
sim.567.034	none	6	2	12	3	7	3	1	6	10	0	0	0	0	0
sim.568.034	none	14	7	0	1	0	0	0	0	1	0	0	0	0	0
sim.569.034	none	51	34	26	32	18	19	23	42	39	0	0	0	0	0
sim.57.034	none	0	0	0	0	0	0	0	0	0	4	0	1	1	2
sim.570.034	none	17	25	5	1	2	3	8	9	13	0	0	0	0	0
sim.571.034	none	25	15	3	5	2	6	6	11	8	0	0	0	0	0
sim.572.034	none	0	0	3	8	8	12	8	7	3	0	0	0	0	0
sim.573.034	none	13	4	2	2	8	1	8	2	2	0	0	0	0	0
sim.574.034	none	6	3	7	10	10	3	10	11	9	0	0	0	0	0
sim.575.034	none	1	3	5	4	8	5	8	4	1	0	0	0	7	1
sim.576.034	none	8	4	15	10	22	17	22	4	13	0	0	0	0	0
sim.577.034	none	0	0	0	0	0	0	0	0	0	0	0	10	5	4
sim.578.034	none	4	10	38	55	26	22	43	44	48	0	0	0	0	0
sim.579.034	none	0	0	0	0	0	0	0	0	0	7	17	8	19	20
sim.58.034	none	0	0	0	0	0	0	0	0	0	8	6	0	0	0
sim.580.034	none	0	0	0	0	0	0	0	0	0	6	16	0	0	0
sim.581.034	none	4	7	9	5	8	3	8	1	1	0	0	0	0	0
sim.582.034	none	0	0	0	0	0	0	0	0	0	1	0	1	9	5
sim.583.034	none	0	0	0	0	0	0	0	0	0	4	1	7	0	0
sim.584.034	none	8	3	16	11	17	14	13	18	10	0	0	0	0	0
sim.585.034	none	0	0	0	0	0	0	0	0	0	3	4	2	0	0
sim.586.034	none	1	5	6	0	5	7	5	0	0	0	0	0	0	0
sim.587.034	none	0	0	7	4	7	5	3	8	5	0	0	0	0	0
sim.588.034	none	0	0	0	0	0	0	0	0	0	15	11	48	55	43
sim.589.034	none	0	0	0	0	0	0	0	0	0	15	6	0	0	0
sim.59.034	none	1	9	0	0	0	0	0	0	0	0	0	0	0	0
sim.590.034	none	0	0	0	0	0	0	0	0	0	1	0	7	4	3
sim.591.034	none	0	0	0	0	0	0	0	0	0	7	16	0	0	0
sim.592.034	none	4	5	29	10	8	13	9	10	10	0	0	0	0	0
sim.593.034	none	3	2	9	8	8	13	9	7	3	0	0	0	0	0
sim.594.034	none	0	0	0	0	0	0	0	0	0	29	24	18	22	14
sim.595.034	none	7	6	12	7	5	4	1	13	16	0	0	0	0	0
sim.596.034	none	0	0	0	0	0	0	0	0	0	2	1	2	6	6
sim.597.034	none	0	0	6	4	2	1	0	0	0	0	1	0	6	3
sim.598.034	none	2	2	5	0	15	3	3	5	7	0	0	0	0	0
sim.599.034	none	4	3	6	0	12	6	6	0	11	0	0	0	0	0
sim.6.034	none	2	0	6	15	4	7	11	13	12	0	0	0	0	0
sim.60.034	none	0	0	0	0	0	0	0	0	0	33	13	11	0	0
sim.600.034	none	0	0	0	0	0	0	0	0	0	22	14	0	0	0
sim.601.034	none	1	0	0	0	0	0	0	0	0	20	3	25	25	9
sim.602.034	none	0	0	0	0	0	0	0	0	0	0	0	5	6	11
sim.603.034	none	0	0	0	0	0	0	0	0	0	10	0	0	2	0
sim.604.034	none	0	0	0	0	0	0	0	0	0	0	0	21	25	35
sim.605.034	none	0	0	0	0	0	0	0	0	0	0	5	0	6	5
sim.606.034	none	3	2	0	0	0	0	0	0	2	0	0	0	0	0
sim.607.034	none	0	0	0	0	0	0	0	0	0	0	0	0	2	2
sim.608.034	none	21	27	11	47	27	22	10	26	21	0	0	0	0	0
sim.609.034	none	6	5	14	14	6	13	10	6	9	0	0	0	0	0
sim.61.034	none	0	0	0	0	0	0	0	0	0	4	12	9	6	6
sim.610.034	none	4	1	0	0	0	0	0	0	0	0	0	0	0	0
sim.611.034	none	5	12	0	0	0	0	0	0	0	0	0	0	0	0
sim.612.034	none	2	3	13	0	2	1	1	2	13	0	0	0	0	0
sim.613.034	none	5	2	2	0	0	0	0	1	4	0	0	0	0	0
sim.614.034	none	0	0	0	0	0	0	0	0	0	0	0	15	3	3
sim.615.034	none	8	0	1	1	4	2	7	0	5	0	0	8	12	11
sim.616.034	none	0	0	0	0	0	0	0	0	0	0	4	8	19	12
sim.617.034	none	1	0	0	7	8	15	10	2	3	0	0	0	0	0
sim.618.034	none	2	17	9	6	1	1	1	12	11	0	0	0	0	0
sim.619.034	none	2	0	14	2	5	4	0	10	4	13	16	0	0	0
sim.62.034	none	0	10	0	0	2	2	5	3	6	0	0	0	0	0
sim.620.034	none	0	0	0	0	0	0	0	0	0	1	15	6	11	15
sim.621.034	none	0	0	0	0	0	0	0	0	0	14	3	0	0	0
sim.622.034	none	0	0	0	0	0	0	0	0	0	18	5	1	13	4
sim.623.034	none	0	0	0	0	0	0	0	0	0	6	6	10	2	2
sim.624.034	none	36	36	38	23	22	24	16	35	48	0	0	0	0	0
sim.625.034	none	0	0	0	0	0	0	0	0	0	0	0	0	6	0
sim.626.034	none	0	0	6	1	0	3	1	0	0	0	0	0	0	0
sim.627.034	none	2	11	0	0	0	0	0	1	3	0	0	0	0	0
sim.628.034	none	0	0	0	0	0	0	0	0	0	0	0	20	24	11
sim.629.034	none	0	0	0	0	0	0	0	0	0	0	2	13	3	12
sim.63.034	none	0	0	0	0	0	0	0	0	0	0	0	4	2	12
sim.630.034	none	8	1	0	3	0	0	1	4	4	0	0	0	0	0
sim.631.034	none	0	0	0	0	0	0	0	0	0	7	6	13	14	5
sim.632.034	none	0	0	0	0	0	0	0	0	0	11	16	18	14	14
sim.633.034	none	0	0	0	0	0	0	0	0	0	32	17	0	0	0
sim.634.034	none	2	1	0	0	0	0	0	0	1	0	0	0	0	0
sim.635.034	none	0	0	0	0	0	0	0	0	0	26	11	0	0	0
sim.636.034	none	0	0	0	0	0	0	0	0	0	0	0	8	6	1
sim.637.034	none	1	0	21	8	8	12	9	7	3	0	0	0	0	0
sim.638.034	none	23	28	6	19	29	25	16	13	7	0	0	0	0	0
sim.639.034	none	0	0	0	0	0	0	0	0	0	8	0	4	37	27
sim.64.034	none	0	0	0	0	0	0	0	0	0	0	0	3	8	9
sim.640.034	none	19	14	19	24	30	23	13	10	19	0	0	0	0	0
sim.641.034	none	0	0	0	0	0	0	0	0	0	3	0	28	29	12
sim.642.034	none	0	0	0	0	0	0	0	0	0	0	0	6	7	1
sim.643.034	none	0	0	0	0	0	0	0	0	0	0	0	11	20	29
sim.644.034	none	0	0	0	0	0	0	0	0	0	27	23	8	0	2
sim.645.034	none	0	0	0	0	0	0	0	0	0	0	3	5	19	5
sim.646.034	none	10	0	11	1	0	0	0	11	2	0	0	0	0	0
sim.647.034	none	0	0	0	0	0	0	0	0	0	1	3	3	6	13
sim.648.034	none	0	0	0	0	0	0	0	0	0	9	16	13	28	27
sim.649.034	none	0	0	0	0	0	0	0	0	0	10	5	10	1	1
sim.65.034	none	0	19	0	0	0	0	0	0	0	0	0	0	0	0
sim.650.034	none	14	18	13	11	29	21	16	3	16	0	0	0	0	0
sim.651.034	none	0	0	0	0	0	0	0	0	0	4	9	7	0	4
sim.652.034	none	9	26	2	0	0	0	0	0	1	0	0	0	0	0
sim.653.034	none	0	0	0	0	0	0	0	0	0	34	42	2	6	8
sim.654.034	none	0	0	0	0	0	0	0	0	0	12	0	5	0	0
sim.655.034	none	41	24	12	5	17	15	14	8	8	0	0	0	0	0
sim.656.034	none	92	88	43	61	80	73	63	77	93	0	0	0	0	0
sim.657.034	none	0	0	0	0	0	0	0	0	0	0	0	3	10	0
sim.658.034	none	1	0	27	13	12	7	15	19	8	0	0	0	0	0
sim.659.034	none	0	0	0	0	0	0	0	0	0	4	12	16	12	10
sim.66.034	none	6	3	0	0	0	0	0	0	0	0	0	0	0	0
sim.660.034	none	0	18	0	0	0	0	0	11	4	0	0	0	0	0
sim.661.034	none	0	0	0	0	0	0	0	0	0	0	0	0	2	2
sim.662.034	none	0	0	0	0	0	0	0	0	0	6	8	22	23	30
sim.663.034	none	0	0	0	0	0	0	0	0	0	9	0	2	19	11
sim.664.034	none	0	3	11	7	7	8	2	5	2	0	0	0	0	0
sim.665.034	none	0	0	0	0	0	0	0	0	0	0	0	3	2	4
sim.666.034	none	15	13	0	24	2	2	11	8	6	0	0	0	0	0
sim.667.034	none	29	8	27	28	16	25	21	10	35	0	0	0	0	0
sim.668.034	none	0	9	1	1	4	4	2	0	3	7	19	17	0	0
sim.669.034	none	0	0	0	0	0	0	0	0	0	6	6	0	2	1
sim.67.034	none	0	0	0	0	0	0	0	0	0	21	3	17	2	6
sim.670.034	none	0	0	5	1	2	0	0	7	8	0	0	0	0	0
sim.671.034	none	16	11	8	13	16	9	12	8	25	0	0	0	0	0
sim.672.034	none	0	0	0	0	0	0	0	0	0	31	29	0	0	0
sim.673.034	none	0	0	0	0	0	0	0	0	0	8	2	0	0	0
sim.674.034	none	0	0	5	2	0	0	0	19	7	0	0	0	0	0
sim.675.034	none	3	0	0	10	1	1	4	14	4	0	0	0	0	0
sim.676.034	none	0	0	0	0	0	0	0	0	0	0	0	3	3	6
sim.677.034	none	0	0	0	0	0	0	0	0	0	11	2	3	3	0
sim.678.034	none	0	0	0	0	0	0	0	0	0	0	0	8	12	12
sim.679.034	none	25	13	3	25	11	9	9	17	25	0	0	0	0	0
sim.68.034	none	0	0	0	0	0	0	0	0	0	0	8	0	0	0
sim.680.034	none	0	0	0	0	0	0	0	0	0	0	0	9	5	11
sim.681.034	none	0	0	0	0	0	0	0	0	0	2	7	0	0	0
sim.682.034	none	9	5	0	5	1	2	3	13	1	0	0	0	0	0
sim.683.034	none	10	1	0	0	3	4	4	3	0	0	0	0	0	0
sim.684.034	none	1	0	0	8	2	0	3	0	0	0	0	0	0	0
sim.685.034	none	0	0	0	0	0	0	0	0	0	6	0	6	0	0
sim.686.034	none	5	2	2	0	0	0	1	6	4	0	0	0	0	0
sim.687.034	none	2	4	0	9	7	9	10	15	20	0	0	0	0	0
sim.688.034	none	0	0	0	0	0	0	0	0	0	0	0	9	7	2
sim.689.034	none	0	0	3	6	3	3	1	3	5	0	0	0	0	0
sim.69.034	none	5	2	9	29	22	24	22	15	21	0	0	0	0	0
sim.690.034	none	6	18	6	15	14	6	9	2	7	0	0	0	0	0
sim.691.034	none	0	0	0	8	1	1	9	13	12	0	0	7	35	40
sim.692.034	none	0	0	0	0	0	0	0	0	0	11	8	0	0	0
sim.693.034	none	10	11	0	0	2	2	1	1	8	0	0	0	0	0
sim.694.034	none	2	4	0	0	0	0	0	0	0	0	0	0	0	0
sim.695.034	none	0	4	9	1	13	12	4	1	1	0	0	0	0	0
sim.696.034	none	0	0	0	0	0	0	0	0	0	11	13	12	12	4
sim.697.034	none	0	0	0	0	0	0	0	0	0	7	13	4	9	4
sim.698.034	none	0	0	0	0	0	0	0	0	0	4	1	39	40	43
sim.699.034	none	0	0	0	0	0	0	0	0	0	10	2	0	0	0
sim.7.034	none	0	0	0	0	0	0	0	0	0	0	0	4	23	7
sim.70.034	none	0	0	13	9	6	6	3	2	3	0	0	0	0	0
sim.700.034	none	0	0	0	0	0	0	0	0	0	4	2	0	2	0
sim.701.034	none	36	40	29	34	28	36	31	24	20	0	0	0	0	0
sim.702.034	none	0	0	0	0	0	0	0	0	0	19	19	4	15	17
sim.703.034	none	0	0	0	0	0	0	0	0	0	37	44	10	6	13
sim.704.034	none	12	15	20	23	12	13	12	9	8	0	0	0	0	0
sim.705.034	none	3	4	5	2	13	5	16	8	8	0	0	0	0	0
sim.706.034	none	6	5	3	11	13	27	25	9	3	0	0	0	0	0
sim.707.034	none	0	0	0	0	0	0	0	0	0	4	21	62	37	48
sim.708.034	none	6	2	0	0	0	0	0	0	0	0	0	0	0	0
sim.709.034	none	1	4	0	0	0	0	0	0	0	0	0	0	0	0
sim.71.034	none	2	4	0	0	0	0	0	0	0	0	0	5	0	3
sim.710.034	none	9	5	9	14	10	5	12	7	20	0	0	0	0	0
sim.711.034	none	0	0	0	0	0	0	0	0	0	24	14	0	0	0
sim.712.034	none	0	0	0	0	0	0	0	0	0	21	25	23	32	27
sim.713.034	none	0	0	0	0	0	0	0	0	0	2	0	0	14	16
sim.714.034	none	0	0	0	0	0	0	0	0	0	25	7	12	0	4
sim.715.034	none	0	0	0	0	0	0	0	0	0	0	2	37	3	16
sim.716.034	none	5	18	4	7	4	6	5	3	4	0	0	0	0	0
sim.717.034	none	0	0	0	0	0	0	0	0	0	30	26	14	7	7
sim.718.034	none	0	0	0	0	0	0	0	0	0	0	0	11	0	0
sim.719.034	none	13	24	16	16	35	33	37	66	23	0	0	0	0	0
sim.72.034	none	0	1	0	2	1	0	3	6	0	0	0	0	0	0
sim.720.034	none	0	0	0	0	0	0	0	0	0	5	5	0	0	0
sim.721.034	none	0	0	0	0	0	0	0	0	0	2	3	0	0	0
sim.722.034	none	0	0	0	0	0	0	0	0	0	3	0	2	0	0
sim.723.034	none	0	0	0	0	0	0	0	0	0	4	1	0	0	0
sim.724.034	none	6	14	4	0	0	0	1	8	0	0	0	0	0	0
sim.725.034	none	0	0	0	0	0	0	0	0	0	4	5	0	6	0
sim.726.034	none	12	2	2	3	6	2	2	8	7	0	0	0	0	0
sim.727.034	none	4	10	0	0	0	0	0	0	0	21	25	33	12	13
sim.728.034	none	1	6	11	20	6	7	14	21	9	0	0	0	0	0
sim.729.034	none	19	32	4	0	0	0	0	1	5	17	0	18	19	43
sim.73.034	none	0	0	0	0	0	0	0	0	0	0	0	3	3	0
sim.730.034	none	0	0	0	0	0	0	0	0	0	5	0	9	13	26
sim.731.034	none	0	0	5	10	16	9	9	6	8	0	0	0	0	0
sim.732.034	none	0	0	13	7	4	7	8	1	2	0	0	0	0	0
sim.733.034	none	0	0	0	0	0	0	0	0	0	9	10	9	26	24
sim.734.034	none	0	0	0	0	0	0	0	0	0	4	0	3	1	1
sim.735.034	none	16	3	21	2	3	8	8	8	12	0	0	0	0	0
sim.736.034	none	16	0	0	0	0	0	0	0	0	0	0	0	0	0
sim.737.034	none	7	2	31	28	13	19	16	9	11	0	0	0	0	0
sim.738.034	none	4	1	7	9	21	17	9	9	9	0	0	0	0	0
sim.739.034	none	0	0	0	0	0	0	0	0	0	0	0	0	2	13
sim.74.034	none	11	6	26	17	10	11	8	12	18	0	0	0	0	0
sim.740.034	none	0	0	0	0	0	0	0	0	0	0	0	2	5	5
sim.741.034	none	0	0	0	0	0	0	0	0	0	0	0	5	6	6
sim.742.034	none	0	0	0	0	0	0	0	0	0	0	0	8	9	4
sim.743.034	none	0	0	0	0	0	0	0	0	0	0	0	5	4	3
sim.744.034	none	7	18	44	29	31	28	26	36	43	0	0	2	0	3
sim.745.034	none	0	0	0	0	0	0	0	0	0	3	17	0	0	0
sim.746.034	none	0	0	0	0	0	0	0	0	0	3	15	0	0	0
sim.747.034	none	0	0	0	0	0	0	0	0	0	7	2	14	10	13
sim.748.034	none	0	0	0	0	0	0	0	0	0	0	0	6	0	0
sim.749.034	none	0	0	0	0	0	0	0	0	0	0	0	0	6	2
sim.75.034	none	0	0	0	0	0	0	0	0	0	0	7	0	0	0
sim.750.034	none	11	6	0	0	0	0	0	0	0	0	0	0	0	0
sim.751.034	none	0	0	0	0	0	0	0	0	0	0	0	3	3	7
sim.752.034	none	5	19	11	3	6	7	9	2	3	0	0	0	0	0
sim.753.034	none	0	0	2	0	8	11	1	12	3	0	0	0	0	0
sim.754.034	none	0	0	0	0	0	0	0	0	0	4	4	3	0	1
sim.755.034	none	7	22	9	13	15	12	11	2	5	0	0	0	0	0
sim.756.034	none	0	0	0	0	0	0	0	0	0	3	3	3	8	7
sim.757.034	none	10	13	29	35	47	56	71	28	20	0	0	0	0	0
sim.758.034	none	0	0	0	0	0	0	0	0	0	18	26	68	77	69
sim.759.034	none	0	0	0	0	0	0	0	0	0	3	0	11	8	6
sim.76.034	none	0	0	0	0	0	0	0	0	0	0	0	0	0	5
sim.760.034	none	0	0	0	0	0	0	0	0	0	13	10	15	2	0
sim.761.034	none	29	6	22	13	22	29	45	32	27	0	0	0	0	0
sim.762.034	none	0	7	0	0	0	0	0	0	5	0	0	0	0	0
sim.763.034	none	0	0	10	0	4	5	0	9	19	0	0	0	0	0
sim.764.034	none	4	0	7	2	16	10	23	15	14	0	0	0	0	0
sim.765.034	none	19	6	27	0	0	0	0	7	7	0	0	0	0	0
sim.766.034	none	0	0	0	0	0	0	0	0	0	5	0	3	0	0
sim.767.034	none	53	31	33	28	30	37	31	21	20	0	0	0	0	0
sim.768.034	none	0	0	0	0	0	0	0	0	0	2	5	5	11	22
sim.769.034	none	0	4	6	36	15	19	34	7	3	0	0	0	0	0
sim.77.034	none	29	17	17	9	3	1	4	8	11	0	0	0	0	0
sim.770.034	none	0	15	7	15	0	0	0	16	23	0	0	0	0	0
sim.771.034	none	0	0	0	0	0	0	0	0	0	0	7	0	0	0
sim.772.034	none	15	10	8	2	3	7	3	3	20	23	19	9	8	12
sim.773.034	none	0	5	5	4	15	6	3	3	0	0	0	0	0	0
sim.774.034	none	0	0	0	0	0	0	0	0	0	28	2	0	0	0
sim.775.034	none	0	0	0	0	0	0	0	0	0	8	9	12	16	6
sim.776.034	none	0	0	0	0	0	0	0	0	0	0	0	0	4	2
sim.777.034	none	4	8	9	10	3	2	3	7	4	0	0	0	0	0
sim.778.034	none	0	0	0	0	0	0	0	0	0	0	0	15	2	2
sim.779.034	none	0	0	0	0	0	0	0	0	0	0	0	4	0	0
sim.78.034	none	0	0	0	0	0	0	0	0	0	0	0	13	0	10
sim.780.034	none	23	5	0	1	0	1	0	2	0	3	1	0	0	0
sim.781.034	none	0	0	0	0	0	0	0	11	0	0	0	0	0	0
sim.782.034	none	0	0	0	0	0	0	0	0	0	0	0	9	9	8
sim.783.034	none	0	0	0	0	0	0	0	0	0	2	9	0	0	0
sim.784.034	none	0	0	0	0	0	0	0	0	0	33	5	12	17	14
sim.785.034	none	0	0	0	0	0	0	0	0	0	0	6	23	40	16
sim.786.034	none	12	7	0	4	1	2	2	8	1	0	0	0	0	0
sim.787.034	none	8	15	16	5	5	10	10	25	20	0	0	0	0	0
sim.788.034	none	0	0	0	0	0	0	0	0	0	10	11	11	3	4
sim.789.034	none	16	21	11	2	7	8	8	1	2	0	0	0	0	0
sim.79.034	none	6	24	21	22	44	41	44	20	36	0	0	0	0	0
sim.790.034	none	1	0	0	0	3	3	1	0	0	0	0	0	0	0
sim.791.034	none	0	0	0	0	0	0	0	0	0	8	9	13	27	20
sim.792.034	none	0	0	6	5	3	1	11	4	2	0	0	0	0	0
sim.793.034	none	6	4	2	2	5	3	0	0	0	0	0	0	0	0
sim.794.034	none	0	0	0	0	0	0	0	0	0	0	3	17	34	18
sim.795.034	none	0	0	0	0	0	0	0	0	0	9	24	0	0	0
sim.796.034	none	0	7	16	7	8	13	5	9	7	0	0	0	0	0
sim.797.034	none	6	3	18	6	7	9	7	1	6	0	0	0	0	0
sim.798.034	none	0	4	0	0	0	0	0	0	0	0	0	0	0	0
sim.799.034	none	18	24	33	11	11	16	18	20	17	0	0	0	0	0
sim.8.034	none	0	0	0	0	0	0	0	0	0	5	15	9	11	9
sim.80.034	none	0	0	0	0	0	0	0	0	0	11	9	0	0	0
sim.800.034	none	0	0	0	0	0	0	0	0	0	40	21	3	1	4
sim.801.034	none	0	0	0	0	0	0	0	0	0	1	0	5	0	0
sim.802.034	none	0	0	0	0	0	0	0	0	0	0	1	4	7	3
sim.803.034	none	0	0	3	8	3	2	0	7	1	0	0	0	0	0
sim.804.034	none	2	5	24	11	24	34	15	13	7	0	0	0	0	0
sim.805.034	none	0	0	0	0	0	0	0	0	0	0	0	3	1	0
sim.806.034	none	0	0	2	2	0	1	4	12	12	0	0	0	0	0
sim.807.034	none	2	2	11	4	7	5	1	3	2	0	0	0	0	0
sim.808.034	none	1	7	0	2	11	7	6	0	0	11	4	0	0	0
sim.809.034	none	0	0	0	0	0	0	0	0	0	8	11	1	7	7
sim.81.034	none	0	0	0	0	0	0	0	0	0	0	0	0	7	0
sim.810.034	none	0	0	1	0	0	0	0	15	11	0	0	0	0	0
sim.811.034	none	17	8	10	3	12	9	8	17	13	0	0	0	0	0
sim.812.034	none	0	0	0	0	0	0	0	0	0	32	12	0	1	7
sim.813.034	none	0	0	0	0	0	0	0	0	0	0	11	40	23	10
sim.814.034	none	0	0	0	0	0	0	0	0	0	44	37	15	12	13
sim.815.034	none	0	0	0	0	0	0	0	0	0	0	0	9	1	7
sim.816.034	none	0	0	0	0	0	0	0	0	0	1	12	0	14	10
sim.817.034	none	0	0	4	0	0	0	0	0	1	0	0	0	0	0
sim.818.034	none	0	0	0	0	0	0	0	0	0	14	2	1	0	0
sim.819.034	none	0	0	0	0	0	0	0	0	0	0	0	0	2	10
sim.82.034	none	0	0	0	0	0	0	0	0	0	6	6	0	0	0
sim.820.034	none	0	0	0	0	0	0	0	0	0	4	4	5	0	0
sim.821.034	none	0	0	0	0	0	0	0	0	0	7	14	14	7	7
sim.822.034	none	0	0	0	0	0	0	0	0	0	0	0	20	4	2
sim.823.034	none	0	0	0	0	0	0	0	0	0	1	4	0	0	0
sim.824.034	none	0	0	0	0	0	0	0	0	0	31	6	10	30	19
sim.825.034	none	6	0	0	0	0	0	0	0	0	3	0	0	9	7
sim.826.034	none	1	4	0	0	0	0	0	0	0	18	2	8	4	2
sim.827.034	none	0	0	0	0	0	0	0	0	0	10	21	27	9	13
sim.828.034	none	15	7	2	8	8	5	11	1	5	0	0	0	0	0
sim.829.034	none	7	12	1	4	11	7	2	3	19	0	0	26	25	15
sim.83.034	none	0	0	0	0	0	0	0	0	0	4	0	0	0	0
sim.830.034	none	8	7	1	0	0	1	0	0	0	0	0	0	0	0
sim.831.034	none	25	20	0	2	1	4	0	4	6	0	0	0	0	0
sim.832.034	none	0	0	0	0	0	0	0	0	0	1	1	9	0	0
sim.833.034	none	0	0	0	0	0	0	0	0	0	8	18	0	0	0
sim.834.034	none	24	17	10	21	6	8	3	7	6	0	0	0	0	0
sim.835.034	none	0	0	0	0	0	0	0	0	0	19	4	18	3	12
sim.836.034	none	7	3	9	8	5	5	14	28	8	0	0	0	0	0
sim.837.034	none	16	19	6	8	11	5	6	7	2	0	0	0	0	0
sim.838.034	none	0	0	0	0	0	0	0	0	0	0	0	5	0	0
sim.839.034	none	0	0	0	0	0	0	0	0	0	33	15	22	18	6
sim.84.034	none	0	0	0	0	0	0	0	0	0	0	0	1	14	12
sim.840.034	none	0	0	17	7	1	1	0	5	8	4	10	6	8	5
sim.841.034	none	36	32	17	23	28	34	19	39	56	0	0	0	0	0
sim.842.034	none	19	14	14	18	4	8	14	25	26	0	0	0	0	0
sim.843.034	none	5	4	2	2	2	1	3	0	1	12	9	0	0	0
sim.844.034	none	6	2	0	0	0	0	0	0	0	0	0	0	0	0
sim.845.034	none	1	4	1	1	1	0	9	8	9	0	0	0	0	0
sim.846.034	none	16	39	16	11	15	13	5	9	10	0	0	0	0	0
sim.847.034	none	2	0	4	0	0	0	0	1	0	0	0	0	0	0
sim.848.034	none	37	38	7	19	18	23	16	8	20	3	28	0	0	0
sim.849.034	none	0	0	0	0	0	0	0	0	0	3	1	4	5	0
sim.85.034	none	0	0	0	1	4	4	0	0	1	0	0	0	0	0
sim.850.034	none	5	6	0	10	7	8	6	15	10	0	0	0	0	0
sim.851.034	none	1	4	2	0	6	9	3	8	6	0	0	0	0	0
sim.852.034	none	0	6	0	1	0	0	0	0	0	0	0	0	0	0
sim.853.034	none	12	9	17	19	12	13	23	15	14	1	7	0	0	0
sim.854.034	none	49	17	31	38	25	23	41	53	43	10	12	7	11	15
sim.855.034	none	0	0	0	0	0	0	0	0	0	19	2	0	0	0
sim.856.034	none	0	0	0	0	0	0	0	0	0	0	0	26	36	30
sim.857.034	none	8	6	7	11	13	9	18	13	11	0	8	11	3	4
sim.858.034	none	0	0	0	0	0	0	0	0	0	12	7	0	0	1
sim.859.034	none	9	5	7	7	1	2	1	0	0	0	0	0	0	0
sim.86.034	none	0	0	0	0	0	0	0	0	0	5	16	6	8	11
sim.860.034	none	0	0	1	2	0	1	0	8	8	0	0	0	0	0
sim.861.034	none	4	0	0	0	0	0	0	0	0	0	0	0	0	0
sim.862.034	none	0	0	0	4	3	7	0	5	5	20	25	20	26	26
sim.863.034	none	0	0	0	0	0	0	0	0	0	15	32	14	14	13
sim.864.034	none	1	11	5	8	5	8	9	8	21	0	0	0	0	0
sim.865.034	none	4	7	1	7	7	6	6	0	10	0	0	0	0	0
sim.866.034	none	2	8	10	3	7	7	18	28	42	0	0	0	0	0
sim.867.034	none	0	0	0	0	0	0	0	0	0	0	0	7	8	3
sim.868.034	none	2	4	4	3	16	13	8	4	3	2	12	10	0	0
sim.869.034	none	5	11	10	2	12	11	11	1	3	0	0	0	0	0
sim.87.034	none	5	7	3	12	8	4	11	9	16	0	0	0	0	0
sim.870.034	none	22	22	3	16	4	8	6	2	4	0	0	0	0	0
sim.871.034	none	3	6	18	8	7	7	12	12	11	0	0	0	0	0
sim.872.034	none	12	4	1	1	0	0	2	0	0	0	0	0	0	0
sim.873.034	none	0	0	0	0	0	0	0	0	0	38	20	42	45	46
sim.874.034	none	7	1	0	0	0	0	0	0	0	28	18	52	28	25
sim.875.034	none	0	0	0	0	0	0	0	0	0	4	0	0	0	0
sim.876.034	none	0	0	0	0	0	0	0	0	0	29	32	8	10	3
sim.877.034	none	0	0	0	0	0	0	0	0	0	14	10	11	0	5
sim.878.034	none	18	23	26	12	21	22	19	11	21	0	0	0	0	0
sim.879.034	none	11	12	1	3	5	15	3	0	0	0	0	0	0	0
sim.88.034	none	8	26	53	36	32	35	38	34	47	0	0	0	0	0
sim.880.034	none	0	0	0	0	0	0	0	0	0	0	0	3	9	7
sim.881.034	none	0	6	0	3	2	6	1	0	0	0	0	0	0	0
sim.882.034	none	3	6	12	22	19	23	17	22	27	0	0	0	0	0
sim.883.034	none	1	13	21	21	28	26	9	43	36	0	0	0	0	0
sim.884.034	none	6	12	15	10	14	23	37	5	9	0	0	0	0	0
sim.885.034	none	2	8	10	9	3	7	7	8	14	0	0	0	0	0
sim.886.034	none	10	11	32	41	20	25	19	15	24	27	5	0	0	0
sim.887.034	none	8	5	21	1	13	17	12	3	17	0	0	0	0	0
sim.888.034	none	0	0	0	0	0	0	0	0	0	0	0	3	6	19
sim.889.034	none	55	52	41	41	43	48	25	10	15	0	0	0	0	0
sim.89.034	none	0	0	0	0	0	0	0	0	0	5	15	31	15	13
sim.890.034	none	2	4	0	0	0	0	0	0	0	0	0	0	0	0
sim.891.034	none	0	0	0	0	0	0	0	0	0	11	8	0	11	4
sim.892.034	none	0	0	0	0	0	0	0	0	0	21	15	1	5	11
sim.893.034	none	6	6	4	0	0	0	2	0	0	0	0	0	0	0
sim.894.034	none	0	0	0	0	0	0	0	0	0	0	0	20	18	37
sim.895.034	none	0	0	0	0	0	0	0	0	0	7	5	0	0	0
sim.896.034	none	0	0	0	0	0	0	0	0	0	9	3	18	11	18
sim.897.034	none	0	0	0	0	0	0	0	0	0	16	4	22	30	43
sim.898.034	none	22	16	12	5	18	17	10	12	14	0	0	0	0	0
sim.899.034	none	0	0	0	0	0	0	0	0	0	6	6	11	30	15
sim.9.034	none	0	0	0	0	0	0	0	0	0	2	6	0	4	8
sim.90.034	none	3	3	4	4	4	5	2	4	8	0	0	0	0	0
sim.900.034	none	0	0	0	0	0	0	0	0	0	0	16	0	0	0
sim.901.034	none	5	18	18	33	29	26	36	19	20	0	0	0	0	0
sim.902.034	none	38	19	1	5	5	4	2	14	12	0	0	0	0	0
sim.903.034	none	0	0	0	0	0	0	0	0	0	20	17	8	17	4
sim.904.034	none	0	0	0	0	0	0	0	0	0	20	8	3	15	10
sim.905.034	none	11	10	6	19	21	14	26	10	13	0	0	0	0	0
sim.906.034	none	14	13	12	11	4	6	10	8	8	0	0	0	0	0
sim.907.034	none	4	0	12	15	15	29	32	15	17	0	0	0	0	0
sim.908.034	none	0	0	0	0	0	0	0	0	0	0	0	2	3	0
sim.909.034	none	0	0	3	6	9	11	2	8	1	0	0	0	0	0
sim.91.034	none	3	6	9	11	17	10	8	17	8	0	0	0	0	0
sim.910.034	none	9	7	15	5	6	8	11	6	8	0	0	0	0	0
sim.911.034	none	16	1	14	2	4	10	3	15	8	0	0	0	0	0
sim.912.034	none	0	0	0	0	0	0	0	0	0	7	9	0	0	0
sim.913.034	none	0	0	0	0	0	0	0	0	0	0	0	3	1	0
sim.914.034	none	2	6	5	1	0	0	0	10	18	0	0	0	0	0
sim.915.034	none	5	2	11	4	1	4	8	7	3	0	0	0	0	0
sim.916.034	none	0	0	0	0	0	0	0	0	0	1	16	3	1	0
sim.917.034	none	10	12	28	30	19	23	38	6	7	0	0	0	0	0
sim.918.034	none	2	4	3	1	6	6	7	8	9	0	0	0	0	0
sim.919.034	none	0	0	0	0	0	0	0	0	0	2	10	3	9	11
sim.92.034	none	10	16	22	9	7	10	12	29	31	0	0	0	0	0
sim.920.034	none	0	0	0	0	0	0	0	0	0	6	4	0	0	0
sim.921.034	none	0	0	0	0	0	0	0	0	0	0	0	24	35	22
sim.922.034	none	0	0	0	0	0	0	0	0	0	5	1	0	0	0
sim.923.034	none	0	0	0	0	0	0	0	0	0	31	5	0	22	11
sim.924.034	none	0	0	0	0	0	0	0	0	0	9	12	0	0	0
sim.925.034	none	0	0	0	0	0	0	0	0	0	16	29	0	4	0
sim.926.034	none	6	3	0	0	0	0	0	0	0	0	0	0	0	0
sim.927.034	none	0	0	0	0	0	0	0	0	0	0	0	14	12	3
sim.928.034	none	0	0	0	0	0	0	0	0	0	0	0	6	6	0
sim.929.034	none	0	0	0	0	0	0	0	2	2	0	0	2	0	0
sim.93.034	none	0	0	0	0	0	0	0	0	0	12	25	0	3	7
sim.930.034	none	3	2	0	4	5	9	4	0	0	0	0	0	0	0
sim.931.034	none	15	7	4	10	6	6	1	12	14	0	0	0	0	0
sim.932.034	none	6	4	0	6	3	3	1	0	2	0	0	0	0	0
sim.933.034	none	0	0	0	0	0	0	0	0	0	0	9	0	2	7
sim.934.034	none	0	0	0	0	0	0	0	0	0	7	5	0	12	12
sim.935.034	none	0	0	0	0	0	0	0	0	0	7	9	0	0	0
sim.936.034	none	0	0	0	0	0	0	0	0	0	4	5	0	5	1
sim.937.034	none	0	10	11	12	2	5	2	4	6	0	0	0	0	0
sim.938.034	none	0	0	3	0	4	4	6	6	2	0	0	0	0	0
sim.939.034	none	0	0	0	0	0	0	0	0	0	5	2	0	0	0
sim.94.034	none	0	0	0	0	0	0	0	0	0	5	17	0	0	0
sim.940.034	none	0	0	0	0	0	0	0	0	0	0	0	4	1	5
sim.941.034	none	0	0	0	0	0	0	0	0	0	7	16	0	0	0
sim.942.034	none	4	0	4	2	16	3	8	15	14	0	0	0	0	0
sim.943.034	none	8	8	10	36	13	20	6	37	16	0	0	0	0	0
sim.944.034	none	7	5	31	10	13	14	12	3	8	0	0	0	0	0
sim.945.034	none	0	0	0	0	0	0	0	0	0	2	4	0	0	0
sim.946.034	none	11	4	0	4	16	12	1	0	0	0	0	0	0	0
sim.947.034	none	0	0	0	0	0	0	0	0	0	4	3	8	5	16
sim.948.034	none	1	10	27	9	14	12	12	24	28	0	0	0	0	0
sim.949.034	none	3	5	13	11	21	15	22	11	11	0	0	0	0	0
sim.95.034	none	0	0	0	6	15	18	9	1	5	0	0	0	0	0
sim.950.034	none	0	0	0	0	0	0	0	0	0	0	0	4	10	13
sim.951.034	none	0	0	0	0	0	0	0	0	0	2	14	1	4	1
sim.952.034	none	0	0	0	0	0	0	0	0	0	0	0	25	0	0
sim.953.034	none	0	0	0	0	0	0	0	0	0	22	18	15	4	2
sim.954.034	none	7	8	1	2	0	0	0	1	2	0	0	12	11	11
sim.955.034	none	2	0	0	3	7	9	6	11	10	0	0	0	0	0
sim.956.034	none	0	0	0	0	0	0	0	0	0	22	11	2	0	0
sim.957.034	none	0	0	0	0	0	0	0	0	0	6	1	13	12	9
sim.958.034	none	9	4	25	7	2	4	0	12	13	0	0	0	0	0
sim.959.034	none	1	2	2	0	0	1	1	8	1	0	0	0	0	0
sim.96.034	none	10	0	6	6	6	4	5	0	0	0	0	0	0	0
sim.960.034	none	32	25	6	13	19	16	15	19	15	0	0	0	0	0
sim.961.034	none	0	0	0	0	0	0	0	0	0	2	5	15	12	10
sim.962.034	none	0	0	0	3	0	0	0	0	4	0	0	0	0	0
sim.963.034	none	7	9	12	5	5	7	7	0	0	0	0	0	0	0
sim.964.034	none	0	0	0	0	0	0	0	0	0	13	0	5	17	5
sim.965.034	none	0	0	0	1	3	2	0	1	4	32	33	11	6	3
sim.966.034	none	0	0	0	0	0	0	0	0	0	6	3	4	23	12
sim.967.034	none	6	2	0	0	0	0	0	0	0	0	0	0	0	0
sim.968.034	none	9	5	18	2	1	5	3	20	13	0	0	0	0	0
sim.969.034	none	0	0	4	2	6	3	5	5	7	0	0	0	0	0
sim.97.034	none	0	0	0	0	0	0	0	0	0	0	0	0	5	8
sim.970.034	none	0	0	5	17	3	10	3	1	1	0	0	0	0	0
sim.971.034	none	0	0	0	0	0	0	0	0	0	12	15	29	20	16
sim.972.034	none	0	0	16	10	8	10	4	15	18	0	0	0	0	0
sim.973.034	none	0	0	0	0	0	0	0	0	0	0	8	5	0	0
sim.974.034	none	1	2	3	10	2	8	4	8	14	0	0	0	0	0
sim.975.034	none	0	4	3	7	4	3	8	2	2	0	0	0	0	0
sim.976.034	none	0	0	0	0	0	0	0	0	0	0	1	17	2	2
sim.977.034	none	9	5	23	2	13	9	12	25	30	0	0	0	0	0
sim.978.034	none	0	0	0	0	0	0	0	0	0	6	3	0	0	0
sim.979.034	none	0	0	0	0	0	0	0	0	0	18	4	0	6	3
sim.98.034	none	8	17	0	0	0	0	0	0	0	0	0	0	0	0
sim.980.034	none	2	5	4	2	1	1	0	0	0	0	0	0	0	0
sim.981.034	none	0	0	0	0	0	0	0	0	0	8	0	0	0	0
sim.982.034	none	0	0	0	0	0	0	0	0	0	3	3	0	2	0
sim.983.034	none	1	0	6	1	0	2	0	1	2	0	0	0	0	0
sim.984.034	none	4	4	6	10	17	19	18	1	5	0	0	0	0	0
sim.985.034	none	49	35	3	1	0	0	0	6	0	0	0	0	0	0
sim.986.034	none	7	11	0	0	0	0	0	0	0	0	0	0	0	0
sim.987.034	none	0	0	0	0	0	0	0	0	0	10	17	0	0	0
sim.988.034	none	2	11	18	16	12	13	5	46	28	0	0	0	0	0
sim.989.034	none	0	0	0	0	0	0	0	0	0	4	0	0	0	0
sim.99.034	none	5	7	6	4	4	2	14	18	33	3	3	0	0	0
sim.990.034	none	0	0	0	0	0	0	0	0	0	5	13	7	1	4
sim.991.034	none	0	0	36	16	14	17	23	17	17	0	0	0	0	0
sim.992.034	none	0	5	26	51	24	9	27	8	18	21	22	10	10	6
sim.993.034	none	6	16	5	9	16	16	18	23	19	4	4	0	0	0
sim.994.034	none	14	17	4	11	4	3	8	4	10	0	0	0	0	0
sim.995.034	none	0	0	0	0	0	0	0	0	0	7	9	8	7	15
sim.996.034	none	8	6	0	0	0	0	0	0	0	0	0	0	0	0
sim.997.034	none	0	0	0	0	0	0	0	0	0	3	0	1	16	12
sim.998.034	none	0	0	0	0	0	0	0	0	0	0	0	7	1	2
sim.999.034	none	0	0	0	0	0	0	0	0	0	0	0	30	5	2
