OGS	desc	musDom	gloMor	droWil	droPse	droYak	droMel	droAna	droVir	droMoj	culQui	aedAeg	anoDar	anoSte	anoGam
sim.0.00057	none	1	1	1	1	1	2	1	1	1	1	1	1	2	2
sim.1.00057	none	2	1	1	1	1	1	1	1	1	0	0	0	0	0
sim.10.00057	none	1	1	1	1	1	1	1	1	0	0	1	1	2	2
sim.100.00057	none	1	1	1	1	1	1	1	2	1	0	0	0	0	0
sim.101.00057	none	1	1	1	1	1	1	1	1	1	1	1	2	3	2
sim.102.00057	none	1	1	1	1	1	1	1	1	1	1	1	1	1	1
sim.103.00057	none	1	1	0	0	0	0	0	0	0	1	1	0	0	0
sim.104.00057	none	1	1	1	1	1	1	1	1	1	0	0	0	0	0
sim.105.00057	none	1	1	1	2	1	1	1	1	1	1	1	1	1	1
sim.106.00057	none	0	0	0	0	0	0	0	0	0	1	1	1	1	1
sim.107.00057	none	3	3	2	2	3	3	3	2	2	2	1	1	1	1
sim.108.00057	none	1	1	1	1	1	1	1	1	1	1	1	1	1	1
sim.109.00057	none	1	1	1	1	1	1	1	1	1	1	1	1	1	2
sim.11.00057	none	0	0	0	0	0	0	0	0	0	1	1	1	1	1
sim.110.00057	none	1	1	1	1	2	2	2	1	1	0	0	0	0	0
sim.111.00057	none	1	0	1	1	1	1	1	1	1	1	1	1	1	1
sim.112.00057	none	2	2	2	2	2	2	2	2	2	1	1	1	1	1
sim.113.00057	none	1	1	1	1	1	1	1	1	1	1	1	1	1	1
sim.114.00057	none	1	1	1	1	1	1	1	1	1	1	1	1	1	1
sim.115.00057	none	1	1	1	1	1	1	1	1	1	0	0	1	1	2
sim.116.00057	none	2	1	1	1	1	1	1	1	1	1	1	1	1	1
sim.117.00057	none	1	1	1	1	1	1	1	1	1	0	0	0	0	0
sim.118.00057	none	1	1	1	1	1	1	1	1	1	1	1	1	1	2
sim.119.00057	none	1	1	1	1	1	1	1	1	1	1	1	1	1	1
sim.12.00057	none	1	1	2	2	2	2	2	3	2	1	2	1	1	1
sim.120.00057	none	1	1	1	1	1	1	1	1	1	0	0	0	0	0
sim.121.00057	none	0	0	0	0	0	0	0	0	0	1	1	1	1	1
sim.122.00057	none	2	2	1	1	1	0	1	1	1	1	1	1	1	1
sim.123.00057	none	1	1	1	1	1	1	1	1	1	1	1	1	1	1
sim.124.00057	none	1	1	1	1	1	1	1	1	1	1	1	1	1	1
sim.125.00057	none	1	1	1	1	1	1	1	1	1	0	0	0	0	0
sim.126.00057	none	0	1	1	1	1	1	1	1	1	2	1	2	2	2
sim.127.00057	none	0	0	0	0	0	0	0	0	0	1	2	1	1	1
sim.128.00057	none	1	1	1	1	1	1	1	1	1	1	1	1	1	1
sim.129.00057	none	0	1	1	1	1	1	1	1	1	1	2	2	1	1
sim.13.00057	none	1	1	1	1	1	1	1	1	1	1	1	1	1	1
sim.130.00057	none	1	1	1	1	1	1	1	1	1	1	1	0	0	0
sim.131.00057	none	1	1	1	1	1	1	1	1	1	1	1	0	0	0
sim.132.00057	none	2	2	1	1	1	1	1	2	2	2	1	2	1	1
sim.133.00057	none	1	1	1	2	2	2	2	2	2	1	1	3	2	2
sim.134.00057	none	1	1	2	1	1	1	1	1	1	1	1	1	1	1
sim.135.00057	none	1	1	1	1	1	1	1	1	1	1	1	1	1	1
sim.136.00057	none	0	0	2	2	2	2	2	2	2	2	1	1	1	1
sim.137.00057	none	0	0	0	0	0	0	0	0	0	2	2	1	1	1
sim.138.00057	none	1	1	1	1	1	1	1	1	1	1	1	1	2	1
sim.139.00057	none	1	1	1	1	1	1	1	1	1	1	1	1	1	1
sim.14.00057	none	1	1	1	1	1	1	1	1	1	1	2	1	1	1
sim.140.00057	none	1	1	2	1	1	1	1	0	0	1	1	0	1	1
sim.141.00057	none	1	1	1	1	1	1	1	1	1	1	1	1	1	1
sim.142.00057	none	1	1	1	1	1	1	1	1	1	0	0	0	0	0
sim.143.00057	none	1	0	1	1	1	1	1	1	1	1	1	1	1	0
sim.144.00057	none	1	1	0	1	1	1	1	1	1	3	3	2	2	3
sim.145.00057	none	1	1	1	1	1	1	1	1	1	1	1	1	1	1
sim.146.00057	none	1	1	2	2	2	2	2	2	2	1	1	1	1	1
sim.147.00057	none	1	1	1	1	1	0	1	1	1	1	1	1	1	1
sim.148.00057	none	1	1	1	1	1	1	1	1	1	1	1	1	1	1
sim.149.00057	none	1	1	1	1	1	1	1	1	1	1	1	1	1	1
sim.15.00057	none	1	1	1	1	1	1	1	1	1	1	1	1	2	1
sim.150.00057	none	1	1	1	1	1	1	1	1	2	1	1	1	2	1
sim.151.00057	none	0	0	0	0	0	0	0	0	0	1	1	1	1	1
sim.152.00057	none	1	1	1	1	1	1	1	1	1	0	0	1	1	1
sim.153.00057	none	1	1	1	1	1	1	1	2	2	1	1	1	1	1
sim.154.00057	none	1	1	0	1	1	1	1	1	1	1	1	1	1	1
sim.155.00057	none	1	1	0	0	0	0	0	0	0	1	1	1	2	2
sim.156.00057	none	2	2	2	2	2	2	2	2	2	1	1	1	1	1
sim.157.00057	none	2	1	1	1	1	1	1	1	1	1	1	1	0	0
sim.158.00057	none	1	1	1	1	1	1	1	2	1	1	1	1	1	1
sim.159.00057	none	1	1	1	1	1	1	1	1	1	1	1	1	1	1
sim.16.00057	none	1	1	2	1	1	1	1	1	1	1	1	1	1	1
sim.160.00057	none	1	1	1	1	1	1	1	1	1	1	1	1	1	1
sim.161.00057	none	2	1	1	1	1	1	1	1	1	1	1	1	1	1
sim.162.00057	none	1	1	1	1	1	1	1	1	1	1	1	0	0	0
sim.163.00057	none	1	1	1	1	1	1	1	1	1	1	1	1	1	1
sim.164.00057	none	1	1	1	1	1	1	1	1	1	1	1	2	1	1
sim.165.00057	none	2	2	2	2	2	2	2	2	2	1	2	1	1	1
sim.166.00057	none	2	2	1	1	1	1	1	1	1	1	1	1	1	1
sim.167.00057	none	1	1	1	0	0	0	0	1	1	2	2	2	2	2
sim.168.00057	none	0	0	1	1	1	1	1	1	1	0	0	0	0	0
sim.169.00057	none	2	2	1	1	2	2	1	1	1	0	0	0	0	0
sim.17.00057	none	0	0	0	0	0	0	0	0	0	1	1	1	1	1
sim.170.00057	none	1	1	1	1	1	1	1	1	1	1	1	1	1	1
sim.171.00057	none	1	1	1	1	1	1	1	1	1	0	0	0	0	0
sim.172.00057	none	1	1	1	1	1	1	1	1	1	1	1	1	1	1
sim.173.00057	none	1	1	1	1	1	1	1	1	1	1	2	1	1	1
sim.174.00057	none	1	1	1	1	1	1	1	1	1	1	1	0	1	1
sim.175.00057	none	2	1	1	1	1	1	1	1	1	1	1	0	1	1
sim.176.00057	none	1	1	1	1	1	1	1	1	1	2	1	1	1	1
sim.177.00057	none	1	1	1	1	1	1	1	1	1	1	1	1	0	1
sim.178.00057	none	1	1	1	1	1	1	1	2	2	1	1	2	1	1
sim.179.00057	none	1	1	1	1	1	1	1	1	1	1	1	1	1	1
sim.18.00057	none	1	1	1	1	1	1	1	1	1	1	1	2	2	2
sim.180.00057	none	1	1	0	1	1	1	1	1	1	0	0	0	0	0
sim.181.00057	none	1	1	1	1	1	1	1	1	1	1	1	1	1	1
sim.182.00057	none	1	1	1	1	1	1	1	0	0	1	1	1	1	0
sim.183.00057	none	1	1	1	1	1	1	1	3	3	1	1	1	1	1
sim.184.00057	none	1	1	1	1	1	1	1	1	1	1	1	1	1	1
sim.185.00057	none	1	1	1	2	1	1	1	1	1	1	1	2	1	1
sim.186.00057	none	1	1	1	1	1	1	1	1	1	0	0	0	0	0
sim.187.00057	none	0	0	1	1	1	1	1	2	1	0	1	1	1	1
sim.188.00057	none	1	1	0	0	0	0	0	0	0	2	2	1	1	1
sim.189.00057	none	1	1	1	1	1	1	1	1	1	2	1	2	2	2
sim.19.00057	none	1	1	1	1	1	1	1	1	1	1	1	1	1	1
sim.190.00057	none	1	1	1	1	1	1	0	1	1	1	1	0	0	0
sim.191.00057	none	3	2	1	1	1	1	1	1	1	1	1	1	1	1
sim.192.00057	none	1	1	1	1	1	1	1	1	1	1	1	1	1	1
sim.193.00057	none	1	1	1	1	1	1	1	2	2	1	1	1	1	1
sim.194.00057	none	1	1	1	1	1	1	0	1	1	1	1	2	1	1
sim.195.00057	none	1	1	1	1	1	1	1	1	1	1	1	1	1	1
sim.196.00057	none	1	1	1	1	1	1	1	1	1	1	1	1	1	1
sim.197.00057	none	1	1	1	1	1	1	1	1	1	1	1	1	2	1
sim.198.00057	none	1	1	1	1	1	1	1	1	1	1	1	1	1	1
sim.199.00057	none	1	1	1	2	1	1	1	1	1	1	1	1	0	1
sim.2.00057	none	1	1	1	1	1	1	1	1	1	1	1	0	1	1
sim.20.00057	none	1	1	1	1	1	1	1	0	0	1	1	1	1	1
sim.200.00057	none	1	1	1	1	1	1	1	1	1	1	1	0	2	2
sim.201.00057	none	1	1	1	1	1	1	1	1	1	2	2	2	2	2
sim.202.00057	none	1	1	1	1	1	1	1	1	1	1	1	1	1	1
sim.203.00057	none	1	1	0	0	0	0	0	0	0	2	2	2	2	2
sim.204.00057	none	1	1	1	1	1	1	1	1	1	1	1	1	1	1
sim.205.00057	none	1	1	1	1	1	1	1	1	1	1	1	1	1	1
sim.206.00057	none	1	1	1	1	1	1	1	1	1	1	1	1	1	2
sim.207.00057	none	2	1	1	1	1	1	1	1	1	1	1	0	1	1
sim.208.00057	none	1	1	2	2	2	2	2	3	2	1	1	1	1	1
sim.209.00057	none	0	0	0	0	0	0	0	0	0	1	1	1	0	1
sim.21.00057	none	1	1	1	0	1	1	1	1	1	2	2	1	1	1
sim.210.00057	none	0	0	0	0	0	0	0	0	0	1	0	1	1	1
sim.211.00057	none	2	2	2	2	2	2	2	2	2	1	1	1	1	1
sim.212.00057	none	1	1	1	1	1	1	1	1	1	1	1	1	1	1
sim.213.00057	none	1	1	1	1	1	1	0	1	1	1	1	1	1	1
sim.214.00057	none	1	1	2	1	1	1	1	0	0	1	1	1	1	1
sim.215.00057	none	1	1	1	1	1	1	1	1	1	1	1	1	1	1
sim.216.00057	none	1	1	1	2	2	1	1	1	1	1	1	1	1	1
sim.217.00057	none	0	0	0	0	0	0	0	0	0	1	1	1	0	1
sim.218.00057	none	1	1	1	1	1	1	0	1	1	1	1	1	1	1
sim.219.00057	none	1	1	1	1	1	1	1	1	1	1	1	1	1	1
sim.22.00057	none	1	2	1	1	1	1	1	1	1	1	1	1	1	1
sim.220.00057	none	1	1	1	1	1	1	1	1	1	1	1	2	2	2
sim.221.00057	none	1	1	1	1	1	1	1	1	1	0	0	0	0	0
sim.222.00057	none	1	1	1	1	1	1	1	1	1	1	1	1	1	1
sim.223.00057	none	1	1	1	1	1	1	1	1	1	1	1	1	1	1
sim.224.00057	none	3	2	2	2	2	2	2	2	1	1	1	1	1	1
sim.225.00057	none	1	1	1	2	1	1	1	1	1	2	2	2	2	2
sim.226.00057	none	1	1	1	1	1	1	1	1	1	0	0	0	0	0
sim.227.00057	none	1	1	4	2	2	2	2	2	2	1	1	1	1	1
sim.228.00057	none	1	1	2	2	2	2	3	2	2	0	0	0	0	0
sim.229.00057	none	1	1	1	1	1	1	1	1	1	1	1	1	1	1
sim.23.00057	none	1	1	1	1	1	1	1	1	1	1	1	1	1	2
sim.230.00057	none	1	1	1	1	1	1	1	1	1	0	0	0	0	0
sim.231.00057	none	1	1	1	1	1	1	1	1	1	3	2	0	1	1
sim.232.00057	none	0	0	0	0	0	0	0	0	0	1	1	1	1	1
sim.233.00057	none	2	2	2	2	2	2	2	2	2	1	1	1	1	1
sim.234.00057	none	1	1	1	1	1	1	1	1	1	0	0	0	0	0
sim.235.00057	none	1	1	1	1	1	1	1	1	1	1	1	2	1	1
sim.236.00057	none	1	1	1	0	0	0	0	1	1	1	1	1	1	1
sim.237.00057	none	1	1	0	1	0	0	0	1	1	1	1	1	1	1
sim.238.00057	none	1	1	1	1	1	1	1	1	1	1	1	1	1	1
sim.239.00057	none	1	1	1	1	1	1	1	1	1	1	1	1	1	1
sim.24.00057	none	1	1	1	1	1	1	1	1	1	1	1	0	0	0
sim.240.00057	none	1	1	1	1	1	1	1	1	1	1	2	1	1	1
sim.241.00057	none	1	1	1	1	1	1	1	1	1	1	1	1	1	1
sim.242.00057	none	1	1	1	1	1	1	1	1	1	1	1	1	1	1
sim.243.00057	none	1	1	1	1	1	1	1	1	1	1	1	1	1	1
sim.244.00057	none	1	1	1	1	0	0	1	1	1	2	2	2	2	2
sim.245.00057	none	1	1	1	1	1	0	1	1	1	1	2	2	2	2
sim.246.00057	none	1	1	1	1	1	1	1	1	1	1	1	1	1	1
sim.247.00057	none	0	0	0	0	0	0	0	0	0	1	1	1	1	1
sim.248.00057	none	1	1	1	1	1	1	1	1	1	1	1	1	1	1
sim.249.00057	none	1	1	2	1	1	1	1	1	1	1	1	1	1	1
sim.25.00057	none	1	1	1	1	1	1	1	2	1	1	0	1	1	1
sim.250.00057	none	1	1	1	1	1	1	1	1	1	1	1	1	1	1
sim.251.00057	none	1	1	1	1	1	1	1	1	1	1	0	1	1	2
sim.252.00057	none	0	1	1	1	0	0	0	1	1	1	1	1	1	1
sim.253.00057	none	1	1	1	1	1	1	1	1	1	1	1	1	1	1
sim.254.00057	none	0	0	0	0	0	0	0	0	0	0	1	1	1	1
sim.255.00057	none	1	1	1	1	1	1	1	0	0	1	1	1	1	1
sim.256.00057	none	0	0	0	0	0	0	0	0	0	1	0	1	1	1
sim.257.00057	none	1	1	1	1	1	1	1	1	1	0	1	1	1	1
sim.258.00057	none	1	1	1	1	1	1	1	0	1	1	1	0	0	0
sim.259.00057	none	1	1	1	2	2	2	2	1	1	1	1	1	1	1
sim.26.00057	none	1	1	1	1	1	1	1	1	1	2	1	2	2	2
sim.260.00057	none	1	1	1	1	1	1	1	1	1	0	0	0	0	0
sim.261.00057	none	1	1	1	1	1	1	1	1	1	1	1	1	1	1
sim.262.00057	none	1	1	1	1	1	1	1	1	1	1	1	2	1	1
sim.263.00057	none	1	1	1	1	1	1	1	1	1	1	1	1	1	1
sim.264.00057	none	1	1	1	1	1	1	1	1	1	1	1	1	1	1
sim.265.00057	none	1	1	1	1	1	1	1	1	1	1	1	1	1	1
sim.266.00057	none	1	1	1	1	1	1	1	0	0	1	1	1	2	1
sim.267.00057	none	1	1	1	1	1	1	1	1	1	2	2	4	2	2
sim.268.00057	none	1	1	1	1	1	1	1	1	1	3	2	1	1	1
sim.269.00057	none	2	2	1	2	1	1	1	1	1	2	2	2	2	2
sim.27.00057	none	1	1	1	1	1	1	1	1	1	1	1	1	1	1
sim.270.00057	none	0	1	1	1	1	1	2	1	1	1	1	0	0	0
sim.271.00057	none	1	1	1	1	1	1	1	1	1	1	1	1	1	1
sim.272.00057	none	2	2	2	2	2	2	2	1	1	1	1	1	1	1
sim.273.00057	none	1	1	1	1	1	1	1	1	1	0	0	0	0	0
sim.274.00057	none	1	1	1	2	1	1	1	1	1	1	1	0	0	0
sim.275.00057	none	1	0	1	1	1	1	1	1	1	2	2	3	3	3
sim.276.00057	none	1	1	1	1	1	2	1	1	1	2	2	1	1	1
sim.277.00057	none	1	2	1	1	1	1	1	1	1	1	2	2	2	2
sim.278.00057	none	2	3	2	2	2	2	2	2	2	1	1	1	1	1
sim.279.00057	none	1	1	1	1	1	1	1	1	1	1	1	1	1	1
sim.28.00057	none	1	1	1	1	1	1	1	1	1	2	2	1	1	1
sim.280.00057	none	0	0	0	0	0	0	0	0	0	1	1	1	2	2
sim.281.00057	none	1	1	1	1	0	1	1	1	1	2	3	2	2	2
sim.282.00057	none	1	1	1	1	1	1	1	1	1	1	1	1	1	1
sim.283.00057	none	3	3	3	3	4	4	4	3	3	1	1	1	1	1
sim.284.00057	none	1	1	2	1	1	1	1	1	1	1	1	2	2	2
sim.285.00057	none	1	1	1	1	1	1	0	1	1	1	1	1	2	2
sim.286.00057	none	1	1	1	1	1	1	1	1	1	1	1	1	1	1
sim.287.00057	none	2	2	1	2	1	1	1	1	1	0	1	1	1	1
sim.288.00057	none	1	1	1	1	1	1	1	1	1	1	1	1	1	1
sim.289.00057	none	1	1	1	1	1	1	1	1	1	1	0	1	1	1
sim.29.00057	none	1	1	1	1	1	1	1	1	1	1	1	1	1	1
sim.290.00057	none	2	2	1	1	1	1	1	1	1	3	4	2	3	3
sim.291.00057	none	0	1	0	0	0	0	0	0	0	1	1	1	1	1
sim.292.00057	none	1	1	1	1	1	1	1	1	1	2	0	1	1	1
sim.293.00057	none	1	1	1	1	1	1	1	1	1	1	1	1	1	1
sim.294.00057	none	1	0	0	0	0	0	0	0	0	1	1	1	1	1
sim.295.00057	none	3	3	4	3	3	3	3	3	3	1	1	1	1	1
sim.296.00057	none	1	1	1	1	1	1	1	1	1	1	1	1	1	1
sim.297.00057	none	1	1	0	0	0	0	0	0	0	1	1	1	1	1
sim.298.00057	none	2	2	2	2	2	2	2	1	1	1	1	1	1	1
sim.299.00057	none	1	2	1	1	1	1	1	2	2	2	1	2	1	1
sim.3.00057	none	1	1	0	1	1	1	1	1	1	1	1	1	1	1
sim.30.00057	none	1	1	1	0	1	1	1	1	1	1	2	1	1	1
sim.300.00057	none	1	2	1	2	1	1	1	1	1	1	1	1	1	1
sim.301.00057	none	2	2	1	1	1	1	1	1	1	0	0	1	2	2
sim.302.00057	none	0	1	1	1	1	1	1	1	0	1	3	0	1	1
sim.303.00057	none	0	0	0	0	0	0	0	0	0	1	1	1	2	1
sim.304.00057	none	1	1	1	0	1	1	1	1	1	1	1	1	2	2
sim.305.00057	none	1	1	1	1	1	1	1	1	1	1	1	1	1	1
sim.306.00057	none	1	1	1	1	1	1	1	1	1	2	1	1	1	1
sim.307.00057	none	2	2	1	1	1	1	1	1	1	1	2	1	1	1
sim.308.00057	none	1	1	0	1	1	1	1	1	1	2	2	1	1	1
sim.309.00057	none	1	1	1	1	1	1	1	1	1	1	1	1	1	1
sim.31.00057	none	1	1	1	1	1	1	1	1	1	1	1	0	0	0
sim.310.00057	none	3	3	3	3	3	3	3	3	4	1	1	1	1	1
sim.311.00057	none	1	1	1	1	1	1	1	1	1	1	1	1	1	1
sim.312.00057	none	1	1	1	2	1	1	1	0	1	1	1	1	1	1
sim.313.00057	none	0	0	0	0	0	0	0	0	0	1	1	1	1	1
sim.314.00057	none	1	1	1	1	1	1	1	0	1	1	1	1	1	2
sim.315.00057	none	0	1	1	1	1	1	1	1	1	1	1	1	1	1
sim.316.00057	none	1	1	1	1	1	2	1	1	1	1	1	1	1	1
sim.317.00057	none	1	1	1	1	1	1	1	1	1	1	1	1	1	1
sim.318.00057	none	1	1	1	2	1	1	1	1	1	1	1	2	2	2
sim.319.00057	none	1	1	1	1	1	1	1	1	1	1	1	1	1	1
sim.32.00057	none	1	0	1	1	1	1	1	1	1	1	1	1	1	1
sim.320.00057	none	1	1	1	1	1	1	1	1	1	1	1	1	1	1
sim.321.00057	none	2	2	3	4	4	4	4	3	3	0	0	0	0	0
sim.322.00057	none	1	0	1	1	1	1	1	1	1	1	2	1	1	1
sim.323.00057	none	1	1	1	1	1	1	1	1	1	1	1	1	1	0
sim.324.00057	none	2	2	2	1	2	2	1	2	2	1	1	1	1	1
sim.325.00057	none	1	1	1	1	1	1	1	1	1	1	1	0	0	0
sim.326.00057	none	1	1	0	0	0	0	0	1	1	1	1	1	1	1
sim.327.00057	none	1	1	1	1	1	0	1	1	1	1	1	1	1	1
sim.328.00057	none	1	1	0	0	0	0	0	0	0	4	3	2	2	2
sim.329.00057	none	1	1	1	1	2	2	2	1	1	1	1	0	0	0
sim.33.00057	none	2	1	1	1	1	1	1	1	1	1	0	0	0	0
sim.330.00057	none	1	1	0	0	0	0	0	0	0	1	1	1	0	1
sim.331.00057	none	0	1	1	1	1	1	1	1	1	1	1	1	1	1
sim.332.00057	none	1	1	1	1	1	1	1	1	1	1	1	1	1	0
sim.333.00057	none	1	1	1	1	1	1	1	1	1	0	0	1	1	1
sim.334.00057	none	1	1	1	1	1	1	1	1	1	1	1	1	1	0
sim.335.00057	none	1	1	1	1	1	1	1	1	1	1	1	1	1	1
sim.336.00057	none	1	1	1	1	1	1	1	1	1	2	1	1	1	1
sim.337.00057	none	1	1	1	1	1	1	1	1	1	1	1	1	1	1
sim.338.00057	none	2	0	1	1	1	1	1	1	1	1	0	1	1	1
sim.339.00057	none	1	1	1	1	1	1	1	1	1	0	0	0	0	0
sim.34.00057	none	1	1	0	0	0	0	0	1	1	1	1	1	1	1
sim.340.00057	none	1	1	1	1	1	1	1	1	1	1	0	0	1	1
sim.341.00057	none	1	1	1	1	1	1	1	1	1	1	1	1	1	1
sim.342.00057	none	0	0	0	0	0	0	0	0	0	1	1	1	1	1
sim.343.00057	none	0	0	0	0	0	0	0	0	0	1	1	1	1	1
sim.344.00057	none	1	1	1	1	1	1	2	1	1	1	1	1	1	1
sim.345.00057	none	0	0	0	0	0	0	0	0	0	1	1	0	1	1
sim.346.00057	none	1	1	1	1	1	1	1	1	1	1	0	1	1	1
sim.347.00057	none	2	2	2	2	2	2	2	3	2	0	0	1	1	1
sim.348.00057	none	0	0	0	0	0	0	0	0	0	1	1	1	1	1
sim.349.00057	none	1	0	1	1	1	1	1	2	2	1	1	1	1	1
sim.35.00057	none	1	1	1	1	1	1	1	1	1	1	1	1	1	1
sim.350.00057	none	2	2	3	2	1	1	1	1	1	0	0	0	0	0
sim.351.00057	none	1	1	1	1	1	2	0	1	1	1	1	1	1	1
sim.352.00057	none	2	2	2	2	2	2	2	2	2	1	1	0	1	1
sim.353.00057	none	1	1	1	1	1	1	1	1	1	0	0	1	1	1
sim.354.00057	none	1	1	1	1	1	1	1	0	0	1	1	1	0	1
sim.355.00057	none	1	1	1	1	1	1	1	1	1	1	1	2	1	1
sim.356.00057	none	1	1	1	1	1	0	1	1	1	1	1	2	2	2
sim.357.00057	none	2	2	3	2	2	2	2	2	2	1	1	1	1	1
sim.358.00057	none	1	1	1	1	1	1	1	1	1	1	1	1	2	1
sim.359.00057	none	1	1	1	1	1	1	1	1	1	1	1	1	1	1
sim.36.00057	none	1	1	1	1	1	1	1	1	1	0	0	1	1	1
sim.360.00057	none	1	1	1	1	1	1	1	1	1	1	1	1	1	1
sim.361.00057	none	1	1	1	0	0	0	0	1	1	0	1	1	1	1
sim.362.00057	none	1	2	1	1	1	1	1	1	1	1	1	1	1	1
sim.363.00057	none	1	1	1	1	1	1	1	1	1	1	1	1	1	1
sim.364.00057	none	1	1	1	1	1	1	2	1	1	1	1	1	1	1
sim.365.00057	none	1	1	1	1	1	1	1	1	1	2	1	1	1	1
sim.366.00057	none	1	1	2	2	2	2	2	1	1	1	1	2	2	2
sim.367.00057	none	0	1	1	1	1	1	1	1	1	1	1	1	1	1
sim.368.00057	none	1	1	1	0	1	1	1	1	1	2	2	1	1	0
sim.369.00057	none	1	1	1	1	1	1	1	1	1	1	1	1	1	1
sim.37.00057	none	1	1	1	1	1	1	1	1	1	1	1	1	1	1
sim.370.00057	none	1	1	1	1	1	1	1	1	1	2	2	1	1	1
sim.371.00057	none	1	1	1	1	1	1	1	1	1	1	1	1	1	1
sim.372.00057	none	2	2	3	3	2	2	2	2	2	2	2	2	2	3
sim.373.00057	none	0	1	1	0	1	1	1	1	1	1	1	1	1	1
sim.374.00057	none	1	1	1	2	1	1	1	2	2	1	1	1	2	2
sim.375.00057	none	1	2	3	2	2	2	2	2	2	1	1	1	1	1
sim.376.00057	none	0	0	0	0	0	0	0	0	0	1	1	2	0	1
sim.377.00057	none	1	1	1	1	1	1	1	1	1	1	1	1	1	1
sim.378.00057	none	0	1	1	1	1	1	1	1	1	1	1	1	1	1
sim.379.00057	none	1	1	1	1	1	1	1	1	1	2	2	3	3	2
sim.38.00057	none	2	2	1	2	2	2	2	3	3	1	1	1	1	1
sim.380.00057	none	0	0	0	0	0	0	0	0	0	1	1	1	1	1
sim.381.00057	none	0	0	0	0	0	0	0	0	0	1	1	1	1	1
sim.382.00057	none	1	1	1	1	1	1	1	1	1	1	1	1	1	1
sim.383.00057	none	1	1	1	1	1	1	1	1	1	0	0	0	0	0
sim.384.00057	none	1	1	1	1	1	1	1	1	1	1	1	1	1	1
sim.385.00057	none	2	2	3	2	2	2	2	2	2	2	1	1	1	1
sim.386.00057	none	1	1	1	1	1	1	1	1	1	2	3	2	2	2
sim.387.00057	none	1	1	2	2	2	2	1	2	2	0	0	0	0	0
sim.388.00057	none	1	1	1	1	1	1	1	1	1	1	1	1	1	1
sim.389.00057	none	1	1	1	1	1	1	1	1	1	1	1	1	1	1
sim.39.00057	none	2	1	1	1	1	1	1	1	1	1	1	1	1	1
sim.390.00057	none	1	1	1	1	1	1	0	1	1	1	1	0	1	1
sim.391.00057	none	2	2	1	1	1	1	1	1	1	1	1	1	1	1
sim.392.00057	none	1	1	0	1	1	1	1	1	1	1	1	1	1	1
sim.393.00057	none	1	1	2	1	0	0	0	1	1	1	1	1	1	1
sim.394.00057	none	0	0	0	0	0	0	0	0	0	1	1	1	1	1
sim.395.00057	none	1	1	1	1	1	1	1	1	1	2	1	2	3	3
sim.396.00057	none	1	1	1	1	1	1	1	1	1	0	1	1	1	1
sim.397.00057	none	1	1	2	3	2	2	2	2	2	1	1	1	1	1
sim.398.00057	none	1	1	0	1	1	1	1	1	1	1	2	1	1	1
sim.399.00057	none	1	1	1	1	1	1	1	1	1	0	0	0	0	0
sim.4.00057	none	1	1	1	1	1	1	1	1	1	1	1	1	1	1
sim.40.00057	none	0	0	0	0	0	0	0	0	0	1	1	1	1	1
sim.400.00057	none	1	1	1	1	1	1	1	1	1	1	1	1	1	0
sim.401.00057	none	1	1	1	1	0	1	1	1	1	1	1	0	1	1
sim.402.00057	none	1	1	1	1	1	1	1	1	1	1	2	1	1	1
sim.403.00057	none	1	1	1	1	1	1	1	1	1	1	1	1	1	1
sim.404.00057	none	1	1	1	1	1	1	1	1	1	1	1	1	1	1
sim.405.00057	none	1	1	1	1	1	1	1	1	1	1	1	1	1	1
sim.406.00057	none	1	1	1	1	1	1	1	2	1	1	1	1	1	1
sim.407.00057	none	1	1	1	1	1	1	1	1	1	1	1	1	1	1
sim.408.00057	none	1	1	1	1	1	1	1	1	1	1	1	1	1	1
sim.409.00057	none	1	2	1	1	1	1	1	1	1	1	1	2	1	1
sim.41.00057	none	0	0	1	1	1	1	1	2	3	1	1	1	1	1
sim.410.00057	none	1	1	1	1	1	1	1	1	1	1	2	1	1	1
sim.411.00057	none	1	1	1	1	1	1	1	1	1	1	1	1	1	2
sim.412.00057	none	1	1	0	0	0	0	0	0	0	1	1	0	1	1
sim.413.00057	none	1	1	1	1	1	1	1	1	1	0	0	0	0	0
sim.414.00057	none	1	1	1	1	1	1	2	1	2	1	1	1	1	1
sim.415.00057	none	1	1	1	1	0	0	1	1	1	0	0	1	1	1
sim.416.00057	none	2	2	1	1	1	1	1	1	1	1	1	1	1	1
sim.417.00057	none	2	2	1	1	1	1	1	3	3	1	1	0	0	0
sim.418.00057	none	0	0	1	1	1	1	1	1	1	2	2	3	2	2
sim.419.00057	none	0	1	1	1	1	1	1	1	1	1	1	1	0	0
sim.42.00057	none	1	0	1	1	1	1	1	1	1	2	3	1	1	1
sim.420.00057	none	1	1	1	1	1	1	1	1	1	1	1	1	1	1
sim.421.00057	none	1	1	1	1	1	1	1	0	0	1	1	1	1	1
sim.422.00057	none	1	1	1	1	1	1	2	1	1	0	0	0	0	0
sim.423.00057	none	1	1	1	1	1	1	1	1	1	1	1	1	1	1
sim.424.00057	none	3	3	2	3	3	3	3	3	3	2	1	0	1	1
sim.425.00057	none	1	1	1	1	1	1	1	1	1	0	0	0	0	0
sim.426.00057	none	1	1	3	2	2	2	2	3	2	2	2	1	1	1
sim.427.00057	none	1	1	0	1	1	1	1	2	2	1	1	1	1	1
sim.428.00057	none	3	2	2	3	2	2	2	2	2	1	1	1	1	1
sim.429.00057	none	1	1	1	1	1	1	1	0	0	2	2	2	2	2
sim.43.00057	none	1	0	1	1	1	1	1	1	1	1	1	1	1	1
sim.430.00057	none	1	1	1	1	1	1	1	1	1	1	0	1	1	1
sim.431.00057	none	1	1	1	1	1	1	1	1	1	1	1	1	1	1
sim.432.00057	none	1	1	1	1	1	1	1	1	1	0	1	1	1	1
sim.433.00057	none	1	1	0	2	1	1	1	1	1	1	1	1	1	1
sim.434.00057	none	1	1	1	1	1	1	1	1	1	0	0	1	1	1
sim.435.00057	none	1	1	2	1	1	1	1	1	1	1	0	0	0	0
sim.436.00057	none	1	1	1	1	1	1	1	1	1	1	1	1	1	1
sim.437.00057	none	1	0	1	1	1	1	0	1	1	1	1	1	1	1
sim.438.00057	none	1	1	1	1	1	1	1	1	1	0	0	0	0	0
sim.439.00057	none	1	1	1	1	1	1	1	1	1	2	2	3	3	3
sim.44.00057	none	1	1	1	1	1	1	1	1	1	1	1	1	1	0
sim.440.00057	none	2	2	2	2	2	2	2	2	2	5	6	4	4	4
sim.441.00057	none	0	0	1	1	1	0	1	2	2	3	1	1	1	1
sim.442.00057	none	3	1	1	1	1	1	1	1	1	1	1	1	1	1
sim.443.00057	none	0	0	0	0	0	0	0	0	0	1	1	1	1	1
sim.444.00057	none	2	2	2	2	2	2	2	2	2	1	1	1	1	1
sim.445.00057	none	1	1	1	1	1	1	1	1	1	1	2	1	1	1
sim.446.00057	none	2	2	3	2	2	2	2	2	2	1	1	1	1	1
sim.447.00057	none	1	2	1	1	1	1	1	1	1	1	1	1	1	1
sim.448.00057	none	1	1	1	1	1	1	1	2	2	2	2	3	2	2
sim.449.00057	none	3	3	2	2	2	2	1	2	2	0	0	1	1	1
sim.45.00057	none	2	2	2	2	2	2	2	2	2	1	1	1	2	2
sim.450.00057	none	0	0	0	0	0	0	0	0	0	1	1	0	1	1
sim.451.00057	none	1	1	1	0	0	0	0	1	1	1	1	1	1	1
sim.452.00057	none	2	2	1	0	1	1	1	1	1	2	2	1	1	1
sim.453.00057	none	0	0	0	0	0	0	0	0	0	1	1	1	1	1
sim.454.00057	none	1	1	1	1	0	0	0	1	1	1	1	1	1	0
sim.455.00057	none	1	1	1	1	1	1	1	1	1	1	1	1	1	1
sim.456.00057	none	1	1	1	1	1	1	1	1	1	1	1	1	1	1
sim.457.00057	none	2	2	3	2	2	2	2	3	3	1	1	1	1	1
sim.458.00057	none	1	1	1	1	1	1	1	1	1	1	1	1	1	2
sim.459.00057	none	1	1	1	1	1	1	1	1	1	2	2	2	2	2
sim.46.00057	none	1	1	0	2	1	1	1	1	1	1	1	1	1	1
sim.460.00057	none	0	0	0	0	0	0	0	0	0	2	1	1	1	1
sim.461.00057	none	1	1	0	1	1	1	1	1	1	1	1	1	1	1
sim.462.00057	none	1	1	1	1	1	1	1	1	1	1	1	1	1	1
sim.463.00057	none	0	0	0	0	0	0	0	0	0	1	1	1	1	1
sim.464.00057	none	1	1	1	1	1	1	1	1	1	1	1	1	1	1
sim.465.00057	none	1	1	1	1	1	1	1	1	1	1	1	1	1	1
sim.466.00057	none	2	2	2	2	2	2	3	2	2	1	1	1	1	2
sim.467.00057	none	1	1	1	1	1	1	1	1	1	1	1	1	1	1
sim.468.00057	none	2	2	1	1	1	1	1	0	0	1	1	1	1	1
sim.469.00057	none	1	1	1	1	1	1	1	1	1	1	1	1	1	1
sim.47.00057	none	1	0	1	1	1	1	1	1	1	1	1	1	1	2
sim.470.00057	none	1	1	1	1	1	1	1	2	1	1	3	1	1	1
sim.471.00057	none	4	4	3	3	3	3	3	3	3	1	1	3	2	2
sim.472.00057	none	1	1	1	1	1	1	1	1	1	0	0	0	0	0
sim.473.00057	none	1	1	1	1	0	0	0	1	1	1	1	1	1	1
sim.474.00057	none	1	1	1	1	1	1	1	1	1	1	1	1	1	1
sim.475.00057	none	1	1	1	1	0	0	0	1	1	1	1	1	1	1
sim.476.00057	none	1	2	1	1	1	1	1	1	1	1	1	1	1	1
sim.477.00057	none	1	1	1	1	1	1	1	1	1	1	1	1	1	1
sim.478.00057	none	0	0	0	0	0	0	0	0	0	1	1	1	1	1
sim.479.00057	none	0	0	0	0	0	0	0	0	0	1	1	1	1	1
sim.48.00057	none	1	1	1	1	1	1	1	1	1	1	2	0	0	0
sim.480.00057	none	1	1	1	1	1	1	1	1	1	1	1	1	1	1
sim.481.00057	none	1	1	1	0	1	1	1	1	1	0	0	1	1	1
sim.482.00057	none	1	2	1	1	1	1	1	1	1	1	1	1	1	1
sim.483.00057	none	0	0	1	1	1	1	1	1	1	1	1	1	1	1
sim.484.00057	none	2	1	1	1	1	1	1	2	3	1	1	1	1	1
sim.485.00057	none	1	1	1	1	1	1	1	1	1	1	1	1	1	1
sim.486.00057	none	0	0	0	0	0	0	0	0	0	3	3	3	4	3
sim.487.00057	none	1	0	0	0	0	0	0	0	0	1	2	1	1	1
sim.488.00057	none	0	0	0	0	0	0	0	0	0	2	1	2	2	2
sim.489.00057	none	1	1	1	0	1	1	1	1	1	1	1	1	1	1
sim.49.00057	none	0	1	1	1	1	1	1	1	1	1	1	2	1	1
sim.490.00057	none	1	1	1	1	1	1	1	1	1	1	1	1	1	1
sim.491.00057	none	1	1	1	1	1	1	1	1	1	1	1	1	1	1
sim.492.00057	none	1	1	1	1	1	1	1	1	1	1	1	1	1	1
sim.493.00057	none	2	1	1	1	1	1	1	1	1	3	1	1	1	1
sim.494.00057	none	1	2	1	1	1	1	1	1	1	0	0	0	0	0
sim.495.00057	none	2	2	1	1	1	1	1	1	1	1	1	1	1	1
sim.496.00057	none	2	2	2	2	3	3	2	2	2	0	0	0	0	0
sim.497.00057	none	1	1	1	1	0	1	1	1	1	1	1	1	1	1
sim.498.00057	none	1	1	1	1	1	1	1	0	0	1	1	1	1	1
sim.499.00057	none	1	0	1	1	1	1	1	1	1	1	1	1	1	0
sim.5.00057	none	1	1	1	1	1	1	1	1	1	1	1	1	1	1
sim.50.00057	none	0	0	0	0	0	0	0	0	0	1	1	2	1	2
sim.500.00057	none	3	3	2	2	2	2	1	2	2	2	2	1	1	1
sim.501.00057	none	1	1	1	1	1	1	1	1	1	0	0	0	0	0
sim.502.00057	none	1	1	1	1	1	1	1	1	1	1	1	0	1	1
sim.503.00057	none	0	0	0	0	0	0	0	0	0	1	1	1	1	1
sim.504.00057	none	2	2	1	1	1	1	1	1	1	1	1	1	1	1
sim.505.00057	none	1	1	1	1	1	1	1	1	1	1	1	1	1	2
sim.506.00057	none	1	1	0	0	0	0	0	0	0	1	1	1	1	1
sim.507.00057	none	1	0	1	1	1	1	1	1	1	1	1	1	1	1
sim.508.00057	none	1	1	1	1	1	1	1	1	1	1	1	1	1	1
sim.509.00057	none	0	0	0	0	0	0	0	0	0	1	1	1	1	1
sim.51.00057	none	2	2	2	2	3	3	2	2	2	1	1	1	1	1
sim.510.00057	none	1	1	1	1	1	1	1	1	1	1	1	1	1	1
sim.511.00057	none	1	1	1	1	1	1	1	1	1	1	1	1	1	1
sim.512.00057	none	1	1	1	1	1	1	1	1	1	1	1	1	1	1
sim.513.00057	none	0	0	0	0	0	0	0	0	0	1	1	1	1	1
sim.514.00057	none	1	1	1	2	2	2	2	1	2	2	3	3	1	1
sim.515.00057	none	1	1	2	1	1	1	1	1	1	1	1	1	1	1
sim.516.00057	none	0	0	1	1	1	1	2	1	1	0	0	0	0	0
sim.517.00057	none	1	1	1	1	1	1	1	1	1	1	1	0	0	0
sim.518.00057	none	1	1	1	1	1	1	1	1	1	1	1	1	1	1
sim.519.00057	none	0	0	1	1	1	1	1	1	1	1	1	1	2	2
sim.52.00057	none	1	1	1	1	1	1	1	1	1	1	1	1	0	1
sim.520.00057	none	2	2	1	1	1	1	1	1	1	1	1	1	1	1
sim.521.00057	none	1	2	1	1	1	1	1	1	1	1	1	1	2	2
sim.522.00057	none	1	1	1	1	1	1	1	1	1	1	1	1	0	0
sim.523.00057	none	1	1	1	1	1	1	1	1	1	1	1	1	1	1
sim.524.00057	none	1	1	1	1	1	1	1	1	1	1	1	1	1	1
sim.525.00057	none	1	0	0	0	0	0	0	0	0	1	1	1	1	1
sim.526.00057	none	1	1	1	1	1	1	1	1	1	1	1	1	1	1
sim.527.00057	none	1	1	1	1	1	1	1	1	1	1	1	1	1	1
sim.528.00057	none	0	0	0	0	0	0	0	0	0	1	1	3	2	2
sim.529.00057	none	1	1	1	1	1	1	1	1	1	1	1	0	0	0
sim.53.00057	none	1	1	1	2	2	3	3	1	1	2	1	2	2	2
sim.530.00057	none	1	1	1	1	1	1	1	1	1	1	1	1	1	1
sim.531.00057	none	1	1	1	1	1	1	1	0	0	1	1	1	1	1
sim.532.00057	none	2	2	1	1	1	1	1	1	1	1	1	1	1	1
sim.533.00057	none	1	1	0	0	0	0	0	0	0	2	0	1	1	1
sim.534.00057	none	1	1	2	2	3	2	3	2	2	0	0	0	1	1
sim.535.00057	none	1	1	1	1	1	1	1	1	1	1	1	2	4	3
sim.536.00057	none	1	1	1	1	1	1	1	1	2	1	1	1	1	1
sim.537.00057	none	1	1	1	1	1	1	1	1	1	2	1	2	2	2
sim.538.00057	none	1	1	1	1	1	1	1	1	1	1	0	1	1	0
sim.539.00057	none	1	1	1	1	1	1	1	1	1	1	1	0	0	0
sim.54.00057	none	1	1	1	1	1	1	1	1	1	2	2	2	2	2
sim.540.00057	none	1	1	1	0	1	1	1	1	1	1	1	1	1	1
sim.541.00057	none	1	1	1	1	1	1	1	1	1	1	1	2	2	2
sim.542.00057	none	2	3	1	1	1	1	1	1	1	0	0	1	0	0
sim.543.00057	none	2	1	1	1	1	1	1	1	1	1	1	0	0	0
sim.544.00057	none	1	1	1	1	1	1	1	1	1	1	1	1	1	1
sim.545.00057	none	1	1	1	0	1	1	1	1	1	1	1	1	1	1
sim.546.00057	none	2	2	1	2	1	1	1	1	1	1	1	1	0	0
sim.547.00057	none	1	1	2	1	1	1	1	1	1	1	1	1	0	1
sim.548.00057	none	1	1	1	1	1	1	1	1	1	1	1	2	2	2
sim.549.00057	none	1	1	1	1	1	1	1	1	1	1	2	1	1	1
sim.55.00057	none	1	1	1	1	1	1	1	1	1	1	1	2	2	1
sim.550.00057	none	1	1	2	1	1	1	2	1	1	1	1	1	1	1
sim.551.00057	none	1	1	1	1	1	1	1	1	1	1	0	1	1	1
sim.552.00057	none	1	1	1	1	1	1	1	1	1	1	1	0	1	1
sim.553.00057	none	1	2	1	1	1	1	1	1	1	1	1	0	0	0
sim.554.00057	none	1	1	1	1	1	1	1	1	1	1	1	0	1	1
sim.555.00057	none	0	0	0	0	0	0	0	0	0	1	1	1	1	1
sim.556.00057	none	2	2	2	2	2	2	2	2	2	1	1	1	1	1
sim.557.00057	none	1	1	1	1	1	1	1	1	1	1	1	1	1	1
sim.558.00057	none	1	1	1	1	1	1	1	1	1	1	1	1	1	1
sim.559.00057	none	1	1	1	1	1	1	1	1	1	1	1	1	0	1
sim.56.00057	none	1	1	1	1	1	1	1	1	1	1	1	1	1	1
sim.560.00057	none	1	1	1	1	1	1	1	1	1	0	0	0	0	0
sim.561.00057	none	1	1	1	1	1	1	1	1	1	1	1	0	0	0
sim.562.00057	none	1	1	1	1	1	1	1	1	1	1	1	1	1	1
sim.563.00057	none	1	1	1	1	1	1	1	1	1	1	1	1	1	1
sim.564.00057	none	1	1	1	1	0	1	1	1	1	1	1	1	1	1
sim.565.00057	none	1	1	1	1	1	1	1	1	1	1	1	2	2	2
sim.566.00057	none	1	1	1	1	1	1	1	1	1	0	1	1	1	1
sim.567.00057	none	2	2	2	2	2	2	2	2	2	1	1	1	1	1
sim.568.00057	none	1	1	1	1	1	2	1	1	1	1	1	1	1	1
sim.569.00057	none	1	2	1	1	2	2	0	1	1	1	1	1	1	1
sim.57.00057	none	1	1	2	2	2	2	2	1	1	1	1	1	1	0
sim.570.00057	none	3	2	2	3	2	2	2	2	2	1	1	1	1	1
sim.571.00057	none	1	1	1	1	1	1	1	0	1	0	0	1	1	1
sim.572.00057	none	1	1	1	1	1	1	1	1	1	2	2	2	2	2
sim.573.00057	none	3	2	4	4	4	4	4	3	4	1	1	1	1	1
sim.574.00057	none	1	1	1	1	1	1	1	1	1	2	2	2	3	2
sim.575.00057	none	1	1	1	1	1	1	1	1	1	1	1	1	1	1
sim.576.00057	none	1	1	2	2	2	2	2	1	1	2	1	1	1	1
sim.577.00057	none	1	1	1	1	1	1	1	1	1	1	1	1	1	1
sim.578.00057	none	1	1	0	0	0	0	0	1	1	1	1	1	0	0
sim.579.00057	none	1	1	1	2	1	1	1	1	1	1	1	1	1	1
sim.58.00057	none	2	1	1	1	1	1	1	1	1	1	1	1	1	1
sim.580.00057	none	1	1	1	1	1	1	1	1	1	1	1	1	1	1
sim.581.00057	none	2	2	1	1	1	1	1	1	2	1	0	1	1	1
sim.582.00057	none	1	1	1	1	1	1	1	1	1	1	1	1	1	1
sim.583.00057	none	1	1	1	1	1	1	1	1	2	1	1	1	2	3
sim.584.00057	none	1	1	1	1	2	2	2	1	1	1	1	2	2	3
sim.585.00057	none	1	1	1	1	2	1	1	1	1	1	1	1	1	1
sim.586.00057	none	1	1	1	1	1	1	1	1	1	1	1	1	1	1
sim.587.00057	none	0	1	1	1	1	2	1	1	1	1	1	1	1	1
sim.588.00057	none	1	1	1	1	1	1	1	1	1	2	2	2	2	2
sim.589.00057	none	0	1	1	1	1	1	1	1	1	0	0	0	0	0
sim.59.00057	none	1	1	1	1	1	1	1	1	1	1	1	1	1	1
sim.590.00057	none	1	1	1	1	1	1	1	1	1	1	1	1	1	1
sim.591.00057	none	1	1	1	1	1	1	0	1	1	2	1	1	0	0
sim.592.00057	none	0	0	0	0	0	0	0	0	0	1	0	1	1	1
sim.593.00057	none	1	1	1	1	1	1	1	1	1	1	1	2	1	1
sim.594.00057	none	0	0	0	0	0	0	0	0	0	1	1	1	1	1
sim.595.00057	none	1	0	1	1	1	1	1	0	1	1	1	1	1	1
sim.596.00057	none	1	1	1	1	1	1	1	1	1	1	1	1	2	1
sim.597.00057	none	1	1	1	1	1	1	1	1	1	2	1	1	1	1
sim.598.00057	none	1	1	1	1	1	1	1	1	1	1	1	1	1	1
sim.599.00057	none	1	1	1	1	1	1	1	1	1	1	1	1	1	1
sim.6.00057	none	1	1	1	1	1	1	1	2	1	2	2	1	1	1
sim.60.00057	none	1	1	1	1	1	1	1	1	1	1	1	1	1	1
sim.600.00057	none	1	1	1	1	0	0	1	1	1	1	1	2	1	1
sim.601.00057	none	2	1	1	1	1	1	1	1	1	1	1	1	1	1
sim.602.00057	none	1	1	1	1	1	1	1	1	1	1	1	1	1	1
sim.603.00057	none	1	1	1	1	1	1	1	1	1	1	1	1	2	1
sim.604.00057	none	1	1	1	1	2	2	1	1	1	1	1	1	1	1
sim.605.00057	none	1	1	1	1	1	1	1	1	2	1	1	1	1	1
sim.606.00057	none	1	0	1	1	1	1	1	1	1	1	1	1	2	1
sim.607.00057	none	1	1	1	1	1	1	1	1	1	2	2	1	2	2
sim.608.00057	none	0	0	0	0	0	0	0	0	0	1	1	1	1	1
sim.609.00057	none	1	1	1	1	1	1	1	1	1	1	1	1	1	1
sim.61.00057	none	1	1	1	1	1	1	1	1	1	0	0	1	1	1
sim.610.00057	none	1	1	1	1	1	1	1	1	1	2	2	1	1	1
sim.611.00057	none	3	3	2	2	3	3	2	2	2	1	2	1	1	1
sim.612.00057	none	2	1	1	1	1	1	1	1	1	4	4	1	1	1
sim.613.00057	none	1	1	1	1	1	1	1	1	1	1	1	1	1	1
sim.614.00057	none	1	1	1	1	1	1	1	1	1	1	1	2	2	2
sim.615.00057	none	2	2	1	1	1	1	1	1	1	0	0	0	0	0
sim.616.00057	none	3	3	2	3	2	2	2	2	2	1	1	1	1	1
sim.617.00057	none	2	2	1	1	1	1	1	2	2	1	1	1	1	1
sim.618.00057	none	1	1	1	1	1	1	1	1	1	1	1	1	1	1
sim.619.00057	none	1	1	1	0	1	1	1	1	1	2	1	1	1	1
sim.62.00057	none	0	0	0	0	0	0	0	0	0	1	1	0	2	1
sim.620.00057	none	1	1	1	1	1	1	1	1	1	0	0	0	0	0
sim.621.00057	none	1	1	1	1	1	1	1	1	1	1	1	1	1	1
sim.622.00057	none	1	1	2	1	1	1	1	1	1	1	1	1	1	1
sim.623.00057	none	0	0	0	0	0	0	0	0	0	1	1	1	1	1
sim.624.00057	none	2	1	1	1	1	1	1	1	1	1	1	2	2	1
sim.625.00057	none	1	1	1	1	1	1	1	1	1	1	1	2	1	1
sim.626.00057	none	0	0	0	0	0	0	0	0	0	2	2	2	2	2
sim.627.00057	none	1	1	1	1	1	1	1	1	1	1	1	1	1	1
sim.628.00057	none	2	1	1	1	1	1	1	1	1	2	1	1	1	1
sim.629.00057	none	1	1	1	1	1	1	1	1	1	1	1	1	1	1
sim.63.00057	none	2	1	0	1	1	1	1	1	1	1	1	1	1	1
sim.630.00057	none	0	1	0	1	1	1	1	0	1	1	2	1	1	1
sim.631.00057	none	1	1	1	1	1	1	2	1	1	1	2	1	1	1
sim.632.00057	none	1	1	1	1	1	1	1	1	1	1	1	0	1	0
sim.633.00057	none	1	1	1	1	1	1	1	0	0	1	1	1	1	1
sim.634.00057	none	1	1	1	1	1	1	1	1	1	1	1	1	1	1
sim.635.00057	none	1	1	1	1	1	1	1	0	0	1	1	1	1	1
sim.636.00057	none	1	1	1	1	1	1	1	1	1	1	1	2	2	1
sim.637.00057	none	1	1	1	1	1	1	1	1	1	0	0	1	2	2
sim.638.00057	none	1	1	1	1	1	1	1	1	1	1	1	1	1	1
sim.639.00057	none	0	1	1	1	1	1	1	1	1	0	0	0	0	0
sim.64.00057	none	1	1	1	1	1	1	1	0	0	1	1	0	0	0
sim.640.00057	none	1	1	1	1	1	1	2	1	1	1	1	1	1	1
sim.641.00057	none	2	1	2	1	2	2	3	2	2	1	1	1	1	1
sim.642.00057	none	1	1	1	2	1	1	1	1	1	1	1	1	1	1
sim.643.00057	none	1	1	1	1	1	1	1	0	1	1	1	1	1	1
sim.644.00057	none	1	1	1	1	1	1	1	2	2	1	1	1	1	1
sim.645.00057	none	1	1	1	1	1	1	1	1	1	2	1	1	0	0
sim.646.00057	none	1	1	1	1	1	1	1	0	1	1	0	1	1	1
sim.647.00057	none	1	1	1	1	1	1	1	1	0	1	1	1	1	1
sim.648.00057	none	1	2	1	1	1	1	1	1	1	1	1	1	1	1
sim.649.00057	none	1	1	1	1	1	1	0	2	1	1	1	1	1	1
sim.65.00057	none	0	0	0	0	0	0	0	0	0	1	1	1	1	1
sim.650.00057	none	1	1	1	1	0	0	1	1	1	1	1	1	1	1
sim.651.00057	none	0	1	1	1	1	1	1	1	1	1	1	1	1	1
sim.652.00057	none	0	0	0	0	0	0	0	0	0	1	1	2	2	2
sim.653.00057	none	1	1	0	0	0	0	0	0	0	1	0	1	1	1
sim.654.00057	none	1	1	1	1	1	1	2	0	0	0	1	1	1	0
sim.655.00057	none	2	2	2	2	2	2	2	2	2	1	1	1	0	1
sim.656.00057	none	1	1	1	1	1	1	1	0	1	1	1	2	2	2
sim.657.00057	none	1	1	1	1	1	1	1	1	1	1	1	1	1	1
sim.658.00057	none	1	1	1	1	1	1	1	1	1	2	1	1	1	1
sim.659.00057	none	0	0	0	0	0	0	0	0	0	1	1	1	2	1
sim.66.00057	none	1	1	1	1	1	1	1	1	1	1	1	1	1	1
sim.660.00057	none	1	1	1	1	1	1	1	1	1	1	1	1	1	1
sim.661.00057	none	1	1	1	1	1	1	1	1	1	1	1	1	1	1
sim.662.00057	none	1	1	2	2	2	2	2	2	2	1	1	1	1	1
sim.663.00057	none	0	0	0	0	0	0	0	0	0	1	2	2	2	2
sim.664.00057	none	1	1	1	1	1	1	1	1	1	1	1	1	1	1
sim.665.00057	none	0	0	1	1	1	1	1	1	1	0	1	1	1	1
sim.666.00057	none	1	1	1	1	1	1	1	1	1	1	1	1	1	1
sim.667.00057	none	1	1	1	1	1	1	1	1	1	1	1	1	1	1
sim.668.00057	none	1	1	1	1	1	1	1	1	1	1	1	1	1	1
sim.669.00057	none	1	1	1	1	1	1	1	1	1	1	1	1	1	1
sim.67.00057	none	1	1	1	1	1	1	1	1	1	0	1	1	1	1
sim.670.00057	none	0	0	0	0	0	0	0	0	0	1	1	2	2	2
sim.671.00057	none	1	1	1	1	1	1	1	1	1	1	1	2	2	2
sim.672.00057	none	1	1	1	0	1	1	1	1	1	0	1	1	1	1
sim.673.00057	none	1	1	1	1	1	1	1	1	1	1	1	1	1	1
sim.674.00057	none	1	1	1	1	1	1	2	2	1	1	1	1	1	1
sim.675.00057	none	3	3	3	3	3	3	3	3	3	1	1	1	1	1
sim.676.00057	none	1	1	1	1	1	1	1	1	1	0	0	0	0	0
sim.677.00057	none	1	1	1	1	1	1	1	1	1	1	1	1	1	1
sim.678.00057	none	1	1	1	1	1	1	1	0	0	1	1	1	1	1
sim.679.00057	none	1	1	1	1	1	1	1	1	1	1	2	1	1	1
sim.68.00057	none	1	1	1	0	1	1	1	1	1	1	0	1	1	1
sim.680.00057	none	1	1	1	1	1	1	1	1	1	1	1	1	1	0
sim.681.00057	none	1	1	1	1	1	1	1	1	1	1	1	2	1	1
sim.682.00057	none	2	2	1	1	1	1	1	1	1	1	1	1	0	0
sim.683.00057	none	1	1	1	2	0	0	1	2	1	1	1	1	1	1
sim.684.00057	none	1	1	1	1	1	1	1	1	0	1	0	1	2	2
sim.685.00057	none	1	1	1	1	1	1	1	1	1	0	0	0	0	0
sim.686.00057	none	2	2	3	3	3	3	3	3	3	2	1	1	2	1
sim.687.00057	none	1	1	1	1	1	1	1	1	1	0	0	0	0	0
sim.688.00057	none	2	3	2	3	2	2	3	2	2	1	1	1	1	1
sim.689.00057	none	1	1	1	1	1	1	0	1	1	1	1	1	1	1
sim.69.00057	none	2	1	1	1	1	1	1	1	1	0	0	0	0	0
sim.690.00057	none	4	3	2	2	2	2	2	1	1	1	1	1	1	1
sim.691.00057	none	1	1	1	0	1	1	1	1	1	1	1	1	1	1
sim.692.00057	none	1	1	1	1	2	0	1	1	1	1	1	1	1	1
sim.693.00057	none	1	1	1	1	1	2	1	1	1	1	1	1	1	1
sim.694.00057	none	0	0	0	0	0	0	0	0	0	1	1	1	1	1
sim.695.00057	none	1	1	1	1	1	1	1	1	1	1	1	1	1	1
sim.696.00057	none	1	1	1	1	1	1	1	1	1	1	1	1	1	1
sim.697.00057	none	1	1	1	1	1	1	1	1	1	1	1	1	1	2
sim.698.00057	none	1	1	1	1	1	1	1	2	1	1	1	1	1	1
sim.699.00057	none	1	1	1	1	1	1	1	1	1	1	1	1	1	1
sim.7.00057	none	1	1	2	1	1	1	1	1	1	2	1	1	1	1
sim.70.00057	none	1	1	1	1	1	2	1	1	1	0	1	1	1	1
sim.700.00057	none	1	1	1	1	1	1	0	1	1	0	0	0	0	0
sim.701.00057	none	0	0	0	0	0	0	0	0	0	1	1	1	1	1
sim.702.00057	none	2	2	1	2	1	1	1	1	1	1	1	2	1	1
sim.703.00057	none	3	3	2	3	2	2	2	2	2	1	1	1	1	1
sim.704.00057	none	1	1	1	1	1	1	1	1	1	1	1	1	1	1
sim.705.00057	none	1	1	2	1	1	1	1	1	1	1	1	1	1	1
sim.706.00057	none	1	1	1	1	1	1	1	1	1	1	1	1	1	1
sim.707.00057	none	0	0	0	0	0	0	0	0	0	1	1	1	1	1
sim.708.00057	none	1	1	0	1	1	1	1	1	1	2	1	1	1	1
sim.709.00057	none	1	1	1	2	1	1	1	1	1	1	1	1	1	1
sim.71.00057	none	2	2	3	2	1	1	2	1	1	0	0	0	0	0
sim.710.00057	none	1	1	1	1	1	1	1	1	1	1	1	2	2	2
sim.711.00057	none	1	1	1	1	1	1	1	1	1	1	1	2	2	2
sim.712.00057	none	2	1	1	1	1	1	1	1	1	1	1	1	1	1
sim.713.00057	none	1	1	1	1	1	1	1	1	1	1	1	1	2	1
sim.714.00057	none	1	1	1	1	1	1	1	1	1	1	1	1	1	1
sim.715.00057	none	2	1	1	1	1	1	1	1	1	0	0	1	1	1
sim.716.00057	none	2	2	1	1	2	2	2	2	2	1	1	1	1	1
sim.717.00057	none	1	1	0	0	0	0	0	0	0	1	1	1	1	1
sim.718.00057	none	1	1	1	1	1	1	2	1	1	1	1	1	1	1
sim.719.00057	none	2	3	2	2	2	2	2	2	2	1	1	1	1	1
sim.72.00057	none	1	1	1	1	1	1	1	1	1	0	0	0	0	0
sim.720.00057	none	2	2	2	2	2	2	2	2	3	1	2	1	1	1
sim.721.00057	none	1	1	0	0	0	0	0	0	0	1	1	1	1	1
sim.722.00057	none	1	1	1	1	1	1	1	1	1	1	1	0	1	1
sim.723.00057	none	1	1	1	1	1	1	1	1	1	1	1	0	1	1
sim.724.00057	none	1	1	1	1	2	2	1	1	1	1	1	1	1	1
sim.725.00057	none	1	1	1	1	1	1	1	1	1	1	1	1	1	1
sim.726.00057	none	0	0	0	0	0	0	0	0	0	1	0	1	1	1
sim.727.00057	none	1	1	1	1	1	1	1	1	1	1	1	1	1	1
sim.728.00057	none	1	1	1	1	1	1	1	1	1	1	1	1	1	1
sim.729.00057	none	1	1	1	1	1	1	1	1	1	1	1	1	1	1
sim.73.00057	none	1	1	1	1	1	1	1	1	1	1	1	1	1	1
sim.730.00057	none	1	1	1	1	1	1	1	1	0	0	1	1	1	1
sim.731.00057	none	1	1	1	1	1	1	1	1	1	1	2	2	2	2
sim.732.00057	none	1	1	1	1	1	1	1	1	1	1	1	1	1	1
sim.733.00057	none	1	1	1	1	1	1	1	1	1	1	1	1	1	1
sim.734.00057	none	2	2	1	1	1	1	1	1	1	1	1	1	1	1
sim.735.00057	none	1	1	1	1	1	1	1	1	1	1	1	0	0	0
sim.736.00057	none	2	1	0	1	1	1	1	1	1	2	1	2	2	2
sim.737.00057	none	2	2	2	2	2	2	2	2	2	1	1	1	1	1
sim.738.00057	none	1	1	1	1	1	1	1	1	1	1	1	1	1	1
sim.739.00057	none	1	0	1	1	1	1	1	1	1	1	1	0	0	0
sim.74.00057	none	0	0	0	0	0	0	0	0	0	1	0	1	1	1
sim.740.00057	none	1	1	1	1	1	1	1	1	1	1	1	1	1	1
sim.741.00057	none	1	1	1	1	1	1	1	1	1	1	1	1	1	1
sim.742.00057	none	1	1	1	1	1	1	1	1	1	1	1	1	1	1
sim.743.00057	none	1	1	1	1	1	1	1	0	1	1	1	1	1	1
sim.744.00057	none	1	1	1	1	1	1	1	2	1	2	2	1	1	1
sim.745.00057	none	1	1	1	1	2	1	1	1	1	1	1	1	1	1
sim.746.00057	none	1	1	1	2	0	1	1	1	1	1	1	1	1	1
sim.747.00057	none	1	1	1	1	1	1	1	1	1	1	1	1	1	1
sim.748.00057	none	1	0	1	1	1	1	1	1	1	1	0	1	1	1
sim.749.00057	none	0	0	0	0	0	0	0	0	0	1	1	1	2	2
sim.75.00057	none	1	1	1	1	1	1	1	1	1	1	2	1	1	1
sim.750.00057	none	1	1	1	1	1	1	1	1	1	1	1	1	0	0
sim.751.00057	none	1	1	1	1	1	1	1	1	1	1	1	1	1	1
sim.752.00057	none	1	1	1	1	1	1	1	1	1	0	0	0	0	0
sim.753.00057	none	1	1	1	1	1	1	1	1	1	1	1	1	1	1
sim.754.00057	none	2	1	1	1	1	1	1	1	1	2	1	2	2	2
sim.755.00057	none	1	1	1	1	1	1	1	1	1	1	1	1	1	1
sim.756.00057	none	1	1	1	1	1	1	0	1	1	1	1	1	1	1
sim.757.00057	none	0	0	0	0	0	0	0	0	0	1	1	1	1	1
sim.758.00057	none	1	1	1	1	1	1	1	1	1	1	1	1	1	1
sim.759.00057	none	1	1	1	1	1	1	1	1	1	1	1	1	1	1
sim.76.00057	none	1	1	1	1	1	1	1	1	1	1	1	1	1	1
sim.760.00057	none	1	1	1	1	1	1	1	1	1	2	2	2	2	2
sim.761.00057	none	1	1	1	1	1	1	1	1	1	1	1	1	1	0
sim.762.00057	none	0	0	0	0	0	0	0	0	0	1	1	1	1	1
sim.763.00057	none	0	0	0	0	0	0	0	0	0	1	1	1	1	1
sim.764.00057	none	2	1	1	1	2	2	1	1	1	1	1	1	1	1
sim.765.00057	none	0	0	0	0	0	0	0	0	0	1	1	1	1	1
sim.766.00057	none	1	1	1	1	1	1	1	1	1	2	1	0	0	0
sim.767.00057	none	2	1	1	1	1	1	1	2	2	1	1	1	1	1
sim.768.00057	none	2	1	1	1	1	1	1	1	1	2	2	2	2	2
sim.769.00057	none	1	1	1	1	1	1	1	1	1	0	0	0	0	0
sim.77.00057	none	1	1	1	1	1	1	1	1	1	1	1	1	1	1
sim.770.00057	none	1	1	1	1	1	1	1	1	1	0	0	1	1	1
sim.771.00057	none	1	1	1	1	1	1	1	1	1	1	1	2	2	2
sim.772.00057	none	1	1	1	1	1	1	1	1	1	1	2	1	1	1
sim.773.00057	none	1	1	1	1	1	1	0	1	1	1	1	1	1	1
sim.774.00057	none	1	1	1	1	1	1	1	1	1	1	1	1	1	1
sim.775.00057	none	1	1	1	1	0	0	0	1	1	1	1	1	1	1
sim.776.00057	none	1	1	1	1	1	1	1	1	1	0	0	0	0	0
sim.777.00057	none	0	1	1	1	1	1	1	1	1	3	3	2	2	2
sim.778.00057	none	3	4	3	3	3	3	3	2	2	1	1	1	0	0
sim.779.00057	none	0	0	0	0	0	0	0	0	0	1	1	1	1	0
sim.78.00057	none	1	1	1	0	1	1	1	1	1	1	1	1	1	1
sim.780.00057	none	1	1	1	1	1	1	1	1	1	1	1	1	1	1
sim.781.00057	none	2	2	2	2	2	2	3	2	2	1	1	1	1	1
sim.782.00057	none	1	1	1	1	1	1	1	1	1	1	1	1	0	0
sim.783.00057	none	1	1	1	1	1	1	1	1	1	1	1	0	0	0
sim.784.00057	none	1	1	1	1	1	1	1	1	1	1	2	1	1	1
sim.785.00057	none	1	1	1	1	1	1	1	1	1	1	1	1	1	1
sim.786.00057	none	0	1	1	1	1	1	1	1	1	1	1	1	1	1
sim.787.00057	none	1	1	2	1	1	1	1	1	1	1	1	1	1	1
sim.788.00057	none	1	1	1	1	1	1	1	1	1	2	1	0	0	0
sim.789.00057	none	1	2	1	1	1	1	1	1	1	1	1	1	1	1
sim.79.00057	none	1	1	1	0	1	1	1	1	1	0	0	0	0	0
sim.790.00057	none	2	2	2	2	2	2	2	3	3	1	1	1	1	1
sim.791.00057	none	2	1	1	1	1	1	1	1	1	0	0	1	1	1
sim.792.00057	none	1	2	1	1	1	1	1	1	1	1	1	2	3	2
sim.793.00057	none	1	1	1	1	1	1	1	1	0	1	1	1	1	1
sim.794.00057	none	1	1	1	1	1	1	1	1	1	1	1	1	1	1
sim.795.00057	none	1	2	1	1	1	1	0	1	1	1	1	1	1	1
sim.796.00057	none	1	1	0	0	0	0	0	0	0	1	1	2	2	1
sim.797.00057	none	2	1	1	1	1	1	1	1	1	2	2	2	2	2
sim.798.00057	none	0	0	3	2	2	2	2	3	3	1	1	1	1	1
sim.799.00057	none	1	1	1	1	1	1	1	1	1	1	0	1	1	0
sim.8.00057	none	2	2	1	2	2	2	2	2	2	1	1	1	1	1
sim.80.00057	none	0	1	1	1	1	1	1	0	1	1	1	1	1	1
sim.800.00057	none	0	1	1	1	1	1	1	1	1	1	1	2	1	1
sim.801.00057	none	0	0	0	0	0	0	0	0	0	1	1	1	1	1
sim.802.00057	none	1	1	2	1	1	1	1	1	1	0	0	1	1	1
sim.803.00057	none	1	1	1	1	1	1	1	1	1	1	1	1	1	1
sim.804.00057	none	2	2	2	3	2	2	3	3	3	1	0	1	2	2
sim.805.00057	none	1	1	1	1	1	1	1	1	1	1	1	1	1	1
sim.806.00057	none	1	1	1	1	1	1	1	1	1	1	0	1	1	1
sim.807.00057	none	1	1	1	1	2	2	1	1	1	1	1	1	1	1
sim.808.00057	none	1	1	1	1	1	1	1	1	1	2	2	2	2	2
sim.809.00057	none	1	1	1	1	1	1	2	1	1	0	1	0	1	1
sim.81.00057	none	1	1	1	1	1	1	1	1	1	1	1	1	1	1
sim.810.00057	none	1	1	1	1	1	1	1	1	1	1	1	1	1	1
sim.811.00057	none	1	1	1	1	1	1	1	1	1	2	1	1	1	1
sim.812.00057	none	1	1	1	1	1	1	1	1	1	1	1	1	1	1
sim.813.00057	none	1	1	1	1	1	1	1	1	1	1	1	0	0	0
sim.814.00057	none	1	1	1	1	1	1	1	1	0	1	1	1	1	1
sim.815.00057	none	1	1	1	1	1	1	1	0	1	1	1	1	1	1
sim.816.00057	none	0	0	1	1	1	1	1	1	1	1	1	1	1	1
sim.817.00057	none	1	1	1	1	1	1	1	1	1	1	1	1	1	1
sim.818.00057	none	2	1	2	3	2	2	2	2	2	1	1	1	1	1
sim.819.00057	none	1	1	1	1	1	1	1	1	1	1	1	1	1	1
sim.82.00057	none	1	1	1	1	1	1	0	1	1	1	1	1	1	1
sim.820.00057	none	1	1	2	2	2	2	2	2	2	1	1	2	2	2
sim.821.00057	none	1	1	1	1	1	1	1	1	1	1	1	1	1	1
sim.822.00057	none	1	1	1	1	1	1	1	1	1	1	1	0	0	0
sim.823.00057	none	1	1	1	1	1	1	1	1	1	2	2	3	2	2
sim.824.00057	none	3	4	2	3	3	3	3	3	3	1	0	1	1	1
sim.825.00057	none	1	1	1	1	1	1	1	1	1	1	1	0	1	1
sim.826.00057	none	1	1	1	1	1	1	1	1	1	1	1	1	1	1
sim.827.00057	none	1	1	0	1	1	1	1	1	1	1	1	1	1	1
sim.828.00057	none	1	1	1	1	1	1	1	1	1	1	1	1	1	1
sim.829.00057	none	1	1	1	1	1	1	1	1	1	1	2	1	1	1
sim.83.00057	none	1	1	1	1	1	1	1	1	1	0	0	0	0	0
sim.830.00057	none	1	1	1	1	1	1	1	2	1	1	1	1	1	1
sim.831.00057	none	1	1	1	1	1	1	1	1	1	1	1	1	1	1
sim.832.00057	none	1	1	1	1	1	1	1	1	1	1	1	1	1	1
sim.833.00057	none	1	1	1	1	1	1	1	1	1	1	1	0	0	0
sim.834.00057	none	1	1	1	1	1	1	1	1	1	2	2	1	1	1
sim.835.00057	none	0	1	1	1	1	1	1	1	1	1	1	1	1	1
sim.836.00057	none	1	1	1	2	2	2	2	2	2	1	1	1	1	1
sim.837.00057	none	1	1	1	1	1	1	1	1	1	1	1	1	1	1
sim.838.00057	none	1	1	1	1	1	1	1	1	1	2	1	1	1	1
sim.839.00057	none	0	0	1	2	1	1	1	1	1	0	0	0	0	0
sim.84.00057	none	1	1	0	0	0	0	0	0	0	1	1	1	1	1
sim.840.00057	none	0	0	1	1	1	1	1	1	1	2	2	3	2	2
sim.841.00057	none	0	0	2	2	2	2	2	2	2	2	1	1	1	1
sim.842.00057	none	1	1	1	1	1	1	1	1	1	0	1	1	1	1
sim.843.00057	none	1	1	1	1	1	1	1	1	1	1	1	0	0	0
sim.844.00057	none	2	2	2	2	2	2	2	2	2	1	1	0	0	0
sim.845.00057	none	0	0	0	0	0	0	0	0	0	1	1	1	1	1
sim.846.00057	none	1	1	1	1	1	1	1	1	1	1	1	1	2	1
sim.847.00057	none	1	1	1	2	1	1	1	1	1	2	1	1	1	1
sim.848.00057	none	1	1	1	1	1	1	1	0	1	1	1	1	1	1
sim.849.00057	none	1	1	1	1	1	1	1	1	1	1	1	1	1	1
sim.85.00057	none	1	1	1	1	1	1	1	1	1	1	0	1	1	1
sim.850.00057	none	1	1	1	1	1	1	1	1	1	2	2	2	2	2
sim.851.00057	none	1	1	1	1	1	1	1	1	1	1	1	1	1	1
sim.852.00057	none	1	1	1	1	1	1	1	1	1	1	0	1	2	2
sim.853.00057	none	0	0	0	0	0	0	0	0	0	2	1	1	1	1
sim.854.00057	none	0	0	0	0	0	0	0	0	0	1	2	1	1	1
sim.855.00057	none	1	1	1	1	1	1	1	1	1	1	1	1	2	1
sim.856.00057	none	0	1	1	1	1	1	1	1	1	1	1	1	1	1
sim.857.00057	none	1	0	1	1	1	1	1	1	1	2	2	1	1	1
sim.858.00057	none	1	1	2	2	2	2	2	2	2	2	1	1	1	1
sim.859.00057	none	1	1	1	2	0	1	1	1	1	1	1	1	1	1
sim.86.00057	none	1	1	1	1	1	1	1	1	1	1	2	1	1	1
sim.860.00057	none	1	1	1	1	1	1	1	1	1	3	3	2	2	2
sim.861.00057	none	1	1	0	1	1	1	1	1	1	1	1	1	1	1
sim.862.00057	none	1	1	1	1	1	1	1	1	1	1	1	2	1	1
sim.863.00057	none	1	1	1	1	1	1	0	1	1	1	1	1	1	1
sim.864.00057	none	1	1	1	1	1	1	1	1	1	1	1	1	1	1
sim.865.00057	none	1	1	1	1	1	1	1	1	1	2	2	3	3	3
sim.866.00057	none	1	1	1	1	1	1	1	2	2	1	1	1	1	1
sim.867.00057	none	1	1	1	1	0	1	1	1	1	1	1	1	0	0
sim.868.00057	none	1	1	1	1	1	1	1	1	1	1	1	1	1	0
sim.869.00057	none	1	1	1	1	1	1	1	1	1	0	0	0	0	0
sim.87.00057	none	1	1	0	0	0	0	0	0	0	1	0	1	1	1
sim.870.00057	none	1	1	1	1	1	1	1	1	1	1	1	1	1	1
sim.871.00057	none	1	1	1	1	1	1	1	1	1	1	1	0	1	1
sim.872.00057	none	1	1	1	1	1	1	1	1	1	0	0	1	1	1
sim.873.00057	none	2	1	1	1	1	1	1	1	1	1	1	1	1	1
sim.874.00057	none	1	1	1	1	1	1	1	1	1	1	1	1	1	1
sim.875.00057	none	2	2	2	2	1	2	2	2	2	1	1	1	1	0
sim.876.00057	none	0	0	1	1	1	1	1	1	1	1	1	1	1	1
sim.877.00057	none	1	1	1	1	1	1	1	1	1	1	1	2	1	1
sim.878.00057	none	1	1	1	1	1	1	1	1	1	1	1	0	0	0
sim.879.00057	none	1	1	1	1	1	1	1	1	1	0	0	0	0	0
sim.88.00057	none	1	1	1	1	1	1	1	1	1	1	1	1	1	1
sim.880.00057	none	1	1	1	1	1	1	1	1	1	1	1	2	1	1
sim.881.00057	none	2	2	1	1	1	1	1	1	1	1	1	3	3	3
sim.882.00057	none	1	1	0	0	0	0	0	0	0	1	0	1	1	1
sim.883.00057	none	0	0	0	0	0	0	0	0	0	1	1	1	1	1
sim.884.00057	none	1	1	1	2	1	1	1	1	1	0	0	1	1	1
sim.885.00057	none	2	2	1	1	1	1	1	1	1	2	2	1	1	1
sim.886.00057	none	1	1	1	1	1	1	1	1	1	1	1	1	1	1
sim.887.00057	none	1	1	1	1	1	1	1	1	1	1	0	1	1	1
sim.888.00057	none	1	1	0	0	0	0	0	0	0	1	1	1	1	1
sim.889.00057	none	0	0	1	1	1	1	1	1	1	0	0	1	1	1
sim.89.00057	none	1	1	1	1	1	1	1	1	1	1	1	1	1	1
sim.890.00057	none	1	1	1	2	1	1	1	1	1	2	2	1	1	1
sim.891.00057	none	2	2	2	2	2	2	2	1	2	1	1	1	1	1
sim.892.00057	none	1	1	1	1	1	1	1	1	1	1	1	1	1	1
sim.893.00057	none	1	1	1	1	1	1	1	1	1	2	2	2	2	2
sim.894.00057	none	1	1	1	1	1	1	1	1	1	2	0	1	1	1
sim.895.00057	none	1	1	1	2	1	1	1	1	1	1	0	2	1	1
sim.896.00057	none	0	0	0	0	0	0	0	0	0	2	1	1	1	1
sim.897.00057	none	1	1	1	1	1	1	1	1	1	0	0	0	0	0
sim.898.00057	none	1	1	1	0	0	0	0	1	1	1	1	1	0	1
sim.899.00057	none	2	2	2	2	2	2	2	2	2	2	2	1	2	1
sim.9.00057	none	3	3	3	3	3	3	3	3	3	1	1	1	1	1
sim.90.00057	none	1	1	1	1	1	1	1	1	1	1	1	1	1	1
sim.900.00057	none	1	1	1	1	1	1	1	1	1	1	1	1	1	1
sim.901.00057	none	1	1	1	1	1	1	1	1	1	0	1	1	1	1
sim.902.00057	none	1	1	1	1	1	1	1	1	1	1	1	1	1	1
sim.903.00057	none	1	2	2	2	2	2	2	1	1	0	1	1	1	1
sim.904.00057	none	1	1	0	0	0	0	0	1	1	1	1	0	1	1
sim.905.00057	none	1	2	1	1	1	1	1	1	1	1	1	1	1	1
sim.906.00057	none	1	1	1	1	1	1	1	1	1	0	0	1	1	1
sim.907.00057	none	0	0	0	0	0	0	0	0	0	1	1	1	1	1
sim.908.00057	none	1	1	1	0	0	0	0	1	1	1	0	0	1	1
sim.909.00057	none	2	1	1	1	1	1	1	1	1	1	1	1	1	1
sim.91.00057	none	1	1	1	1	1	1	1	1	2	1	2	1	1	1
sim.910.00057	none	2	2	2	2	2	2	2	2	2	1	1	1	1	1
sim.911.00057	none	1	1	1	1	1	1	1	1	1	1	1	1	2	2
sim.912.00057	none	1	1	1	1	1	1	1	1	1	1	1	1	1	1
sim.913.00057	none	1	1	1	1	1	1	2	1	1	1	0	1	1	1
sim.914.00057	none	1	2	1	1	1	1	1	1	1	2	3	2	2	2
sim.915.00057	none	1	1	2	2	2	2	2	1	1	1	1	1	1	1
sim.916.00057	none	1	1	1	1	1	1	1	1	1	2	2	2	2	2
sim.917.00057	none	1	1	1	2	1	1	1	1	1	0	0	0	0	0
sim.918.00057	none	1	1	1	1	1	1	1	1	1	2	1	1	2	2
sim.919.00057	none	0	0	0	0	0	0	0	0	0	1	1	2	2	2
sim.92.00057	none	1	1	1	1	1	1	1	1	1	1	1	1	1	1
sim.920.00057	none	1	1	1	1	1	1	1	2	1	0	0	0	0	0
sim.921.00057	none	1	2	2	2	2	2	2	2	3	2	2	1	1	1
sim.922.00057	none	1	1	1	1	1	1	1	1	1	1	1	1	1	1
sim.923.00057	none	1	1	1	1	1	1	1	1	1	1	1	1	1	1
sim.924.00057	none	1	1	1	1	1	1	1	2	2	1	1	1	1	1
sim.925.00057	none	1	1	1	1	1	1	1	1	1	2	1	0	1	1
sim.926.00057	none	1	1	1	1	1	1	0	0	0	1	1	1	1	1
sim.927.00057	none	1	1	1	1	1	1	1	1	1	2	3	2	2	2
sim.928.00057	none	3	1	1	1	2	2	1	1	1	2	2	1	1	1
sim.929.00057	none	1	1	1	1	1	1	1	1	1	0	0	0	0	0
sim.93.00057	none	2	3	2	2	2	2	2	2	2	1	1	1	1	1
sim.930.00057	none	1	2	1	1	1	1	1	1	1	0	0	0	0	0
sim.931.00057	none	1	1	1	2	2	2	2	1	1	3	2	1	2	2
sim.932.00057	none	0	0	0	0	0	0	0	0	0	0	1	1	1	1
sim.933.00057	none	1	1	1	3	1	1	1	1	1	0	0	0	1	1
sim.934.00057	none	1	1	1	1	1	1	1	1	1	1	2	1	1	1
sim.935.00057	none	1	1	1	0	1	1	1	1	2	1	1	1	1	1
sim.936.00057	none	1	1	1	1	1	1	1	1	1	1	0	1	1	1
sim.937.00057	none	1	1	1	1	1	1	1	1	0	1	1	1	1	1
sim.938.00057	none	1	1	1	1	1	1	1	1	1	0	1	1	1	1
sim.939.00057	none	1	1	0	0	0	0	0	1	1	1	2	1	1	1
sim.94.00057	none	1	1	1	1	1	1	1	1	1	1	1	1	0	0
sim.940.00057	none	2	1	1	1	2	2	3	1	1	1	1	1	0	1
sim.941.00057	none	1	1	1	1	1	1	1	1	1	0	0	0	0	0
sim.942.00057	none	0	0	0	0	0	0	0	0	0	1	1	0	1	1
sim.943.00057	none	1	1	0	0	0	0	0	0	0	2	2	2	2	2
sim.944.00057	none	1	1	1	1	1	1	1	1	1	1	1	1	1	1
sim.945.00057	none	1	1	1	1	1	1	1	1	1	1	1	1	1	1
sim.946.00057	none	1	1	1	0	1	1	1	1	1	1	1	0	0	0
sim.947.00057	none	1	1	1	1	1	1	1	1	1	0	0	0	0	0
sim.948.00057	none	1	1	1	1	1	1	1	1	1	1	1	1	1	1
sim.949.00057	none	1	1	1	1	1	1	1	1	1	1	1	1	1	1
sim.95.00057	none	1	1	1	1	1	1	1	0	0	1	1	1	1	0
sim.950.00057	none	1	1	1	1	1	1	1	1	0	1	1	1	1	1
sim.951.00057	none	1	1	1	1	1	1	1	1	1	1	1	1	1	2
sim.952.00057	none	1	1	2	2	2	2	2	2	2	1	1	1	1	1
sim.953.00057	none	2	2	1	2	2	2	2	2	2	1	1	1	1	1
sim.954.00057	none	1	1	1	1	1	1	1	1	1	0	0	0	0	0
sim.955.00057	none	1	1	1	1	2	2	2	1	1	2	2	2	2	2
sim.956.00057	none	1	1	1	1	1	1	1	1	1	1	1	1	1	1
sim.957.00057	none	1	1	1	1	1	1	1	1	1	1	1	1	1	1
sim.958.00057	none	2	2	2	2	2	2	2	3	3	0	0	0	0	0
sim.959.00057	none	1	1	1	1	2	2	1	1	1	1	1	0	0	0
sim.96.00057	none	1	1	1	1	1	1	1	1	1	1	1	1	1	1
sim.960.00057	none	1	1	1	1	1	1	1	1	1	1	1	1	1	1
sim.961.00057	none	1	1	1	1	1	1	1	1	1	1	1	2	1	1
sim.962.00057	none	1	1	1	1	1	1	1	1	1	1	1	1	1	1
sim.963.00057	none	1	1	1	1	1	1	1	1	1	1	1	1	1	1
sim.964.00057	none	1	2	1	1	1	1	1	1	1	1	1	1	1	1
sim.965.00057	none	1	0	1	1	1	1	1	1	1	1	1	1	1	1
sim.966.00057	none	1	1	1	1	1	1	1	1	1	1	1	1	1	0
sim.967.00057	none	1	1	1	1	1	1	1	1	1	1	1	0	0	0
sim.968.00057	none	0	1	1	0	0	0	0	1	1	1	1	1	1	1
sim.969.00057	none	1	1	1	1	1	1	1	1	1	1	0	1	1	1
sim.97.00057	none	1	1	0	1	1	1	1	1	0	1	1	1	1	1
sim.970.00057	none	1	1	1	1	1	1	1	1	1	1	1	1	1	1
sim.971.00057	none	1	1	1	1	1	1	1	1	1	1	1	1	1	1
sim.972.00057	none	2	2	1	1	1	1	1	1	1	2	1	1	1	1
sim.973.00057	none	2	2	1	1	1	1	1	1	2	2	2	1	1	1
sim.974.00057	none	1	1	1	1	1	1	1	1	1	1	1	0	0	0
sim.975.00057	none	1	1	1	1	1	1	1	1	1	0	0	0	0	0
sim.976.00057	none	1	1	1	1	1	1	1	1	1	1	1	0	1	2
sim.977.00057	none	1	1	1	1	1	1	1	1	1	1	1	1	1	1
sim.978.00057	none	0	1	1	1	1	1	1	1	1	1	1	1	2	2
sim.979.00057	none	1	1	1	1	1	1	1	2	1	1	1	1	2	1
sim.98.00057	none	2	2	1	1	1	1	1	1	1	1	1	1	1	1
sim.980.00057	none	1	1	1	1	1	1	1	1	1	2	2	1	1	1
sim.981.00057	none	1	1	1	1	1	1	1	1	1	0	0	0	0	0
sim.982.00057	none	1	1	1	1	1	1	1	1	1	1	1	1	1	1
sim.983.00057	none	2	2	2	2	2	2	2	2	2	1	1	1	1	1
sim.984.00057	none	3	2	3	3	3	3	3	3	3	1	1	1	1	1
sim.985.00057	none	1	1	1	0	1	1	1	1	1	1	1	1	1	1
sim.986.00057	none	1	1	1	1	1	1	1	1	1	1	1	0	0	0
sim.987.00057	none	2	2	2	2	2	2	2	2	2	1	1	1	1	0
sim.988.00057	none	1	1	1	2	1	1	1	1	1	1	1	1	1	1
sim.989.00057	none	1	0	1	1	1	1	1	1	1	1	1	1	1	1
sim.99.00057	none	2	2	2	2	2	2	2	2	2	1	1	1	1	1
sim.990.00057	none	1	2	1	1	1	1	1	1	1	1	1	1	1	1
sim.991.00057	none	2	2	2	2	2	2	2	2	2	1	1	1	3	4
sim.992.00057	none	1	1	1	1	1	1	1	1	1	1	1	1	1	1
sim.993.00057	none	2	2	2	2	2	2	2	1	1	1	1	1	1	1
sim.994.00057	none	1	0	0	0	0	0	0	0	0	1	1	3	3	2
sim.995.00057	none	1	1	1	1	1	1	1	1	1	1	1	1	1	1
sim.996.00057	none	1	1	1	1	1	1	1	1	1	1	1	1	1	1
sim.997.00057	none	0	0	1	1	1	1	1	1	1	0	0	0	0	0
sim.998.00057	none	1	1	1	1	1	1	1	1	1	0	2	1	1	1
sim.999.00057	none	1	1	1	1	1	1	1	1	1	1	1	1	1	1
