OGS	desc	musDom	gloMor	droWil	droPse	droYak	droMel	droAna	droVir	droMoj	culQui	aedAeg	anoDar	anoSte	anoGam
sim.0.023	none	0	0	0	0	0	0	0	0	0	5	12	1	0	0
sim.1.023	none	0	1	0	0	0	0	0	0	0	0	5	4	14	8
sim.10.023	none	0	0	0	0	0	0	0	0	0	0	0	32	21	10
sim.100.023	none	3	0	2	8	5	5	1	1	1	0	0	0	0	0
sim.101.023	none	0	0	0	0	0	0	0	0	0	0	0	6	4	13
sim.102.023	none	0	0	0	0	0	0	0	0	0	6	1	2	2	1
sim.103.023	none	6	7	4	4	4	2	13	2	2	6	7	0	4	2
sim.104.023	none	0	0	0	0	0	0	0	0	0	7	1	3	2	2
sim.105.023	none	0	0	0	0	0	0	0	0	0	0	2	1	2	5
sim.106.023	none	0	0	3	2	0	0	2	0	0	0	0	0	0	0
sim.107.023	none	0	0	0	0	0	0	0	0	0	5	0	1	2	4
sim.108.023	none	3	3	16	14	8	9	8	16	22	7	9	13	2	11
sim.109.023	none	6	10	2	1	5	3	4	3	3	0	0	0	0	0
sim.11.023	none	0	0	0	1	3	2	0	0	0	0	0	0	0	0
sim.110.023	none	0	0	3	10	5	4	3	3	4	0	0	0	0	0
sim.111.023	none	0	0	0	0	0	0	0	0	0	0	0	2	6	3
sim.112.023	none	3	3	3	2	5	3	0	6	4	0	0	0	0	0
sim.113.023	none	0	0	0	0	0	0	0	0	0	1	4	7	5	1
sim.114.023	none	6	2	5	2	4	2	7	4	1	0	0	0	0	0
sim.115.023	none	1	1	7	4	6	2	5	1	2	0	0	0	0	0
sim.116.023	none	2	2	0	0	0	0	0	0	0	0	0	0	0	0
sim.117.023	none	0	0	0	0	0	0	0	0	0	0	0	0	15	1
sim.118.023	none	0	0	0	0	0	0	0	0	0	0	0	15	6	5
sim.119.023	none	12	17	4	1	1	1	0	0	0	0	0	0	0	0
sim.12.023	none	0	0	0	0	0	0	0	0	0	14	1	12	25	25
sim.120.023	none	0	0	0	0	0	0	0	0	0	12	2	19	11	21
sim.121.023	none	0	0	0	6	8	4	6	8	0	0	0	0	0	0
sim.122.023	none	2	0	3	0	0	3	1	8	2	0	0	0	0	0
sim.123.023	none	0	0	0	0	0	0	0	0	0	4	3	0	0	0
sim.124.023	none	0	0	1	0	3	3	3	1	1	0	0	0	0	0
sim.125.023	none	0	0	1	3	3	5	0	0	0	0	0	0	0	0
sim.126.023	none	0	0	0	0	0	0	0	0	0	1	3	6	4	7
sim.127.023	none	21	8	11	10	15	7	16	9	8	0	0	0	0	0
sim.128.023	none	0	0	0	0	0	0	0	0	0	5	5	10	13	15
sim.129.023	none	9	15	4	5	0	3	1	0	2	0	0	0	0	0
sim.13.023	none	10	15	24	34	34	29	17	8	10	0	0	0	0	0
sim.130.023	none	5	1	0	0	0	0	0	1	0	0	0	0	0	0
sim.131.023	none	0	0	0	0	0	0	0	0	0	2	0	6	1	0
sim.132.023	none	0	0	0	0	0	0	0	0	0	27	44	0	2	2
sim.133.023	none	14	7	7	9	5	4	20	12	18	0	0	0	0	0
sim.134.023	none	4	4	12	29	15	14	16	13	14	0	0	0	0	0
sim.135.023	none	0	0	0	0	0	0	0	0	0	8	2	0	0	0
sim.136.023	none	0	0	0	0	0	0	0	0	0	0	0	3	3	1
sim.137.023	none	0	0	0	0	0	0	0	0	0	2	14	4	9	9
sim.138.023	none	0	0	0	0	0	0	0	0	0	0	0	16	11	14
sim.139.023	none	0	0	0	0	2	3	5	0	6	0	0	0	0	0
sim.14.023	none	13	16	13	15	21	22	27	38	30	0	0	0	0	0
sim.140.023	none	3	11	4	2	0	0	4	1	0	0	0	0	0	0
sim.141.023	none	0	3	0	0	0	0	0	1	2	0	0	0	0	0
sim.142.023	none	8	9	3	6	4	3	3	4	2	0	0	0	0	0
sim.143.023	none	0	0	0	0	0	0	0	0	0	1	3	2	5	1
sim.144.023	none	4	0	16	15	10	13	12	5	13	0	0	0	0	0
sim.145.023	none	0	0	0	0	0	0	0	0	0	3	0	3	1	1
sim.146.023	none	9	0	3	0	0	0	0	0	0	0	0	0	0	0
sim.147.023	none	16	13	7	9	16	14	14	12	7	0	0	0	0	0
sim.148.023	none	10	11	3	10	8	4	13	5	2	0	0	0	0	0
sim.149.023	none	0	0	1	0	2	2	2	1	0	0	0	0	0	0
sim.15.023	none	0	0	3	2	3	0	0	0	3	0	0	0	0	0
sim.150.023	none	15	15	7	9	4	2	12	0	0	0	0	0	0	0
sim.151.023	none	0	0	0	0	0	0	0	0	0	7	16	1	15	10
sim.152.023	none	0	0	0	0	0	0	0	0	0	12	1	2	5	9
sim.153.023	none	0	0	0	0	0	0	0	0	0	1	1	2	8	8
sim.154.023	none	0	0	3	0	4	6	2	1	3	0	0	0	0	0
sim.155.023	none	0	0	3	10	3	4	2	1	2	9	5	2	0	1
sim.156.023	none	1	3	7	11	11	9	12	16	16	0	0	0	0	0
sim.157.023	none	0	0	0	0	0	0	0	3	2	0	0	0	0	0
sim.158.023	none	5	4	26	21	18	22	22	16	21	0	0	0	0	0
sim.159.023	none	0	7	0	0	0	0	0	0	0	0	0	0	0	0
sim.16.023	none	0	0	0	0	0	0	0	0	0	0	1	4	2	1
sim.160.023	none	3	2	1	3	0	0	0	0	0	0	0	0	0	0
sim.161.023	none	5	12	1	4	3	0	3	11	9	0	0	0	0	0
sim.162.023	none	32	12	14	20	16	9	16	14	23	1	10	0	4	2
sim.163.023	none	0	0	0	0	0	0	0	0	0	3	2	0	0	0
sim.164.023	none	0	0	0	0	0	0	0	0	0	2	2	5	0	1
sim.165.023	none	0	0	0	0	0	0	0	0	0	10	13	3	0	0
sim.166.023	none	14	14	12	2	7	9	9	2	9	0	0	0	0	0
sim.167.023	none	0	0	4	0	3	2	2	2	0	9	47	20	9	7
sim.168.023	none	1	3	9	4	7	8	7	4	5	0	0	0	0	0
sim.169.023	none	0	0	0	0	0	0	0	0	0	12	5	13	1	5
sim.17.023	none	0	0	0	3	0	0	1	0	0	0	0	0	0	0
sim.170.023	none	5	8	5	3	0	0	2	4	12	12	20	6	8	12
sim.171.023	none	0	0	0	0	0	0	0	0	0	7	5	6	0	8
sim.172.023	none	0	0	0	0	0	0	0	0	0	0	0	0	7	6
sim.173.023	none	6	8	0	0	0	0	0	0	0	0	0	0	0	0
sim.174.023	none	0	0	0	0	0	0	0	0	0	3	2	17	8	5
sim.175.023	none	0	0	0	0	0	0	0	0	0	6	4	2	0	5
sim.176.023	none	0	0	0	0	0	0	0	0	0	4	4	4	14	15
sim.177.023	none	20	9	18	18	16	18	13	19	19	0	0	0	0	0
sim.178.023	none	0	0	0	0	0	0	0	0	0	0	0	2	13	6
sim.179.023	none	0	0	0	0	0	0	0	0	0	4	2	15	9	7
sim.18.023	none	12	2	1	0	0	0	1	3	2	0	0	0	0	0
sim.180.023	none	0	1	5	2	6	6	1	3	2	0	0	0	0	0
sim.181.023	none	3	6	0	0	0	0	0	0	0	0	0	0	0	0
sim.182.023	none	0	0	0	0	0	0	0	0	0	8	0	0	0	0
sim.183.023	none	6	2	10	20	11	4	4	10	11	0	0	0	0	0
sim.184.023	none	36	37	25	22	31	22	26	64	72	0	0	0	0	0
sim.185.023	none	0	0	0	0	0	0	0	0	0	5	9	0	1	0
sim.186.023	none	16	2	6	4	3	7	1	1	1	0	0	0	0	0
sim.187.023	none	7	4	1	5	12	7	9	13	7	0	0	0	0	0
sim.188.023	none	0	0	0	0	0	0	0	0	0	5	5	0	0	0
sim.189.023	none	13	2	8	1	1	1	2	2	1	4	8	2	26	14
sim.19.023	none	14	7	9	5	16	12	8	14	11	0	0	0	0	0
sim.190.023	none	0	0	0	0	0	0	0	0	0	9	13	12	7	9
sim.191.023	none	2	1	0	0	3	1	0	1	2	0	0	0	0	0
sim.192.023	none	4	10	5	18	17	17	14	12	22	0	0	0	0	0
sim.193.023	none	0	0	0	0	0	0	0	0	0	3	4	13	5	2
sim.194.023	none	1	13	13	5	2	1	6	5	4	0	0	0	0	0
sim.195.023	none	4	9	6	10	11	18	19	11	3	12	5	1	0	1
sim.196.023	none	0	0	0	0	0	0	0	0	0	12	2	5	9	7
sim.197.023	none	0	0	0	0	0	0	0	0	0	5	8	0	0	0
sim.198.023	none	0	0	0	0	0	0	0	0	0	2	3	0	0	0
sim.199.023	none	0	0	0	0	0	0	0	0	0	2	0	9	13	4
sim.2.023	none	23	7	6	5	0	0	0	4	8	0	0	0	0	0
sim.20.023	none	1	0	0	0	0	0	0	1	2	0	0	0	0	0
sim.200.023	none	5	1	9	5	7	7	6	13	21	0	0	0	0	0
sim.201.023	none	14	0	3	11	9	10	1	10	14	0	0	0	0	0
sim.202.023	none	3	2	5	26	7	6	5	6	2	3	13	0	1	2
sim.203.023	none	2	4	5	13	18	17	8	5	7	0	0	0	0	0
sim.204.023	none	0	0	0	0	0	0	0	0	0	0	4	3	4	1
sim.205.023	none	12	7	1	4	8	8	6	3	0	0	0	2	2	1
sim.206.023	none	5	0	0	1	4	6	3	3	2	0	0	0	0	0
sim.207.023	none	0	0	0	0	0	0	0	0	0	0	0	6	4	2
sim.208.023	none	7	5	1	0	1	0	2	0	0	0	0	0	0	0
sim.209.023	none	0	0	0	0	0	0	0	0	0	0	0	6	7	4
sim.21.023	none	0	0	0	0	0	0	0	0	0	0	0	0	3	3
sim.210.023	none	2	0	0	0	0	0	1	2	1	0	0	0	0	0
sim.211.023	none	2	4	28	19	20	25	23	29	30	0	0	0	0	0
sim.212.023	none	0	0	0	0	0	0	0	0	0	7	22	0	0	0
sim.213.023	none	0	0	0	0	0	0	0	0	0	2	6	0	0	0
sim.214.023	none	0	0	0	0	0	0	0	0	0	4	2	3	0	5
sim.215.023	none	23	9	9	11	7	8	6	10	9	0	0	0	0	0
sim.216.023	none	0	0	0	0	0	0	0	0	0	17	4	6	4	2
sim.217.023	none	26	11	28	42	16	22	25	12	11	0	0	0	0	0
sim.218.023	none	0	2	9	4	1	2	7	15	22	0	0	0	0	0
sim.219.023	none	0	0	0	0	0	0	0	0	0	6	0	14	23	10
sim.22.023	none	0	0	0	0	0	0	0	0	0	12	1	5	9	18
sim.220.023	none	0	3	9	4	2	3	0	4	0	9	1	0	0	0
sim.221.023	none	0	0	0	0	0	0	0	0	0	0	0	0	2	3
sim.222.023	none	0	0	0	0	0	0	0	0	0	0	3	0	4	3
sim.223.023	none	2	5	2	5	8	4	3	5	8	0	0	0	0	0
sim.224.023	none	0	0	0	0	0	0	0	0	0	4	14	1	7	4
sim.225.023	none	10	17	25	18	15	16	26	8	16	0	0	0	0	0
sim.226.023	none	0	0	0	0	0	0	0	0	0	21	3	20	41	27
sim.227.023	none	0	0	0	0	0	0	0	0	0	5	19	11	19	15
sim.228.023	none	4	5	2	1	1	1	0	9	4	0	0	0	0	0
sim.229.023	none	0	0	0	0	0	0	0	0	0	6	5	3	0	5
sim.23.023	none	0	0	0	0	0	0	0	0	0	9	21	28	17	10
sim.230.023	none	0	0	2	1	3	2	1	3	3	0	0	0	0	0
sim.231.023	none	0	0	0	0	0	0	0	0	0	10	10	4	1	2
sim.232.023	none	0	0	0	0	0	0	0	0	0	4	5	1	0	0
sim.233.023	none	0	4	0	0	0	0	0	0	0	0	0	0	0	0
sim.234.023	none	0	0	0	0	0	0	0	0	0	0	0	0	11	19
sim.235.023	none	0	0	0	0	0	0	0	0	0	5	2	0	0	1
sim.236.023	none	10	3	7	17	22	16	14	26	14	0	1	2	2	2
sim.237.023	none	10	15	8	3	5	3	4	11	9	0	0	0	0	0
sim.238.023	none	0	0	0	3	4	2	0	0	1	0	0	0	0	0
sim.239.023	none	1	4	7	10	6	7	4	7	10	0	0	0	0	0
sim.24.023	none	0	0	0	0	0	0	0	0	0	0	1	13	4	9
sim.240.023	none	0	0	2	10	3	2	4	2	3	0	0	0	0	0
sim.241.023	none	1	3	0	2	1	2	3	0	0	0	0	0	0	0
sim.242.023	none	6	3	8	7	14	11	14	15	15	0	0	0	0	0
sim.243.023	none	0	0	0	0	0	0	0	0	0	0	0	1	0	4
sim.244.023	none	7	14	17	11	14	13	18	20	15	0	0	0	0	0
sim.245.023	none	3	2	11	1	3	3	4	5	5	0	0	0	0	0
sim.246.023	none	1	3	2	11	4	7	5	2	6	0	4	0	0	0
sim.247.023	none	0	0	0	0	0	0	0	0	0	1	0	27	27	27
sim.248.023	none	0	0	0	0	0	0	0	0	0	3	0	2	6	11
sim.249.023	none	5	1	2	0	0	0	0	4	2	0	0	0	0	0
sim.25.023	none	0	0	0	0	0	0	0	0	0	0	0	1	1	2
sim.250.023	none	0	0	0	0	0	0	0	0	0	34	9	5	14	15
sim.251.023	none	0	0	0	4	1	0	5	5	3	0	0	0	0	0
sim.252.023	none	4	5	4	0	2	5	3	3	7	0	0	0	0	0
sim.253.023	none	0	0	0	0	0	0	0	0	0	0	0	0	2	2
sim.254.023	none	0	13	0	0	0	0	0	0	0	0	0	0	0	0
sim.255.023	none	0	0	0	3	4	5	3	0	1	0	0	0	0	0
sim.256.023	none	0	4	0	0	0	0	0	3	1	0	0	0	0	0
sim.257.023	none	0	2	3	1	8	7	0	4	2	0	0	0	0	0
sim.258.023	none	0	0	0	0	0	0	0	0	0	6	2	17	18	22
sim.259.023	none	0	0	0	0	0	0	0	0	0	12	0	3	0	2
sim.26.023	none	0	8	14	6	10	6	7	1	2	0	0	0	0	0
sim.260.023	none	0	0	0	0	0	0	0	0	0	10	14	0	0	0
sim.261.023	none	15	19	16	9	9	13	13	14	18	0	0	0	0	0
sim.262.023	none	0	4	5	2	3	5	6	7	5	0	0	0	0	0
sim.263.023	none	8	4	0	0	7	8	1	0	3	0	0	0	0	0
sim.264.023	none	0	0	0	1	1	4	0	4	2	0	0	0	0	0
sim.265.023	none	4	4	9	3	0	0	3	2	2	0	0	0	0	0
sim.266.023	none	0	0	0	0	0	0	0	0	0	3	0	5	13	9
sim.267.023	none	4	3	7	0	1	4	3	4	3	0	0	0	0	0
sim.268.023	none	3	2	4	7	5	7	2	0	0	0	0	0	0	0
sim.269.023	none	0	0	0	0	0	0	0	0	0	0	0	18	4	1
sim.27.023	none	0	0	0	0	0	0	0	0	0	15	12	1	11	3
sim.270.023	none	0	0	3	4	0	1	0	7	0	0	1	3	13	5
sim.271.023	none	0	0	0	0	0	0	0	0	0	26	11	32	22	20
sim.272.023	none	15	15	11	17	8	5	14	17	13	0	0	1	3	1
sim.273.023	none	0	0	0	0	0	0	0	0	0	8	4	1	4	1
sim.274.023	none	0	0	0	0	0	0	0	0	0	0	2	14	2	12
sim.275.023	none	0	0	0	0	0	0	0	0	0	0	0	10	1	4
sim.276.023	none	0	0	0	0	0	0	0	0	0	11	6	5	2	1
sim.277.023	none	0	0	0	0	0	0	0	0	0	16	25	22	16	13
sim.278.023	none	0	0	0	0	0	0	0	0	0	0	7	3	0	10
sim.279.023	none	0	0	1	4	1	1	2	5	1	0	0	0	0	0
sim.28.023	none	0	0	0	0	0	0	0	0	0	0	0	0	5	1
sim.280.023	none	0	0	0	0	0	0	0	0	0	5	9	0	0	0
sim.281.023	none	0	0	0	0	0	0	0	0	0	0	0	5	2	0
sim.282.023	none	0	0	0	3	3	0	2	0	0	1	4	0	0	1
sim.283.023	none	0	0	0	0	0	0	0	0	0	0	0	2	3	1
sim.284.023	none	5	3	0	1	0	0	1	3	0	0	0	7	11	14
sim.285.023	none	0	0	0	0	0	0	0	0	0	0	0	7	5	1
sim.286.023	none	0	0	3	2	1	1	2	0	0	0	0	0	0	0
sim.287.023	none	0	0	0	0	0	0	0	0	0	38	28	0	0	0
sim.288.023	none	6	0	5	2	7	3	3	1	0	0	0	0	0	0
sim.289.023	none	7	3	2	7	6	6	8	16	10	0	0	0	0	0
sim.29.023	none	0	0	0	0	0	0	0	0	0	0	0	11	3	6
sim.290.023	none	8	18	6	16	11	8	6	2	0	0	0	0	0	0
sim.291.023	none	0	0	1	0	2	1	3	1	2	10	1	12	3	4
sim.292.023	none	19	3	4	0	3	3	1	3	0	0	0	0	0	0
sim.293.023	none	3	3	12	9	12	14	17	22	22	8	11	0	0	0
sim.294.023	none	0	0	0	0	0	0	0	0	0	2	10	0	3	0
sim.295.023	none	10	6	0	0	2	1	3	11	8	0	0	0	0	0
sim.296.023	none	0	0	2	3	1	4	4	0	4	0	0	0	0	0
sim.297.023	none	5	0	7	10	12	16	15	6	6	0	0	0	0	0
sim.298.023	none	0	0	0	0	0	0	0	0	0	6	4	2	12	6
sim.299.023	none	5	10	12	4	8	5	6	7	8	7	4	0	0	0
sim.3.023	none	0	1	4	1	6	4	2	1	3	0	0	0	0	0
sim.30.023	none	0	0	0	0	0	0	0	0	0	5	0	0	2	3
sim.300.023	none	2	10	6	4	17	9	11	0	0	0	0	0	0	0
sim.301.023	none	14	11	10	25	18	16	13	22	32	0	0	0	0	0
sim.302.023	none	0	0	0	0	0	0	0	0	0	7	4	22	11	16
sim.303.023	none	13	9	26	26	4	6	7	9	23	0	0	0	0	0
sim.304.023	none	0	0	0	0	0	0	0	0	0	1	0	6	11	3
sim.305.023	none	0	0	0	0	0	0	0	0	0	8	10	0	0	0
sim.306.023	none	0	0	0	0	0	0	0	0	0	12	2	4	16	6
sim.307.023	none	0	0	0	0	0	0	0	0	0	0	0	0	3	6
sim.308.023	none	0	0	0	0	0	0	0	0	0	7	0	6	2	8
sim.309.023	none	0	0	0	0	0	0	0	0	0	4	6	0	2	2
sim.31.023	none	0	0	0	0	0	0	0	0	0	12	1	3	7	3
sim.310.023	none	12	5	5	6	7	13	20	4	4	0	0	0	0	0
sim.311.023	none	0	0	8	2	6	7	4	1	2	0	0	0	0	0
sim.312.023	none	3	0	0	0	0	0	4	0	0	0	0	0	0	0
sim.313.023	none	10	1	0	0	0	0	0	0	0	0	0	0	0	0
sim.314.023	none	0	0	0	0	0	0	0	0	0	3	1	0	0	0
sim.315.023	none	10	4	12	1	2	3	3	4	8	0	0	0	0	0
sim.316.023	none	7	0	0	2	0	0	0	1	1	0	0	0	0	0
sim.317.023	none	0	0	0	0	0	0	0	0	0	0	0	10	2	0
sim.318.023	none	0	0	0	0	0	0	1	0	3	0	0	0	0	0
sim.319.023	none	2	0	16	12	9	14	6	8	6	0	0	0	0	0
sim.32.023	none	0	0	1	1	1	3	0	0	0	0	0	0	0	0
sim.320.023	none	0	0	0	0	0	0	0	0	0	0	6	4	0	0
sim.321.023	none	0	0	1	2	0	0	11	1	2	0	0	0	0	0
sim.322.023	none	4	7	3	7	7	5	5	0	0	0	0	0	0	0
sim.323.023	none	0	0	0	0	0	0	0	0	0	0	1	6	4	11
sim.324.023	none	0	0	0	0	0	0	0	0	0	10	18	17	9	8
sim.325.023	none	8	19	13	23	18	15	17	17	11	0	0	0	0	0
sim.326.023	none	0	0	0	0	0	0	0	0	0	0	0	2	4	1
sim.327.023	none	0	0	0	0	0	0	0	0	0	9	7	1	0	0
sim.328.023	none	1	0	0	0	0	0	0	0	0	0	3	10	11	4
sim.329.023	none	0	0	0	0	0	0	0	0	0	0	0	0	5	2
sim.33.023	none	0	0	0	0	0	0	0	0	0	5	5	0	0	0
sim.330.023	none	0	0	0	0	0	0	0	0	0	0	3	0	4	2
sim.331.023	none	6	2	19	16	4	3	5	23	15	0	0	0	0	0
sim.332.023	none	0	1	4	0	0	2	0	0	0	0	0	0	0	0
sim.333.023	none	2	5	3	9	9	10	8	2	0	0	0	0	0	0
sim.334.023	none	0	0	0	1	5	5	2	0	1	0	0	0	0	0
sim.335.023	none	2	1	0	1	0	0	0	3	2	0	0	0	0	0
sim.336.023	none	0	0	0	0	0	0	0	0	0	4	2	0	0	0
sim.337.023	none	0	3	2	1	6	2	3	0	0	0	0	0	0	0
sim.338.023	none	12	6	8	1	2	2	1	3	2	0	0	0	0	0
sim.339.023	none	14	7	2	13	9	12	14	12	10	0	0	0	0	0
sim.34.023	none	25	27	13	8	10	10	9	0	1	0	0	0	0	0
sim.340.023	none	0	0	0	0	0	0	0	0	0	24	17	9	10	5
sim.341.023	none	0	0	0	4	6	3	0	0	0	0	0	0	0	0
sim.342.023	none	0	0	1	1	2	1	1	1	1	0	0	0	0	0
sim.343.023	none	2	1	7	1	1	1	2	2	2	0	0	0	0	0
sim.344.023	none	0	1	4	0	0	0	0	4	1	0	0	0	0	0
sim.345.023	none	0	0	0	0	0	0	0	0	0	0	0	11	8	3
sim.346.023	none	0	0	0	3	2	1	1	0	0	0	0	0	0	0
sim.347.023	none	0	0	1	7	3	1	0	2	6	0	0	0	0	0
sim.348.023	none	0	0	0	0	0	0	0	0	0	0	0	4	3	1
sim.349.023	none	0	9	2	6	4	3	3	5	2	0	0	0	0	0
sim.35.023	none	0	0	0	0	0	0	0	0	0	3	0	2	6	9
sim.350.023	none	4	2	1	4	6	6	4	5	4	0	0	0	0	0
sim.351.023	none	2	2	7	1	0	0	0	1	1	0	0	0	0	0
sim.352.023	none	4	5	3	5	1	1	1	0	0	15	21	11	9	15
sim.353.023	none	12	25	3	6	12	8	12	7	5	3	2	8	18	12
sim.354.023	none	0	0	0	0	0	0	0	0	0	2	0	3	1	3
sim.355.023	none	5	1	4	25	11	9	10	11	7	0	0	0	0	0
sim.356.023	none	0	0	0	0	0	0	0	0	0	7	7	2	2	4
sim.357.023	none	0	0	0	0	0	0	0	0	0	20	26	13	17	17
sim.358.023	none	0	0	0	0	0	0	0	0	0	3	7	0	0	0
sim.359.023	none	0	0	1	8	1	1	0	0	0	0	0	0	0	0
sim.36.023	none	2	2	5	11	6	6	6	4	5	0	0	0	0	0
sim.360.023	none	6	0	5	9	8	10	8	2	2	0	0	0	0	0
sim.361.023	none	0	0	0	0	0	0	0	0	0	4	3	0	0	0
sim.362.023	none	22	26	29	19	28	32	27	22	19	0	0	0	0	0
sim.363.023	none	14	22	20	15	29	31	15	20	11	0	0	0	0	0
sim.364.023	none	0	0	0	0	0	0	0	0	0	3	2	0	0	0
sim.365.023	none	10	17	2	5	6	6	4	0	4	0	0	1	0	0
sim.366.023	none	0	0	0	0	0	0	0	0	0	0	0	11	0	0
sim.367.023	none	1	0	0	0	0	0	0	0	0	10	36	23	26	32
sim.368.023	none	0	0	0	0	0	0	0	0	0	3	3	10	0	2
sim.369.023	none	37	23	29	47	36	29	29	22	34	11	29	21	33	21
sim.37.023	none	0	0	0	0	0	0	0	0	0	32	42	16	48	48
sim.370.023	none	0	0	2	2	0	0	0	1	1	0	0	0	0	0
sim.371.023	none	6	7	2	3	3	9	4	2	1	0	0	0	0	0
sim.372.023	none	0	2	0	2	4	0	3	0	0	0	0	0	0	0
sim.373.023	none	17	24	4	1	3	3	0	11	2	0	0	7	16	7
sim.374.023	none	8	1	0	3	1	1	1	0	0	11	12	4	7	5
sim.375.023	none	2	0	1	3	0	0	0	6	2	6	10	0	0	0
sim.376.023	none	0	0	0	0	0	0	0	0	0	0	0	8	5	3
sim.377.023	none	0	0	0	0	0	0	0	0	0	24	7	21	9	6
sim.378.023	none	0	0	0	0	0	0	0	0	0	0	0	2	5	3
sim.379.023	none	0	0	0	0	0	0	0	0	0	0	1	10	6	4
sim.38.023	none	3	7	6	1	1	3	3	8	5	0	0	0	0	0
sim.380.023	none	0	0	0	2	0	0	0	2	4	0	0	0	0	0
sim.381.023	none	0	0	0	0	0	0	0	0	0	6	7	4	1	5
sim.382.023	none	0	0	0	0	0	0	0	0	0	25	27	0	1	3
sim.383.023	none	0	0	0	0	0	0	0	0	0	5	2	0	3	0
sim.384.023	none	0	0	0	0	0	0	0	0	0	0	0	5	12	10
sim.385.023	none	0	0	0	0	4	2	1	0	0	0	0	0	0	0
sim.386.023	none	11	4	7	10	5	6	13	15	12	0	0	0	0	0
sim.387.023	none	0	0	0	0	0	0	0	0	0	3	0	3	6	7
sim.388.023	none	0	0	0	0	0	0	0	0	0	0	0	2	6	1
sim.389.023	none	0	1	2	0	4	11	9	2	3	0	0	0	0	0
sim.39.023	none	1	3	0	0	0	0	0	0	0	0	0	0	0	0
sim.390.023	none	15	11	10	8	16	28	20	28	28	4	3	2	3	1
sim.391.023	none	1	0	14	6	14	11	11	11	10	0	0	0	0	0
sim.392.023	none	0	0	12	6	5	2	8	2	5	0	0	0	0	0
sim.393.023	none	5	5	0	0	0	0	0	0	0	0	0	0	0	0
sim.394.023	none	6	0	2	3	2	0	0	0	0	0	0	0	0	0
sim.395.023	none	0	1	1	2	0	0	0	0	0	0	0	0	0	0
sim.396.023	none	0	0	0	0	0	0	0	0	0	3	7	28	7	15
sim.397.023	none	0	0	0	0	0	0	0	0	0	0	0	7	15	9
sim.398.023	none	14	15	3	2	6	6	2	0	3	0	0	0	0	0
sim.399.023	none	18	16	15	14	22	18	13	7	12	0	0	0	0	0
sim.4.023	none	3	14	2	12	18	17	12	10	11	0	0	0	0	0
sim.40.023	none	1	2	2	5	2	4	7	4	3	0	0	0	0	0
sim.400.023	none	4	14	13	13	10	8	15	9	6	0	0	0	0	0
sim.401.023	none	9	18	7	0	11	14	9	5	8	0	0	0	0	0
sim.402.023	none	10	11	12	2	5	4	6	6	7	2	0	0	0	0
sim.403.023	none	0	0	0	0	0	0	0	0	0	0	6	0	0	0
sim.404.023	none	4	1	5	3	6	1	5	0	1	0	0	0	0	0
sim.405.023	none	0	0	1	6	2	5	1	2	7	0	0	0	0	0
sim.406.023	none	0	0	0	0	0	0	0	0	0	3	7	26	10	6
sim.407.023	none	0	0	0	0	0	0	0	0	0	9	15	10	2	4
sim.408.023	none	0	0	0	0	0	0	0	0	0	5	8	18	9	1
sim.409.023	none	0	0	0	0	0	0	0	0	0	15	2	2	1	2
sim.41.023	none	0	0	0	0	0	0	0	0	0	0	0	5	9	3
sim.410.023	none	0	0	0	0	0	0	0	0	0	2	2	12	3	4
sim.411.023	none	0	0	0	0	0	0	0	0	0	0	0	2	10	4
sim.412.023	none	6	7	13	10	11	6	3	6	4	2	14	9	2	9
sim.413.023	none	13	8	9	11	20	24	18	6	10	0	0	0	0	0
sim.414.023	none	0	0	0	0	0	0	0	0	0	0	0	0	7	0
sim.415.023	none	12	7	31	24	27	24	23	28	28	1	0	0	0	0
sim.416.023	none	2	13	17	22	21	18	18	20	13	0	0	0	0	0
sim.417.023	none	3	6	0	0	0	0	0	0	0	0	0	0	0	0
sim.418.023	none	0	0	0	0	0	0	0	0	0	19	18	14	13	16
sim.419.023	none	0	0	0	0	0	0	0	0	0	11	13	12	5	11
sim.42.023	none	1	0	9	16	9	9	12	1	1	0	6	8	11	11
sim.420.023	none	0	0	0	0	0	0	0	0	0	11	6	29	18	17
sim.421.023	none	0	0	0	0	0	0	0	0	0	9	13	1	7	5
sim.422.023	none	4	6	4	4	0	1	4	13	15	0	0	0	0	0
sim.423.023	none	0	0	0	0	0	0	0	0	0	14	12	2	3	1
sim.424.023	none	0	0	0	0	0	0	0	0	0	0	0	9	11	11
sim.425.023	none	0	0	8	8	10	18	8	7	3	0	0	0	0	0
sim.426.023	none	11	10	32	17	13	17	13	17	14	0	0	0	0	0
sim.427.023	none	0	0	9	2	2	1	2	6	10	0	0	0	0	0
sim.428.023	none	0	0	0	0	0	0	0	0	0	0	0	2	3	0
sim.429.023	none	6	7	3	0	0	0	0	0	1	0	0	6	12	8
sim.43.023	none	3	10	2	3	0	0	0	1	0	0	0	0	0	0
sim.430.023	none	2	5	6	0	0	0	2	3	1	4	4	3	16	7
sim.431.023	none	0	0	0	0	0	0	0	0	0	0	0	1	3	2
sim.432.023	none	0	0	10	13	10	6	12	20	25	2	0	0	3	4
sim.433.023	none	0	0	0	0	0	0	0	0	0	34	17	5	5	7
sim.434.023	none	0	0	0	0	0	0	0	0	0	0	0	5	0	0
sim.435.023	none	4	1	3	1	0	0	0	1	0	0	6	7	18	18
sim.436.023	none	16	20	10	17	12	12	18	10	12	0	0	0	0	0
sim.437.023	none	0	0	4	9	0	2	1	1	0	0	0	0	0	0
sim.438.023	none	3	1	0	0	0	0	0	4	7	0	0	0	0	0
sim.439.023	none	6	11	15	17	12	12	15	20	14	0	0	0	0	0
sim.44.023	none	4	4	13	0	0	0	0	0	0	0	0	0	0	0
sim.440.023	none	0	2	5	8	19	23	17	21	25	0	0	0	0	0
sim.441.023	none	0	0	0	0	0	0	0	0	0	0	0	1	0	6
sim.442.023	none	0	0	0	0	0	0	0	0	0	14	1	6	12	3
sim.443.023	none	0	0	7	1	7	4	2	5	6	0	0	0	0	0
sim.444.023	none	4	6	0	0	0	0	0	0	10	0	0	0	0	0
sim.445.023	none	5	2	0	0	0	0	0	4	5	0	0	0	0	0
sim.446.023	none	0	0	0	0	0	0	0	0	0	2	1	26	24	22
sim.447.023	none	0	0	0	0	0	0	0	0	0	13	0	3	5	1
sim.448.023	none	0	0	0	0	0	0	0	0	0	0	0	2	7	10
sim.449.023	none	0	0	0	0	0	0	0	0	0	2	7	5	1	6
sim.45.023	none	9	24	4	9	20	11	7	6	4	0	0	0	0	0
sim.450.023	none	0	0	2	1	7	9	6	1	2	2	5	8	14	18
sim.451.023	none	10	5	11	13	8	10	9	7	7	3	0	0	0	0
sim.452.023	none	7	8	6	11	5	4	12	14	11	0	0	12	7	10
sim.453.023	none	0	0	0	0	0	0	0	0	0	3	3	3	3	2
sim.454.023	none	0	0	0	0	0	0	0	0	0	0	0	0	1	3
sim.455.023	none	0	0	1	1	2	3	5	3	4	0	0	0	0	0
sim.456.023	none	0	0	0	0	0	0	0	0	0	9	2	0	0	0
sim.457.023	none	0	0	0	0	0	0	0	0	0	19	10	0	11	6
sim.458.023	none	0	0	0	0	0	0	0	0	0	0	0	3	1	6
sim.459.023	none	0	0	0	0	0	0	0	0	0	0	0	4	2	1
sim.46.023	none	0	0	0	0	0	0	0	0	0	11	3	6	6	13
sim.460.023	none	0	6	22	10	17	20	8	23	20	0	0	0	0	0
sim.461.023	none	0	0	0	0	0	0	0	0	0	0	0	3	2	5
sim.462.023	none	9	14	12	13	17	14	25	5	10	0	0	0	0	0
sim.463.023	none	0	0	0	0	0	0	0	0	0	0	0	4	3	6
sim.464.023	none	3	2	11	0	12	9	15	13	11	0	0	0	0	0
sim.465.023	none	0	0	0	0	0	0	0	0	0	3	1	0	0	0
sim.466.023	none	0	0	0	0	0	0	0	0	0	0	0	7	3	2
sim.467.023	none	10	14	14	14	10	7	10	6	6	0	0	0	0	0
sim.468.023	none	0	0	0	0	0	0	0	0	0	8	18	0	2	15
sim.469.023	none	0	0	0	0	0	0	0	0	0	10	14	4	0	0
sim.47.023	none	0	0	0	0	0	0	0	0	0	0	0	0	5	5
sim.470.023	none	0	0	0	0	0	0	0	0	0	17	1	0	0	0
sim.471.023	none	0	0	0	0	0	0	0	0	0	6	0	0	0	0
sim.472.023	none	5	8	0	0	0	0	2	3	2	0	0	0	0	0
sim.473.023	none	0	0	0	0	0	0	0	0	0	0	0	6	20	27
sim.474.023	none	0	0	0	0	0	0	0	0	0	3	3	10	6	6
sim.475.023	none	8	9	19	5	9	8	9	8	9	0	0	0	0	0
sim.476.023	none	0	0	0	0	0	0	0	0	0	0	0	2	10	5
sim.477.023	none	0	0	0	0	0	0	0	0	0	21	29	18	12	9
sim.478.023	none	0	0	0	0	0	0	0	0	0	8	0	0	0	0
sim.479.023	none	6	6	4	9	4	3	8	1	3	0	0	0	0	0
sim.48.023	none	0	0	6	22	5	5	10	0	1	0	0	0	0	0
sim.480.023	none	5	5	2	8	9	6	6	5	4	0	0	1	3	3
sim.481.023	none	0	0	0	0	0	0	0	0	0	0	0	5	4	3
sim.482.023	none	4	4	7	8	19	15	9	5	13	0	0	0	0	0
sim.483.023	none	6	4	6	3	6	6	4	5	5	0	0	0	0	0
sim.484.023	none	0	0	0	0	0	0	0	0	0	0	0	1	1	3
sim.485.023	none	0	0	0	0	0	0	0	0	0	11	1	0	0	0
sim.486.023	none	0	0	0	0	0	0	0	0	0	8	10	6	7	7
sim.487.023	none	0	0	0	0	0	0	0	0	0	2	3	0	0	4
sim.488.023	none	0	3	8	1	6	6	3	6	3	7	12	0	0	0
sim.489.023	none	0	0	0	0	0	0	0	0	0	18	7	15	10	3
sim.49.023	none	0	0	0	0	0	0	0	0	0	3	9	0	0	0
sim.490.023	none	4	0	0	0	0	0	0	0	0	0	0	0	0	0
sim.491.023	none	0	0	0	5	4	3	4	1	1	0	0	0	0	0
sim.492.023	none	0	0	0	0	0	0	0	0	0	17	8	17	16	11
sim.493.023	none	0	0	0	0	0	0	0	0	0	15	4	4	2	1
sim.494.023	none	0	0	0	0	0	0	0	0	0	2	6	0	0	0
sim.495.023	none	27	28	2	4	19	17	11	9	7	0	0	0	0	0
sim.496.023	none	2	1	0	0	0	0	0	3	3	4	10	4	9	7
sim.497.023	none	0	0	11	7	10	15	13	1	4	0	0	0	0	0
sim.498.023	none	1	7	1	4	2	1	1	0	2	0	0	5	3	5
sim.499.023	none	0	0	0	0	0	0	0	0	0	0	4	0	1	0
sim.5.023	none	1	1	3	6	5	6	10	5	3	24	25	0	0	0
sim.50.023	none	11	13	13	14	18	9	19	14	20	0	0	0	0	0
sim.500.023	none	0	0	0	0	0	0	0	0	0	3	0	0	4	2
sim.501.023	none	13	9	2	2	2	5	4	2	3	0	0	0	0	0
sim.502.023	none	0	0	0	0	0	0	0	0	0	12	9	11	13	11
sim.503.023	none	0	0	0	0	0	0	0	0	0	0	0	23	4	5
sim.504.023	none	10	11	15	7	10	8	14	8	5	0	0	0	0	0
sim.505.023	none	0	0	0	0	0	0	0	0	0	9	21	14	7	4
sim.506.023	none	1	2	1	2	0	0	0	0	0	5	1	5	9	5
sim.507.023	none	5	2	3	5	1	1	7	3	1	0	0	0	0	0
sim.508.023	none	16	21	14	8	6	2	3	11	10	0	0	0	0	0
sim.509.023	none	0	0	0	0	0	0	0	0	0	0	0	3	2	0
sim.51.023	none	5	4	0	3	1	1	2	4	4	0	0	0	0	0
sim.510.023	none	0	0	0	0	0	0	0	0	0	0	0	3	9	5
sim.511.023	none	5	5	6	2	2	3	4	3	4	0	0	0	0	0
sim.512.023	none	0	0	0	0	0	0	0	0	0	1	1	14	13	4
sim.513.023	none	3	3	0	0	0	0	0	5	5	3	7	0	2	7
sim.514.023	none	27	24	19	12	10	9	1	23	34	0	0	0	0	0
sim.515.023	none	0	0	0	0	0	0	0	0	0	1	6	2	1	5
sim.516.023	none	0	0	0	0	0	0	0	0	0	0	0	5	6	7
sim.517.023	none	2	13	3	3	3	3	3	1	0	0	0	0	0	0
sim.518.023	none	8	4	4	0	0	1	4	7	6	0	0	0	0	0
sim.519.023	none	0	0	0	0	0	0	0	0	0	0	1	6	10	6
sim.52.023	none	18	29	17	24	23	24	31	20	20	0	0	0	0	0
sim.520.023	none	0	0	0	0	0	0	0	0	0	7	1	0	0	0
sim.521.023	none	0	0	0	0	0	0	0	0	0	34	24	11	11	15
sim.522.023	none	0	0	0	0	0	0	0	0	0	2	9	8	5	8
sim.523.023	none	0	0	10	10	2	3	4	2	6	0	0	0	0	0
sim.524.023	none	0	0	0	0	0	0	0	0	0	2	1	1	4	0
sim.525.023	none	0	0	0	0	0	0	0	0	0	0	6	3	4	1
sim.526.023	none	10	25	4	6	19	21	10	6	9	0	0	0	0	0
sim.527.023	none	0	0	0	0	0	0	0	0	0	40	33	21	17	19
sim.528.023	none	0	0	0	0	0	0	0	0	0	1	7	5	7	6
sim.529.023	none	0	0	0	0	0	0	0	0	0	1	3	7	14	9
sim.53.023	none	1	5	0	0	0	0	0	0	0	0	0	0	0	0
sim.530.023	none	0	0	0	0	0	0	0	0	0	4	1	0	0	0
sim.531.023	none	0	0	0	0	0	0	0	0	0	0	0	0	4	0
sim.532.023	none	0	0	0	0	0	0	0	0	0	10	2	5	10	12
sim.533.023	none	10	10	13	16	18	14	11	4	17	0	0	0	0	0
sim.534.023	none	0	0	0	0	0	0	0	0	0	7	12	5	16	8
sim.535.023	none	3	8	3	2	0	0	3	1	0	0	0	25	16	17
sim.536.023	none	0	0	0	0	0	0	0	0	0	6	0	0	0	0
sim.537.023	none	0	3	1	5	1	1	0	0	0	19	2	0	0	0
sim.538.023	none	29	23	22	7	13	13	12	5	5	0	0	0	0	0
sim.539.023	none	0	0	0	0	0	0	0	0	0	3	2	0	0	0
sim.54.023	none	13	4	13	13	13	17	20	10	4	0	0	0	0	0
sim.540.023	none	0	0	1	0	1	1	1	1	0	0	0	0	0	0
sim.541.023	none	1	0	4	1	0	0	2	1	0	0	0	0	0	0
sim.542.023	none	0	0	0	0	0	0	0	0	0	0	0	2	5	3
sim.543.023	none	0	0	0	0	0	0	0	0	0	31	10	15	29	29
sim.544.023	none	5	7	0	1	4	7	1	0	0	0	0	0	0	0
sim.545.023	none	10	9	13	13	7	7	17	1	5	0	0	0	0	0
sim.546.023	none	0	0	0	0	0	0	0	0	0	0	0	5	21	15
sim.547.023	none	0	0	0	0	0	0	0	0	0	7	0	0	0	0
sim.548.023	none	3	10	6	6	10	14	5	6	1	0	0	2	3	4
sim.549.023	none	5	6	0	0	0	0	0	0	0	0	0	0	0	0
sim.55.023	none	0	0	0	0	0	0	0	0	0	29	26	21	13	14
sim.550.023	none	0	0	0	0	0	0	0	0	0	0	2	9	6	2
sim.551.023	none	0	0	0	0	0	0	0	0	0	1	0	20	10	8
sim.552.023	none	0	0	2	6	5	3	9	1	2	0	0	0	0	0
sim.553.023	none	0	0	0	0	0	0	0	0	0	8	8	0	4	8
sim.554.023	none	0	0	0	0	0	0	0	0	0	0	0	7	2	7
sim.555.023	none	31	26	36	21	41	32	36	29	36	0	0	0	0	0
sim.556.023	none	1	3	2	2	0	3	1	3	2	0	1	0	0	0
sim.557.023	none	0	0	0	0	0	0	0	0	0	3	2	12	17	6
sim.558.023	none	4	5	13	8	7	12	11	7	6	8	13	14	9	9
sim.559.023	none	1	0	2	0	1	3	3	4	4	0	0	0	0	0
sim.56.023	none	0	0	1	0	0	0	0	6	5	0	0	0	0	0
sim.560.023	none	0	0	0	0	0	0	0	0	0	0	0	3	8	10
sim.561.023	none	0	0	0	0	0	0	0	0	0	1	1	14	12	7
sim.562.023	none	0	0	0	0	0	0	0	0	0	29	9	13	4	8
sim.563.023	none	0	0	0	0	0	0	0	0	0	0	10	10	0	0
sim.564.023	none	0	0	11	17	15	15	9	13	15	0	0	0	0	0
sim.565.023	none	0	0	0	0	0	0	0	0	0	15	9	13	6	8
sim.566.023	none	19	6	12	13	7	5	8	4	5	0	0	0	0	0
sim.567.023	none	1	2	1	0	1	4	6	4	1	0	0	0	0	2
sim.568.023	none	0	0	0	0	0	0	0	0	0	16	12	8	2	9
sim.569.023	none	0	0	1	4	0	0	0	3	0	0	0	0	0	0
sim.57.023	none	17	16	5	16	11	15	12	1	1	3	5	2	0	0
sim.570.023	none	0	0	5	12	18	20	21	14	12	0	0	0	0	0
sim.571.023	none	13	0	9	10	12	9	12	11	10	0	0	0	0	0
sim.572.023	none	1	5	0	0	0	0	0	0	0	0	0	0	0	0
sim.573.023	none	7	5	0	1	0	2	1	0	4	0	0	0	0	0
sim.574.023	none	12	6	0	1	2	1	1	0	5	0	0	0	0	0
sim.575.023	none	0	0	0	0	0	0	0	0	0	14	24	15	10	20
sim.576.023	none	0	0	0	0	0	0	0	0	0	20	21	0	0	5
sim.577.023	none	7	12	2	1	1	3	4	0	1	0	0	0	0	0
sim.578.023	none	8	25	9	5	8	8	11	9	7	0	0	0	0	0
sim.579.023	none	0	0	0	0	0	0	0	0	0	7	0	11	3	4
sim.58.023	none	0	0	0	0	0	0	0	0	0	12	4	33	37	41
sim.580.023	none	0	0	0	0	0	0	0	0	0	2	3	1	3	3
sim.581.023	none	0	0	0	0	0	0	0	0	0	15	10	15	10	12
sim.582.023	none	0	0	0	0	0	0	0	0	0	1	0	11	13	15
sim.583.023	none	0	0	0	0	0	0	0	0	0	6	0	8	0	1
sim.584.023	none	3	0	1	0	0	0	3	3	1	0	0	0	0	0
sim.585.023	none	0	0	3	7	5	9	5	0	0	24	19	11	9	0
sim.586.023	none	0	0	0	0	0	0	0	0	0	8	16	12	5	4
sim.587.023	none	13	16	11	5	13	15	9	6	4	0	0	0	0	0
sim.588.023	none	4	12	8	17	13	13	15	12	13	0	0	0	0	0
sim.589.023	none	0	0	0	0	0	0	0	0	0	5	5	1	1	1
sim.59.023	none	0	1	18	13	18	13	11	2	6	0	0	0	0	0
sim.590.023	none	0	0	0	0	0	0	0	0	0	3	1	1	14	4
sim.591.023	none	0	0	0	0	0	0	0	0	0	0	0	3	1	3
sim.592.023	none	0	0	0	0	0	0	0	0	0	1	1	0	3	5
sim.593.023	none	0	0	0	0	0	0	0	0	0	1	5	7	7	10
sim.594.023	none	0	0	4	2	2	6	11	6	8	0	0	0	0	0
sim.595.023	none	0	0	3	3	7	4	3	1	4	0	0	0	0	0
sim.596.023	none	0	0	0	0	0	0	0	0	0	18	20	24	25	17
sim.597.023	none	0	0	0	0	0	0	0	0	0	9	1	0	0	0
sim.598.023	none	0	0	0	0	0	0	0	0	0	9	7	1	0	0
sim.599.023	none	0	0	0	0	0	0	0	0	0	9	12	1	2	2
sim.6.023	none	0	0	0	0	0	0	0	0	0	6	2	5	13	16
sim.60.023	none	0	0	0	0	0	0	0	0	0	2	1	0	7	9
sim.600.023	none	4	6	3	4	7	7	6	3	4	0	0	0	0	0
sim.601.023	none	0	0	0	0	0	0	0	0	0	18	17	11	19	13
sim.602.023	none	6	4	3	2	1	2	6	4	2	0	0	0	0	0
sim.603.023	none	0	0	0	0	0	0	0	0	0	10	0	2	12	9
sim.604.023	none	0	0	0	0	0	0	0	0	0	2	0	11	15	22
sim.605.023	none	2	0	5	16	13	14	13	9	5	6	4	14	10	3
sim.606.023	none	0	1	6	14	18	18	6	3	3	0	0	0	0	0
sim.607.023	none	17	9	3	5	2	2	3	5	2	0	0	4	2	0
sim.608.023	none	4	5	5	1	0	0	0	5	3	0	0	0	0	0
sim.609.023	none	4	4	7	4	12	13	10	1	4	0	0	1	1	1
sim.61.023	none	13	8	6	11	7	6	7	11	15	0	0	0	0	0
sim.610.023	none	8	4	5	3	17	24	14	10	15	0	0	0	0	0
sim.611.023	none	0	0	0	0	4	5	8	0	1	0	0	0	0	0
sim.612.023	none	3	2	7	5	5	2	4	0	0	0	0	0	0	0
sim.613.023	none	0	0	0	0	0	0	0	0	0	14	31	12	19	29
sim.614.023	none	0	0	4	1	0	1	1	3	8	0	0	0	0	0
sim.615.023	none	0	0	0	0	0	0	0	0	0	0	0	4	2	2
sim.616.023	none	0	0	0	0	0	0	0	0	0	0	0	3	9	9
sim.617.023	none	0	7	1	0	6	3	3	0	0	0	0	0	0	0
sim.618.023	none	0	0	0	0	0	0	0	0	0	6	9	2	3	4
sim.619.023	none	1	17	5	6	11	8	7	3	1	0	0	0	0	0
sim.62.023	none	0	0	4	4	4	1	2	1	4	0	0	0	0	0
sim.620.023	none	11	17	48	16	25	22	17	17	27	0	0	0	0	0
sim.621.023	none	0	0	0	0	0	0	0	0	0	0	11	0	4	1
sim.622.023	none	1	4	5	7	3	2	3	9	4	0	0	0	0	0
sim.623.023	none	0	0	0	0	4	3	6	0	0	28	4	0	0	0
sim.624.023	none	0	0	0	0	0	0	0	0	0	18	6	28	24	24
sim.625.023	none	0	0	0	0	0	0	0	0	0	0	0	1	11	6
sim.626.023	none	0	0	0	0	0	0	0	0	0	3	0	0	3	3
sim.627.023	none	0	0	0	0	0	0	0	0	0	7	0	0	0	0
sim.628.023	none	0	0	0	0	0	0	0	0	0	0	1	6	5	2
sim.629.023	none	0	0	0	0	0	0	0	0	0	0	0	2	5	4
sim.63.023	none	45	32	13	19	26	21	32	16	30	0	0	0	2	10
sim.630.023	none	0	0	0	0	0	0	0	0	0	2	4	31	6	7
sim.631.023	none	13	8	15	17	10	18	19	14	14	0	0	0	0	0
sim.632.023	none	2	0	1	8	3	5	8	5	12	0	0	0	0	0
sim.633.023	none	11	11	0	0	0	0	0	0	0	0	0	0	0	0
sim.634.023	none	0	0	0	0	0	0	0	0	0	0	0	6	3	1
sim.635.023	none	0	0	0	0	0	0	0	0	0	0	0	3	4	1
sim.636.023	none	6	3	8	1	4	5	3	1	0	3	5	5	2	2
sim.637.023	none	0	0	0	2	2	2	1	0	1	0	0	0	0	0
sim.638.023	none	0	0	0	0	0	0	0	0	0	0	0	8	2	2
sim.639.023	none	2	1	10	5	6	8	10	10	13	0	0	6	1	4
sim.64.023	none	2	2	2	18	6	5	2	5	1	0	0	0	0	0
sim.640.023	none	0	0	2	2	0	0	0	2	0	0	0	0	0	0
sim.641.023	none	18	12	17	13	11	16	19	5	21	0	0	0	0	0
sim.642.023	none	0	0	0	0	0	0	0	0	0	0	0	1	2	1
sim.643.023	none	9	11	4	5	3	3	8	3	1	0	0	0	0	0
sim.644.023	none	1	7	0	0	0	0	0	1	1	0	0	0	0	0
sim.645.023	none	0	0	0	0	0	0	0	0	0	2	0	3	0	0
sim.646.023	none	0	0	0	0	0	0	0	0	0	3	0	11	16	9
sim.647.023	none	1	5	5	1	2	2	3	3	0	0	0	0	0	0
sim.648.023	none	3	1	2	0	0	0	0	1	0	0	0	0	0	0
sim.649.023	none	0	0	0	0	0	0	0	0	0	4	0	14	10	6
sim.65.023	none	0	0	0	0	0	0	0	0	0	8	9	13	10	5
sim.650.023	none	0	0	0	0	0	0	0	0	0	4	2	8	2	3
sim.651.023	none	0	0	2	1	1	2	2	0	0	0	0	0	0	0
sim.652.023	none	0	0	0	0	0	0	0	0	0	13	12	5	0	6
sim.653.023	none	0	0	0	0	0	0	0	0	0	4	15	1	1	1
sim.654.023	none	0	0	0	0	0	0	0	0	0	0	0	3	11	8
sim.655.023	none	0	0	0	0	0	0	0	0	0	4	1	0	0	0
sim.656.023	none	0	0	1	4	0	0	0	9	4	0	0	0	0	0
sim.657.023	none	0	0	0	0	0	0	0	0	0	8	9	20	19	18
sim.658.023	none	0	0	0	0	0	0	0	0	0	0	1	10	0	0
sim.659.023	none	0	0	0	0	0	0	0	0	0	10	1	2	0	3
sim.66.023	none	1	0	10	13	1	2	5	12	15	0	0	0	0	0
sim.660.023	none	8	8	5	3	6	7	4	1	2	15	14	2	2	6
sim.661.023	none	9	12	1	1	0	0	0	0	0	1	0	1	6	3
sim.662.023	none	4	1	0	0	0	0	0	0	0	4	1	5	6	9
sim.663.023	none	10	7	13	7	15	21	10	15	13	0	0	1	3	3
sim.664.023	none	0	0	0	0	0	0	0	0	0	13	13	0	3	0
sim.665.023	none	0	0	0	0	0	0	0	0	0	0	0	4	3	1
sim.666.023	none	0	0	15	3	3	7	4	17	3	0	0	0	0	0
sim.667.023	none	0	0	0	4	3	2	4	1	2	0	0	0	0	0
sim.668.023	none	0	0	4	2	5	6	1	3	2	0	0	0	0	0
sim.669.023	none	15	12	4	4	7	6	13	12	10	0	0	0	0	0
sim.67.023	none	7	14	7	6	15	4	11	4	4	0	0	0	0	0
sim.670.023	none	3	2	0	0	0	0	0	0	0	0	0	0	0	0
sim.671.023	none	0	0	0	0	0	0	0	0	0	1	7	16	8	8
sim.672.023	none	8	8	1	1	5	5	8	7	6	0	0	0	0	0
sim.673.023	none	3	7	2	1	9	11	8	2	2	0	0	0	0	0
sim.674.023	none	0	0	0	0	0	0	0	0	0	10	3	0	0	0
sim.675.023	none	8	17	6	1	0	0	1	2	1	0	0	0	0	0
sim.676.023	none	18	4	23	5	10	8	8	1	3	0	0	0	0	0
sim.677.023	none	5	5	3	6	1	1	2	6	8	0	0	0	0	0
sim.678.023	none	7	14	5	4	6	7	6	17	6	0	0	0	0	0
sim.679.023	none	0	0	0	0	0	0	0	0	0	8	13	0	0	0
sim.68.023	none	0	0	0	0	0	0	0	0	0	0	0	21	9	11
sim.680.023	none	0	0	0	0	0	0	0	0	0	13	8	6	4	2
sim.681.023	none	0	0	0	0	0	0	0	0	0	8	10	2	0	0
sim.682.023	none	0	0	0	0	0	0	0	0	0	0	0	0	6	3
sim.683.023	none	0	0	0	0	0	0	0	0	0	7	6	18	7	16
sim.684.023	none	8	10	12	1	6	5	20	6	19	0	0	0	0	0
sim.685.023	none	0	0	0	0	0	0	0	0	0	5	1	6	7	10
sim.686.023	none	0	0	5	2	0	0	0	3	5	0	0	0	0	0
sim.687.023	none	2	4	1	3	0	3	5	4	8	0	0	0	0	0
sim.688.023	none	22	15	37	31	32	34	33	17	18	0	0	0	0	0
sim.689.023	none	0	0	8	10	2	4	3	8	6	0	0	0	0	0
sim.69.023	none	0	0	0	0	0	0	0	0	0	18	6	22	17	18
sim.690.023	none	0	0	0	0	0	0	0	0	0	0	2	5	7	8
sim.691.023	none	0	0	0	0	0	0	0	0	0	9	18	14	12	11
sim.692.023	none	0	1	3	1	4	6	5	9	4	0	0	0	0	0
sim.693.023	none	0	0	0	0	0	0	0	0	0	5	1	0	0	0
sim.694.023	none	7	3	1	0	3	2	2	0	0	0	0	0	0	0
sim.695.023	none	21	33	30	26	21	25	29	22	20	0	0	0	0	1
sim.696.023	none	0	0	3	4	0	0	3	0	3	0	0	0	0	0
sim.697.023	none	14	21	13	7	16	18	22	31	17	0	0	0	0	0
sim.698.023	none	0	0	0	0	0	0	0	0	0	0	0	9	2	8
sim.699.023	none	0	5	2	3	14	10	9	1	1	0	0	0	0	0
sim.7.023	none	5	11	2	10	6	10	13	1	1	0	0	0	0	0
sim.70.023	none	0	0	2	7	6	10	2	0	0	15	7	15	3	13
sim.700.023	none	0	0	0	0	0	0	0	0	0	2	2	0	0	0
sim.701.023	none	1	1	0	2	1	1	0	1	0	0	0	0	0	0
sim.702.023	none	6	14	4	9	4	9	12	6	2	0	0	0	0	0
sim.703.023	none	3	5	4	3	1	3	0	1	4	4	15	0	0	3
sim.704.023	none	4	5	16	9	9	9	19	11	16	0	0	0	0	0
sim.705.023	none	0	0	0	0	0	0	0	0	0	5	5	20	5	6
sim.706.023	none	0	0	1	1	1	2	3	3	5	0	0	0	0	0
sim.707.023	none	0	0	0	0	0	0	0	0	0	3	2	6	8	5
sim.708.023	none	0	0	0	0	0	0	0	0	0	0	2	5	0	0
sim.709.023	none	0	0	0	0	0	0	0	0	0	5	0	6	9	18
sim.71.023	none	0	0	0	0	0	0	0	0	0	3	22	1	0	0
sim.710.023	none	0	0	0	0	0	0	0	0	0	0	0	7	5	1
sim.711.023	none	0	0	0	0	0	0	0	0	0	0	0	5	4	12
sim.712.023	none	0	0	0	0	0	0	0	0	0	22	11	26	37	25
sim.713.023	none	0	0	0	0	0	0	0	0	0	12	12	5	13	14
sim.714.023	none	0	0	3	3	3	3	5	1	0	0	0	0	0	0
sim.715.023	none	0	0	0	0	0	0	0	0	0	1	0	19	7	6
sim.716.023	none	0	0	0	0	0	0	0	0	0	1	3	4	2	1
sim.717.023	none	14	20	29	34	41	24	41	30	25	0	0	3	0	0
sim.718.023	none	2	3	0	3	7	6	3	1	5	0	0	0	0	0
sim.719.023	none	0	0	0	0	0	0	0	0	0	1	5	0	0	0
sim.72.023	none	0	0	0	0	0	0	0	0	0	0	2	1	5	9
sim.720.023	none	0	0	0	0	0	0	0	0	0	16	1	4	3	1
sim.721.023	none	0	0	0	0	0	0	0	0	0	2	8	15	4	11
sim.722.023	none	0	0	2	2	4	3	9	7	1	0	0	0	0	0
sim.723.023	none	0	0	0	0	0	0	0	0	0	7	8	15	8	12
sim.724.023	none	20	11	1	2	2	3	4	3	2	0	0	28	15	11
sim.725.023	none	5	17	13	22	14	14	8	14	10	0	0	0	0	0
sim.726.023	none	0	0	0	0	0	0	0	0	0	8	4	11	9	6
sim.727.023	none	0	0	0	0	0	0	0	0	0	7	8	14	12	12
sim.728.023	none	18	24	30	24	35	26	28	27	17	0	0	0	0	0
sim.729.023	none	0	2	0	0	0	0	0	0	0	8	3	0	0	0
sim.73.023	none	0	0	0	0	0	0	0	0	0	16	6	22	17	11
sim.730.023	none	1	0	2	7	6	7	7	1	6	0	0	0	0	0
sim.731.023	none	0	0	5	7	0	0	1	1	0	0	0	0	0	0
sim.732.023	none	1	3	5	4	8	14	21	5	6	0	0	0	0	0
sim.733.023	none	8	4	0	6	6	8	3	1	8	0	0	0	0	0
sim.734.023	none	2	6	11	20	3	4	3	21	20	0	0	0	0	0
sim.735.023	none	0	0	0	1	0	0	0	6	1	0	0	0	0	0
sim.736.023	none	1	0	3	3	1	1	1	0	0	14	10	0	0	0
sim.737.023	none	0	0	0	0	0	0	0	0	0	6	2	4	1	0
sim.738.023	none	0	0	0	0	0	0	0	0	0	15	9	4	1	8
sim.739.023	none	4	10	9	15	11	12	10	16	13	0	0	0	0	0
sim.74.023	none	6	4	5	0	0	0	0	3	2	0	0	0	0	0
sim.740.023	none	4	3	3	2	1	2	2	0	0	0	0	0	0	0
sim.741.023	none	0	0	0	0	0	0	0	0	0	1	4	8	22	16
sim.742.023	none	1	1	2	0	3	4	3	0	1	0	0	0	0	0
sim.743.023	none	3	0	0	0	0	0	0	0	0	14	13	0	4	3
sim.744.023	none	13	5	11	22	13	10	11	9	7	0	0	0	0	0
sim.745.023	none	3	3	1	1	0	0	0	0	0	0	0	0	0	0
sim.746.023	none	0	0	0	0	0	0	0	0	0	3	1	3	1	3
sim.747.023	none	0	0	0	0	0	0	0	0	0	14	17	0	0	0
sim.748.023	none	0	0	0	0	0	0	0	0	0	10	6	5	3	2
sim.749.023	none	0	0	0	0	0	0	0	0	0	0	0	6	5	2
sim.75.023	none	10	10	16	18	11	15	21	3	7	0	0	0	0	0
sim.750.023	none	10	7	0	0	0	0	0	0	0	7	3	0	5	7
sim.751.023	none	0	0	0	0	0	0	0	0	0	6	9	0	0	0
sim.752.023	none	0	0	0	4	3	1	2	0	0	0	0	0	0	0
sim.753.023	none	24	7	1	2	20	5	9	0	4	1	22	0	1	2
sim.754.023	none	0	0	0	0	0	0	0	0	0	0	0	4	3	2
sim.755.023	none	5	4	0	0	0	0	0	0	0	0	0	0	0	0
sim.756.023	none	0	0	0	0	0	0	0	0	0	18	22	24	22	18
sim.757.023	none	0	0	0	0	0	0	0	0	0	0	0	10	7	7
sim.758.023	none	0	0	0	0	0	0	0	0	0	1	15	0	0	0
sim.759.023	none	0	0	0	0	0	0	0	0	0	27	21	3	12	4
sim.76.023	none	0	0	0	0	0	0	0	0	0	15	2	0	0	0
sim.760.023	none	20	15	12	6	10	11	14	23	17	0	0	0	0	0
sim.761.023	none	0	0	0	0	0	0	0	0	0	1	6	6	2	4
sim.762.023	none	6	0	1	1	0	0	0	0	0	1	0	0	1	1
sim.763.023	none	0	0	0	0	0	0	0	0	0	1	6	9	2	0
sim.764.023	none	0	0	0	0	0	0	0	0	0	4	10	0	0	0
sim.765.023	none	0	0	0	0	0	0	0	0	0	0	0	8	1	1
sim.766.023	none	1	0	2	11	2	4	1	5	5	0	0	0	0	0
sim.767.023	none	1	0	2	4	8	6	13	2	2	0	0	0	0	0
sim.768.023	none	0	0	0	0	0	0	0	0	0	5	3	0	0	0
sim.769.023	none	0	0	0	0	0	0	0	0	0	5	4	0	0	0
sim.77.023	none	3	4	4	6	5	6	11	22	19	0	0	0	0	0
sim.770.023	none	13	15	3	0	0	0	0	2	6	0	1	1	9	9
sim.771.023	none	3	1	8	9	1	1	2	4	11	2	1	0	0	0
sim.772.023	none	0	0	0	0	0	0	0	0	0	5	7	3	1	1
sim.773.023	none	23	13	18	15	6	14	8	26	17	0	0	0	0	0
sim.774.023	none	2	4	6	16	16	21	15	14	12	1	1	0	0	0
sim.775.023	none	13	16	11	10	15	14	7	2	3	0	0	0	0	0
sim.776.023	none	6	22	9	3	18	11	15	17	18	0	0	0	0	0
sim.777.023	none	8	9	1	1	0	0	2	5	1	0	0	0	0	0
sim.778.023	none	1	4	2	5	13	12	5	0	3	0	0	0	0	0
sim.779.023	none	5	13	6	3	0	0	0	2	2	0	0	11	2	6
sim.78.023	none	0	0	0	0	0	0	0	0	0	0	0	7	7	4
sim.780.023	none	10	12	7	12	3	1	6	20	14	0	0	0	0	0
sim.781.023	none	0	0	0	0	0	0	0	0	0	2	0	8	2	0
sim.782.023	none	1	1	3	3	6	8	4	6	1	0	0	0	0	0
sim.783.023	none	2	2	2	1	0	0	0	4	8	0	7	0	0	0
sim.784.023	none	0	0	7	1	7	9	5	4	7	0	0	0	0	0
sim.785.023	none	3	0	0	7	0	0	0	0	0	0	0	0	0	0
sim.786.023	none	2	0	6	3	8	6	5	1	0	0	0	0	0	0
sim.787.023	none	1	1	2	4	1	1	0	2	1	0	0	0	0	0
sim.788.023	none	0	0	0	0	0	0	0	0	0	0	8	9	12	14
sim.789.023	none	0	0	0	0	0	0	0	0	0	0	2	4	4	4
sim.79.023	none	2	5	1	0	2	3	1	7	5	0	0	0	0	0
sim.790.023	none	3	14	5	5	4	7	5	5	5	0	0	0	0	0
sim.791.023	none	0	0	0	0	0	0	0	0	0	0	20	3	0	0
sim.792.023	none	0	0	0	0	0	0	0	0	0	0	0	0	4	5
sim.793.023	none	2	5	1	3	4	2	2	1	1	0	0	0	0	0
sim.794.023	none	5	1	1	2	1	0	3	4	5	0	0	0	0	0
sim.795.023	none	0	0	0	0	0	0	0	0	0	4	7	0	0	0
sim.796.023	none	4	1	6	9	12	19	13	9	10	0	0	0	0	0
sim.797.023	none	0	0	0	0	0	0	0	0	0	0	0	2	11	11
sim.798.023	none	0	0	0	0	0	0	0	0	0	0	4	9	0	0
sim.799.023	none	0	0	0	0	0	0	0	0	0	10	0	8	5	9
sim.8.023	none	7	6	0	1	0	1	1	4	7	0	0	0	0	0
sim.80.023	none	0	0	0	0	0	0	0	0	0	3	5	30	11	9
sim.800.023	none	13	5	2	11	3	3	3	12	8	0	0	0	0	0
sim.801.023	none	11	6	6	11	10	4	12	3	5	0	0	0	0	0
sim.802.023	none	0	0	0	0	0	0	0	0	0	4	4	19	29	33
sim.803.023	none	4	3	3	9	2	1	6	2	5	0	0	0	0	0
sim.804.023	none	0	0	0	0	0	0	0	0	0	3	1	14	4	1
sim.805.023	none	1	3	4	3	2	1	2	9	9	0	0	0	0	0
sim.806.023	none	1	5	1	0	1	1	1	0	0	0	0	0	0	0
sim.807.023	none	0	0	0	0	0	0	0	0	0	0	4	18	13	5
sim.808.023	none	6	4	0	4	8	6	3	1	3	0	2	0	0	0
sim.809.023	none	2	2	1	2	6	3	5	0	4	0	0	0	0	0
sim.81.023	none	0	0	0	0	0	0	0	0	0	19	23	7	8	15
sim.810.023	none	4	0	0	0	0	0	0	0	0	0	0	0	0	0
sim.811.023	none	0	0	0	0	0	0	0	0	0	8	8	0	0	0
sim.812.023	none	0	0	0	0	0	0	0	0	0	1	1	4	0	2
sim.813.023	none	0	0	0	0	0	0	0	0	0	0	0	11	15	16
sim.814.023	none	0	0	0	0	0	0	0	0	0	12	5	4	14	26
sim.815.023	none	12	8	9	8	5	7	3	3	3	0	0	0	0	0
sim.816.023	none	0	0	0	0	0	0	0	0	0	0	2	0	0	3
sim.817.023	none	0	0	0	0	0	0	0	0	0	0	0	1	9	5
sim.818.023	none	4	7	2	1	0	0	1	6	3	0	0	0	0	0
sim.819.023	none	6	8	12	2	1	1	3	5	7	0	0	0	0	0
sim.82.023	none	9	2	7	7	8	11	7	6	4	0	0	0	0	0
sim.820.023	none	0	0	0	0	0	0	0	0	0	3	0	0	1	5
sim.821.023	none	0	0	0	0	0	0	0	0	0	12	0	0	0	0
sim.822.023	none	0	0	0	0	0	0	0	0	0	1	6	1	1	4
sim.823.023	none	0	0	0	0	0	0	0	0	0	9	10	4	3	2
sim.824.023	none	0	0	0	0	0	0	0	0	0	11	5	0	8	2
sim.825.023	none	0	0	0	0	0	0	0	0	0	0	5	0	0	0
sim.826.023	none	0	0	0	2	6	7	5	1	3	0	0	0	0	0
sim.827.023	none	0	0	0	0	0	0	0	0	0	0	0	4	9	12
sim.828.023	none	0	0	0	0	0	0	0	0	0	1	5	0	0	0
sim.829.023	none	0	0	0	0	0	0	0	0	0	0	0	4	3	1
sim.83.023	none	0	0	0	0	0	0	0	0	0	5	14	25	9	4
sim.830.023	none	1	4	18	22	20	24	23	14	12	0	3	0	0	0
sim.831.023	none	0	0	0	0	0	0	0	0	0	8	2	0	2	2
sim.832.023	none	0	0	0	0	0	0	0	0	0	9	3	8	3	13
sim.833.023	none	3	2	1	1	0	0	0	1	4	0	0	0	0	0
sim.834.023	none	0	0	0	0	0	0	0	0	0	0	0	3	1	2
sim.835.023	none	7	15	5	2	5	3	4	1	4	0	0	0	0	0
sim.836.023	none	1	1	9	8	9	7	7	1	1	0	0	0	0	0
sim.837.023	none	0	0	0	0	0	0	0	0	0	1	0	6	9	14
sim.838.023	none	0	0	0	0	0	0	0	0	0	0	0	13	14	7
sim.839.023	none	0	1	2	1	1	2	1	2	4	0	0	0	0	0
sim.84.023	none	5	7	5	4	8	9	17	15	12	4	7	16	11	8
sim.840.023	none	0	0	0	0	0	0	0	0	0	2	5	4	6	9
sim.841.023	none	7	15	0	3	4	3	1	0	4	0	0	0	0	0
sim.842.023	none	0	0	0	0	0	0	0	0	0	3	10	34	3	12
sim.843.023	none	7	8	6	4	5	7	11	11	12	0	0	0	0	0
sim.844.023	none	0	0	3	1	1	3	8	1	11	0	0	0	0	0
sim.845.023	none	0	0	0	0	0	0	0	0	0	5	3	12	13	17
sim.846.023	none	0	0	0	0	0	0	0	0	0	3	0	8	19	7
sim.847.023	none	0	0	0	0	0	0	0	0	0	3	1	2	5	8
sim.848.023	none	0	0	0	0	0	0	0	0	0	3	2	2	1	7
sim.849.023	none	0	0	0	0	0	0	0	0	0	14	5	31	22	12
sim.85.023	none	15	8	0	1	1	1	1	0	0	0	0	0	0	0
sim.850.023	none	0	0	0	0	0	0	0	0	0	1	11	1	2	0
sim.851.023	none	0	0	8	2	1	0	0	3	5	0	0	0	0	0
sim.852.023	none	9	6	1	6	1	1	2	4	9	0	0	0	0	0
sim.853.023	none	0	6	6	2	2	0	3	6	4	2	0	4	10	23
sim.854.023	none	2	1	1	5	5	5	6	5	11	0	0	0	0	0
sim.855.023	none	2	0	14	15	10	7	16	14	7	9	3	7	13	8
sim.856.023	none	14	39	2	2	1	2	4	10	9	3	2	4	2	9
sim.857.023	none	1	3	8	4	9	9	6	8	6	0	0	0	0	0
sim.858.023	none	15	16	29	26	16	13	11	23	36	0	0	0	0	0
sim.859.023	none	10	15	14	5	5	15	15	10	10	0	2	2	4	1
sim.86.023	none	20	26	24	28	30	37	33	22	20	0	0	0	0	0
sim.860.023	none	0	0	0	0	0	0	0	0	0	18	2	0	0	0
sim.861.023	none	0	0	0	0	0	0	0	0	0	0	3	4	12	10
sim.862.023	none	2	4	4	11	6	5	4	4	10	0	0	0	3	4
sim.863.023	none	0	0	0	0	0	0	0	0	0	1	0	0	1	3
sim.864.023	none	0	0	0	0	0	0	0	0	0	2	0	16	18	9
sim.865.023	none	0	0	0	0	0	0	0	0	0	6	0	0	3	4
sim.866.023	none	16	19	0	1	1	1	0	4	3	0	0	0	0	0
sim.867.023	none	0	1	0	0	0	0	0	0	0	0	0	3	2	5
sim.868.023	none	0	1	0	4	0	0	0	2	1	0	0	5	1	1
sim.869.023	none	4	0	2	0	1	0	0	5	3	0	0	0	0	0
sim.87.023	none	0	0	6	6	3	3	5	8	15	0	0	0	0	0
sim.870.023	none	0	0	0	0	0	0	0	0	0	0	3	4	0	0
sim.871.023	none	0	0	0	0	0	0	0	0	0	0	0	8	3	0
sim.872.023	none	0	0	0	0	0	0	0	0	0	7	6	16	6	1
sim.873.023	none	0	0	0	0	0	0	0	0	0	10	12	28	39	25
sim.874.023	none	0	0	0	0	0	0	0	0	0	13	2	0	0	0
sim.875.023	none	0	0	4	0	0	0	0	3	0	14	14	1	5	2
sim.876.023	none	4	0	0	0	0	0	0	0	0	7	10	7	24	22
sim.877.023	none	0	0	0	0	0	0	0	0	0	14	2	14	12	15
sim.878.023	none	0	0	0	0	0	0	0	0	0	0	9	2	5	12
sim.879.023	none	0	0	0	0	0	0	0	0	0	3	8	17	16	12
sim.88.023	none	0	0	0	0	0	0	0	0	0	6	13	5	7	5
sim.880.023	none	10	4	1	0	3	0	6	0	5	2	8	0	5	0
sim.881.023	none	0	0	0	0	0	0	0	0	0	0	0	4	2	9
sim.882.023	none	18	11	8	8	8	11	10	10	6	0	0	0	0	0
sim.883.023	none	26	16	17	19	11	11	25	18	20	23	11	7	1	0
sim.884.023	none	0	0	0	0	0	0	0	0	0	0	0	22	4	6
sim.885.023	none	0	0	0	0	0	0	0	0	0	0	0	22	16	12
sim.886.023	none	1	1	6	13	12	12	9	10	11	0	0	0	0	0
sim.887.023	none	2	0	0	3	3	5	4	0	0	0	0	18	15	7
sim.888.023	none	0	0	0	0	0	0	0	0	0	5	0	0	4	3
sim.889.023	none	0	0	0	0	0	0	0	0	0	2	12	7	1	0
sim.89.023	none	0	0	9	6	4	4	4	3	10	0	0	0	0	0
sim.890.023	none	5	14	7	6	8	6	5	11	4	0	0	0	0	0
sim.891.023	none	23	13	8	14	14	15	23	13	7	0	0	0	0	0
sim.892.023	none	14	9	29	5	10	7	13	6	6	0	0	0	0	0
sim.893.023	none	0	0	0	0	0	0	0	0	0	11	0	8	0	1
sim.894.023	none	0	0	0	0	0	0	0	0	0	0	0	2	2	8
sim.895.023	none	7	1	0	0	2	1	2	0	0	0	0	0	0	0
sim.896.023	none	34	32	29	10	9	8	11	9	10	0	0	0	0	0
sim.897.023	none	0	0	0	0	1	4	0	0	0	5	17	28	14	19
sim.898.023	none	10	31	13	17	8	7	20	16	15	0	0	0	0	0
sim.899.023	none	17	2	1	3	2	1	3	1	0	0	0	0	0	0
sim.9.023	none	0	0	0	0	0	0	0	0	0	0	0	0	8	10
sim.90.023	none	0	0	0	0	0	0	0	0	0	0	0	11	1	0
sim.900.023	none	0	0	0	0	0	0	0	0	0	10	11	7	7	6
sim.901.023	none	0	0	0	0	0	0	0	0	0	5	0	0	0	0
sim.902.023	none	9	28	13	7	10	11	14	11	18	0	0	0	0	0
sim.903.023	none	0	2	0	4	0	2	1	1	1	0	0	0	0	0
sim.904.023	none	3	2	14	7	17	13	8	8	17	0	0	0	0	0
sim.905.023	none	4	15	4	6	10	8	4	8	5	0	0	0	0	0
sim.906.023	none	11	6	2	2	2	3	3	6	7	14	14	2	4	2
sim.907.023	none	24	18	24	27	13	23	22	15	19	0	0	0	0	0
sim.908.023	none	0	0	0	0	0	0	0	0	0	0	0	4	3	3
sim.909.023	none	0	0	0	0	0	0	0	0	0	20	12	25	30	38
sim.91.023	none	0	0	0	0	0	0	0	0	0	1	12	9	9	11
sim.910.023	none	0	0	0	0	0	0	0	0	0	0	0	0	3	3
sim.911.023	none	5	3	3	0	0	0	0	7	3	0	0	0	0	0
sim.912.023	none	0	0	0	0	0	0	0	0	0	4	6	16	19	39
sim.913.023	none	0	0	0	0	0	0	0	0	0	11	23	17	7	15
sim.914.023	none	0	0	0	0	0	0	0	0	0	0	0	19	9	12
sim.915.023	none	0	0	0	0	0	0	0	0	0	0	0	0	1	3
sim.916.023	none	41	39	26	16	25	25	16	21	14	0	0	0	0	0
sim.917.023	none	0	0	0	0	0	0	0	0	0	0	0	0	3	3
sim.918.023	none	3	1	0	11	12	11	13	5	13	0	0	0	0	0
sim.919.023	none	0	0	0	0	0	0	0	0	0	2	1	1	3	3
sim.92.023	none	25	10	28	22	10	8	20	30	32	0	0	0	0	0
sim.920.023	none	0	0	0	0	0	0	0	0	0	8	14	26	14	9
sim.921.023	none	18	40	5	12	6	13	7	10	13	1	1	10	11	12
sim.922.023	none	1	1	0	0	0	0	0	0	0	2	9	8	0	1
sim.923.023	none	0	0	0	0	0	0	0	0	0	0	1	3	4	6
sim.924.023	none	10	9	8	5	4	3	9	10	8	0	0	0	0	0
sim.925.023	none	0	0	0	0	0	0	0	0	0	8	3	1	1	3
sim.926.023	none	0	0	0	0	0	0	0	0	0	4	5	4	7	1
sim.927.023	none	4	7	8	12	13	22	16	1	3	0	0	0	0	0
sim.928.023	none	0	0	0	0	0	0	0	0	0	0	0	27	8	16
sim.929.023	none	0	1	10	21	5	8	12	2	1	0	5	0	0	0
sim.93.023	none	0	0	0	0	0	0	0	0	0	7	22	18	12	10
sim.930.023	none	3	3	3	2	6	4	10	9	4	0	0	0	0	0
sim.931.023	none	0	0	0	0	0	0	0	0	0	1	1	1	3	0
sim.932.023	none	0	0	0	0	0	0	0	0	0	1	11	4	4	5
sim.933.023	none	0	0	0	0	0	0	0	0	0	1	0	4	18	15
sim.934.023	none	0	0	0	0	0	0	0	0	0	11	10	3	1	9
sim.935.023	none	0	0	0	0	0	0	0	0	0	1	9	8	12	12
sim.936.023	none	0	0	0	0	0	0	0	0	0	9	21	8	3	9
sim.937.023	none	0	0	6	8	5	6	4	1	5	0	0	0	0	0
sim.938.023	none	11	9	19	14	16	16	26	3	4	0	0	0	0	0
sim.939.023	none	0	0	0	0	0	0	0	0	0	0	0	7	0	0
sim.94.023	none	0	0	0	0	0	0	0	0	0	0	6	0	0	0
sim.940.023	none	0	0	0	0	0	0	0	0	0	0	2	0	2	4
sim.941.023	none	2	0	5	1	0	0	1	1	2	0	0	0	0	0
sim.942.023	none	5	1	7	8	9	12	5	11	11	0	0	0	0	0
sim.943.023	none	10	5	4	3	10	10	12	3	0	1	0	0	0	0
sim.944.023	none	0	0	0	0	0	0	0	0	0	7	10	4	8	7
sim.945.023	none	0	0	0	0	0	0	0	0	0	7	1	4	6	2
sim.946.023	none	5	6	1	17	5	4	17	7	4	0	0	0	0	0
sim.947.023	none	0	0	0	0	0	0	0	0	0	0	0	9	3	18
sim.948.023	none	0	0	0	0	0	0	0	0	0	4	2	0	0	0
sim.949.023	none	0	0	2	0	2	3	3	0	0	0	0	0	0	0
sim.95.023	none	0	0	0	0	0	0	0	0	0	0	0	5	1	4
sim.950.023	none	0	0	0	0	0	0	0	0	0	5	0	0	2	1
sim.951.023	none	0	0	2	2	0	0	0	0	2	0	0	0	0	0
sim.952.023	none	0	0	0	0	0	0	0	0	0	19	0	26	19	11
sim.953.023	none	24	14	6	25	16	17	13	17	19	0	0	0	0	0
sim.954.023	none	0	0	0	7	7	3	8	0	1	0	0	0	0	0
sim.955.023	none	0	0	0	0	0	0	0	0	0	0	0	0	9	4
sim.956.023	none	5	1	2	0	1	1	3	3	4	0	0	5	3	8
sim.957.023	none	0	0	0	0	0	0	0	0	0	1	2	13	22	12
sim.958.023	none	10	40	9	15	20	13	14	10	11	0	0	0	0	0
sim.959.023	none	7	2	0	0	1	0	3	0	0	0	0	0	0	0
sim.96.023	none	5	0	0	0	0	0	0	0	0	0	0	0	0	0
sim.960.023	none	0	0	0	0	0	0	0	0	0	0	0	14	4	7
sim.961.023	none	0	0	0	0	0	0	0	0	0	0	8	0	0	0
sim.962.023	none	4	6	1	5	5	3	8	1	0	3	4	0	18	15
sim.963.023	none	0	0	0	0	0	0	0	0	0	0	0	4	2	9
sim.964.023	none	0	0	2	4	4	4	2	1	5	0	0	0	0	0
sim.965.023	none	3	5	6	2	4	6	12	1	3	0	0	0	0	0
sim.966.023	none	0	2	0	0	0	0	0	0	0	0	0	4	6	5
sim.967.023	none	0	0	0	0	0	0	0	0	0	3	3	8	8	3
sim.968.023	none	1	4	5	0	4	5	0	1	0	0	0	0	0	0
sim.969.023	none	0	0	0	0	0	0	0	0	0	1	10	0	0	0
sim.97.023	none	28	30	15	2	7	9	5	20	14	16	19	6	6	5
sim.970.023	none	0	0	0	0	0	0	0	0	0	2	2	2	0	6
sim.971.023	none	0	0	0	0	0	0	0	0	0	29	15	1	6	7
sim.972.023	none	0	0	0	0	0	0	0	0	0	6	24	4	14	4
sim.973.023	none	0	0	0	0	0	0	0	0	0	5	0	10	6	4
sim.974.023	none	1	3	1	0	0	0	0	0	0	0	0	0	0	0
sim.975.023	none	0	0	0	0	0	0	0	0	0	6	0	0	5	0
sim.976.023	none	0	0	5	7	0	0	2	3	0	0	0	0	0	0
sim.977.023	none	0	1	1	4	3	0	1	1	3	0	0	0	0	0
sim.978.023	none	0	0	0	0	0	0	0	0	0	1	0	3	16	1
sim.979.023	none	3	3	1	1	0	0	0	9	1	0	0	0	0	0
sim.98.023	none	23	32	13	17	37	39	22	17	12	0	0	0	0	0
sim.980.023	none	0	0	0	0	0	0	0	0	0	7	7	1	0	0
sim.981.023	none	0	0	2	10	1	3	5	3	3	0	0	0	0	0
sim.982.023	none	0	0	0	0	0	0	0	0	0	0	4	10	0	0
sim.983.023	none	0	0	0	0	0	0	0	0	0	27	18	13	11	5
sim.984.023	none	0	0	0	0	0	0	0	0	0	0	10	29	5	8
sim.985.023	none	1	2	0	0	0	0	0	0	0	0	2	2	1	1
sim.986.023	none	12	0	9	10	2	5	5	5	10	4	13	5	10	0
sim.987.023	none	0	0	0	0	0	0	0	0	0	0	3	3	4	3
sim.988.023	none	0	4	0	0	0	0	0	0	0	0	0	0	0	0
sim.989.023	none	0	0	0	0	0	0	0	0	0	0	2	5	0	0
sim.99.023	none	0	0	1	4	1	4	3	0	0	0	0	3	2	2
sim.990.023	none	0	4	2	1	1	1	7	0	1	0	0	0	0	0
sim.991.023	none	0	0	0	0	0	0	0	0	0	0	0	9	7	11
sim.992.023	none	0	0	6	3	2	3	0	0	0	0	0	0	0	0
sim.993.023	none	2	9	1	1	2	2	3	4	2	0	0	0	0	0
sim.994.023	none	19	18	1	1	1	0	4	0	0	0	0	0	0	0
sim.995.023	none	1	6	0	0	3	2	1	0	1	0	0	0	0	0
sim.996.023	none	0	0	0	0	0	0	0	0	0	3	3	0	0	0
sim.997.023	none	0	0	0	0	0	0	0	0	0	0	0	10	12	4
sim.998.023	none	20	13	12	9	6	6	7	2	4	0	0	0	0	0
sim.999.023	none	0	0	0	0	0	0	0	0	0	0	1	1	2	0
