OGS	desc	musDom	gloMor	droWil	droPse	droYak	droMel	droAna	droVir	droMoj	culQui	aedAeg	anoDar	anoSte	anoGam
sim.0.002	none	4	3	4	2	3	3	3	5	6	1	1	0	0	0
sim.1.002	none	0	0	0	0	0	0	0	0	0	2	2	1	2	2
sim.10.002	none	1	1	1	1	0	0	1	1	1	1	1	2	2	0
sim.100.002	none	0	0	0	0	0	0	0	0	0	4	3	1	1	1
sim.101.002	none	0	0	0	0	0	0	0	0	0	0	1	1	1	1
sim.102.002	none	0	0	0	0	0	0	0	0	0	1	1	4	4	4
sim.103.002	none	2	2	2	2	1	1	1	2	1	2	1	2	1	1
sim.104.002	none	5	2	2	4	3	3	2	3	2	1	2	0	0	0
sim.105.002	none	1	1	1	1	2	2	1	0	0	1	2	0	0	0
sim.106.002	none	0	0	1	1	1	1	1	1	0	1	0	3	3	3
sim.107.002	none	1	3	0	1	1	1	2	1	1	1	1	0	0	0
sim.108.002	none	0	0	0	0	0	0	0	0	0	1	1	1	1	1
sim.109.002	none	1	1	1	1	1	1	1	1	1	2	3	1	1	1
sim.11.002	none	2	1	1	1	1	1	0	1	1	0	0	0	0	0
sim.110.002	none	1	1	1	1	1	0	1	2	2	0	0	0	0	0
sim.111.002	none	0	0	0	0	0	0	0	0	0	3	2	3	3	2
sim.112.002	none	1	2	1	1	0	0	0	1	1	0	0	0	0	0
sim.113.002	none	2	2	1	3	3	3	4	3	2	2	3	0	0	0
sim.114.002	none	2	1	1	1	1	1	1	0	0	2	3	2	2	2
sim.115.002	none	1	1	1	1	1	0	1	0	1	0	3	1	1	1
sim.116.002	none	3	2	2	2	2	2	2	1	1	1	1	0	0	0
sim.117.002	none	2	3	0	0	0	0	0	0	0	3	2	0	2	0
sim.118.002	none	1	1	1	1	1	1	1	0	0	1	0	1	1	1
sim.119.002	none	1	1	1	2	1	1	1	2	1	0	0	1	1	1
sim.12.002	none	0	0	1	1	1	0	1	2	2	0	0	0	0	0
sim.120.002	none	0	0	0	0	0	0	0	0	0	2	2	1	1	0
sim.121.002	none	4	3	2	2	3	1	3	3	2	0	0	0	0	0
sim.122.002	none	2	1	1	1	1	1	1	1	2	4	3	3	5	2
sim.123.002	none	1	0	1	1	1	1	1	1	1	0	2	1	2	2
sim.124.002	none	2	1	1	3	1	1	1	2	2	1	2	0	0	0
sim.125.002	none	1	1	1	1	1	1	1	1	1	0	0	0	0	0
sim.126.002	none	0	0	0	0	0	0	0	0	0	1	1	1	1	1
sim.127.002	none	0	0	0	0	0	0	0	0	0	2	2	2	1	1
sim.128.002	none	1	1	1	1	1	1	1	1	1	0	0	1	1	1
sim.129.002	none	0	0	0	0	0	0	0	0	0	5	3	1	1	2
sim.13.002	none	1	1	1	1	1	1	1	1	1	1	2	0	0	0
sim.130.002	none	0	0	0	0	0	0	0	0	0	1	1	1	1	1
sim.131.002	none	1	1	3	1	0	0	0	1	0	0	0	1	0	0
sim.132.002	none	1	1	0	0	0	0	0	0	0	2	4	3	3	3
sim.133.002	none	1	1	1	1	2	2	1	1	1	0	0	0	0	0
sim.134.002	none	4	2	4	2	3	3	3	2	3	1	1	1	1	0
sim.135.002	none	1	1	1	1	1	1	1	1	1	1	1	1	1	1
sim.136.002	none	4	3	2	2	4	4	4	3	4	0	0	2	0	1
sim.137.002	none	0	0	0	0	0	0	0	0	0	3	2	1	1	0
sim.138.002	none	2	1	1	1	1	1	1	1	1	1	1	0	0	0
sim.139.002	none	1	1	1	1	1	1	1	1	1	2	2	0	0	0
sim.14.002	none	0	0	0	0	0	0	0	0	0	4	3	1	1	2
sim.140.002	none	1	1	3	3	4	4	4	2	2	0	0	0	0	0
sim.141.002	none	1	2	1	1	1	1	1	1	1	1	1	1	0	0
sim.142.002	none	0	0	0	1	1	1	1	0	0	1	1	1	1	1
sim.143.002	none	0	0	0	0	0	0	0	0	0	4	3	5	3	2
sim.144.002	none	0	0	1	1	2	1	1	1	1	0	0	1	2	1
sim.145.002	none	4	3	2	2	3	3	3	1	1	1	1	2	2	1
sim.146.002	none	2	2	1	1	1	0	2	1	1	3	1	1	1	1
sim.147.002	none	1	1	1	2	1	1	1	1	1	0	0	1	1	1
sim.148.002	none	1	1	1	2	2	2	1	2	2	0	0	0	0	0
sim.149.002	none	1	1	1	2	2	2	3	3	3	1	1	1	2	1
sim.15.002	none	1	1	1	0	1	1	1	1	1	1	1	2	1	1
sim.150.002	none	0	0	0	0	0	0	0	0	0	1	1	1	1	1
sim.151.002	none	1	1	1	0	1	1	1	1	1	0	1	2	0	0
sim.152.002	none	1	1	0	0	0	0	0	0	0	1	1	1	1	1
sim.153.002	none	1	2	1	1	1	1	1	1	1	4	6	4	2	4
sim.154.002	none	0	0	2	1	1	1	1	1	1	1	1	2	3	2
sim.155.002	none	0	1	1	1	1	0	1	1	1	0	0	0	0	0
sim.156.002	none	1	1	1	1	1	1	1	1	1	1	0	1	1	1
sim.157.002	none	0	0	0	0	0	0	0	0	0	2	2	1	1	1
sim.158.002	none	0	0	0	0	0	0	0	0	0	1	2	1	1	1
sim.159.002	none	1	1	1	2	1	1	1	1	1	1	1	2	1	1
sim.16.002	none	1	1	2	3	3	3	2	2	2	1	1	3	4	3
sim.160.002	none	1	1	1	1	1	1	1	1	1	4	1	1	1	1
sim.161.002	none	2	4	3	4	4	4	4	3	3	1	1	1	2	2
sim.162.002	none	2	1	1	2	1	0	1	1	1	0	0	1	1	1
sim.163.002	none	0	0	1	1	1	1	1	1	1	0	0	0	0	0
sim.164.002	none	1	1	1	0	2	1	1	1	1	3	2	3	2	3
sim.165.002	none	0	1	1	1	1	1	1	1	0	1	1	1	1	1
sim.166.002	none	0	0	0	0	0	0	0	0	0	1	1	2	2	2
sim.167.002	none	1	1	1	1	1	1	1	2	2	2	1	0	0	0
sim.168.002	none	1	1	2	1	0	0	1	2	1	0	1	0	1	1
sim.169.002	none	3	4	2	3	3	3	4	3	3	1	0	1	1	1
sim.17.002	none	2	1	1	0	0	0	0	1	1	4	2	1	2	1
sim.170.002	none	1	1	1	1	1	1	1	0	0	0	0	0	0	0
sim.171.002	none	1	1	1	2	1	1	1	0	0	1	0	1	1	1
sim.172.002	none	0	0	0	0	0	0	0	0	0	2	0	4	4	3
sim.173.002	none	2	2	4	4	3	3	6	5	6	0	1	1	1	1
sim.174.002	none	3	4	2	1	2	2	2	2	3	2	1	1	1	2
sim.175.002	none	2	1	2	1	1	1	2	1	1	0	0	1	2	2
sim.176.002	none	1	3	4	5	2	2	2	3	5	1	0	2	1	1
sim.177.002	none	0	0	0	0	0	0	0	0	0	1	1	2	1	1
sim.178.002	none	0	0	0	0	0	0	0	0	0	2	3	1	2	2
sim.179.002	none	0	0	0	0	0	0	0	0	0	2	2	2	2	2
sim.18.002	none	1	1	1	1	1	1	1	2	1	1	2	2	2	1
sim.180.002	none	1	2	1	1	0	1	1	2	1	0	0	0	0	0
sim.181.002	none	1	1	1	1	1	1	1	1	1	1	1	1	2	1
sim.182.002	none	1	1	1	1	1	1	1	2	2	0	1	2	1	1
sim.183.002	none	2	1	0	1	1	1	1	1	1	0	0	0	0	0
sim.184.002	none	2	2	2	2	2	2	1	1	1	0	1	1	1	2
sim.185.002	none	1	1	1	1	2	2	2	1	1	0	0	0	0	0
sim.186.002	none	0	0	0	0	0	0	0	0	0	1	1	2	6	5
sim.187.002	none	4	2	7	5	4	5	6	6	7	1	1	3	2	1
sim.188.002	none	0	0	0	0	0	0	0	0	0	3	4	0	0	0
sim.189.002	none	1	1	1	2	3	3	2	2	1	0	0	0	0	0
sim.19.002	none	1	3	2	1	2	3	1	2	2	2	1	2	1	0
sim.190.002	none	1	1	2	1	2	2	2	1	1	0	0	0	0	0
sim.191.002	none	2	2	2	2	2	2	2	2	2	0	0	0	0	0
sim.192.002	none	2	2	4	4	3	3	3	3	3	1	2	1	2	2
sim.193.002	none	1	1	1	2	1	1	1	1	2	0	0	0	0	0
sim.194.002	none	0	0	1	1	1	2	1	1	1	0	0	1	1	1
sim.195.002	none	1	1	0	1	1	1	1	1	1	2	1	2	3	2
sim.196.002	none	0	0	0	1	1	1	1	1	1	2	2	1	1	2
sim.197.002	none	0	0	1	1	1	1	1	1	1	0	0	0	0	0
sim.198.002	none	0	0	0	0	0	0	0	0	0	5	5	4	3	2
sim.199.002	none	0	0	0	0	0	0	0	0	0	2	2	3	2	1
sim.2.002	none	1	1	0	2	3	2	4	1	1	1	1	1	1	1
sim.20.002	none	3	2	3	3	3	3	3	3	3	0	0	0	0	0
sim.200.002	none	1	0	0	0	0	0	0	1	1	7	4	6	5	4
sim.201.002	none	0	0	0	0	0	0	0	0	0	4	3	4	4	5
sim.202.002	none	3	4	5	4	6	5	4	4	4	2	1	0	0	0
sim.203.002	none	1	1	1	1	1	1	1	2	2	1	2	3	2	3
sim.204.002	none	1	0	3	1	1	1	1	1	1	0	1	1	1	1
sim.205.002	none	1	1	1	1	1	1	1	1	1	0	0	1	1	0
sim.206.002	none	2	1	1	0	1	1	1	0	0	0	0	1	1	1
sim.207.002	none	1	1	1	1	1	1	1	1	1	2	1	2	2	1
sim.208.002	none	1	2	1	1	1	1	1	0	0	1	1	1	1	0
sim.209.002	none	0	0	1	1	1	1	1	1	1	0	2	3	1	2
sim.21.002	none	1	1	0	0	0	0	0	0	0	1	2	2	0	1
sim.210.002	none	0	0	1	1	1	2	2	1	1	0	0	0	0	0
sim.211.002	none	1	1	0	0	0	0	0	0	0	2	1	0	1	0
sim.212.002	none	0	2	0	1	1	1	1	1	1	1	1	1	1	1
sim.213.002	none	0	0	0	0	0	0	0	0	0	3	1	1	1	1
sim.214.002	none	1	1	1	2	1	1	1	0	0	1	2	1	0	1
sim.215.002	none	1	2	1	1	0	0	0	1	1	1	1	0	0	0
sim.216.002	none	0	1	2	1	2	2	1	2	2	5	7	1	1	1
sim.217.002	none	1	1	1	1	1	1	1	1	1	3	2	2	3	2
sim.218.002	none	1	1	1	2	2	2	2	2	3	2	3	3	2	1
sim.219.002	none	1	1	1	1	1	1	1	0	0	0	0	0	0	0
sim.22.002	none	3	3	2	2	3	3	3	2	3	0	0	1	1	1
sim.220.002	none	1	1	0	0	0	0	0	0	0	1	1	1	2	2
sim.221.002	none	1	1	0	0	0	0	0	1	1	1	3	1	1	1
sim.222.002	none	2	1	2	2	3	3	4	3	4	0	0	2	4	3
sim.223.002	none	1	1	1	1	1	1	1	1	1	2	1	1	1	1
sim.224.002	none	0	0	0	0	0	0	0	0	0	2	3	1	1	1
sim.225.002	none	1	1	1	3	2	2	2	2	2	1	1	0	0	0
sim.226.002	none	4	4	4	3	4	3	4	5	5	0	0	0	0	0
sim.227.002	none	1	1	1	2	1	1	1	1	1	1	3	0	0	0
sim.228.002	none	2	1	0	0	0	0	0	0	0	1	1	0	0	0
sim.229.002	none	0	1	1	1	1	1	1	1	1	2	2	0	1	1
sim.23.002	none	1	3	3	2	2	1	2	2	2	3	1	1	2	2
sim.230.002	none	1	2	3	2	2	2	2	2	2	1	1	1	0	1
sim.231.002	none	1	1	1	1	1	1	1	1	2	1	0	0	1	1
sim.232.002	none	2	3	2	3	4	3	5	6	5	2	2	2	2	3
sim.233.002	none	0	0	1	0	1	1	1	1	1	2	2	0	2	3
sim.234.002	none	1	1	3	2	2	2	2	2	2	0	0	0	0	0
sim.235.002	none	1	1	1	1	1	1	1	1	1	3	3	4	4	4
sim.236.002	none	0	0	0	0	0	0	0	0	0	6	3	1	1	1
sim.237.002	none	0	0	2	2	2	3	1	1	0	0	0	0	0	0
sim.238.002	none	1	1	1	1	1	1	1	0	1	0	0	0	0	0
sim.239.002	none	1	1	1	1	2	1	1	0	0	0	0	0	0	0
sim.24.002	none	0	0	0	0	0	0	0	0	0	2	1	2	2	3
sim.240.002	none	2	0	0	0	1	1	1	3	2	1	0	1	4	3
sim.241.002	none	3	6	2	2	2	2	3	2	2	2	1	1	1	0
sim.242.002	none	1	1	0	0	0	0	0	1	1	1	2	3	4	2
sim.243.002	none	0	0	0	0	0	0	0	0	0	0	0	3	1	1
sim.244.002	none	2	2	2	2	1	1	1	2	2	2	2	1	0	0
sim.245.002	none	1	1	1	1	3	1	1	1	1	2	1	1	1	1
sim.246.002	none	1	0	1	1	2	2	2	2	2	2	1	0	0	0
sim.247.002	none	0	0	2	1	1	1	1	1	1	0	0	1	3	2
sim.248.002	none	2	4	3	2	2	2	2	2	2	0	0	0	0	0
sim.249.002	none	0	0	1	1	1	1	1	2	1	1	1	3	1	1
sim.25.002	none	1	1	1	0	1	1	1	1	1	0	0	0	0	0
sim.250.002	none	1	1	2	3	2	2	2	2	2	0	0	1	0	0
sim.251.002	none	0	0	0	0	0	0	0	0	0	3	4	4	6	5
sim.252.002	none	2	2	3	3	4	4	4	3	2	1	2	3	2	2
sim.253.002	none	1	1	1	0	0	0	0	1	0	1	2	3	2	3
sim.254.002	none	0	0	1	1	1	1	1	0	1	0	0	0	0	0
sim.255.002	none	3	4	2	3	1	1	1	2	3	0	0	0	0	0
sim.256.002	none	1	1	1	1	1	1	1	0	0	2	0	5	3	2
sim.257.002	none	2	1	2	1	1	1	1	2	2	0	0	2	1	1
sim.258.002	none	0	0	0	0	0	0	0	0	0	2	2	0	0	0
sim.259.002	none	2	1	1	1	1	1	1	1	1	3	3	4	2	3
sim.26.002	none	4	3	2	1	1	1	1	3	2	1	1	0	0	0
sim.260.002	none	1	1	1	0	1	1	1	1	1	1	1	3	1	2
sim.261.002	none	5	3	2	4	3	3	2	3	3	2	1	1	3	3
sim.262.002	none	0	0	0	0	0	0	0	0	0	5	6	4	4	4
sim.263.002	none	1	2	3	2	2	1	3	3	3	2	2	1	1	1
sim.264.002	none	1	1	1	1	1	1	1	3	3	0	1	0	2	1
sim.265.002	none	2	1	0	1	1	1	1	1	1	1	1	1	1	2
sim.266.002	none	1	1	1	2	1	1	1	1	1	0	0	0	0	0
sim.267.002	none	1	1	2	2	2	2	2	2	1	0	1	0	0	0
sim.268.002	none	2	3	2	2	3	3	3	2	1	0	0	0	0	0
sim.269.002	none	1	0	1	1	1	1	1	1	1	1	2	0	2	2
sim.27.002	none	0	0	0	0	0	0	0	0	0	1	1	1	1	1
sim.270.002	none	0	0	2	3	2	2	2	2	2	0	0	0	0	0
sim.271.002	none	1	1	3	2	2	2	1	2	2	0	0	2	1	1
sim.272.002	none	1	1	1	1	1	1	1	1	0	0	0	0	0	0
sim.273.002	none	1	1	1	2	1	1	1	1	1	0	0	1	1	0
sim.274.002	none	0	0	0	0	0	0	0	0	0	1	1	2	2	2
sim.275.002	none	0	0	0	0	0	0	0	0	0	1	1	1	1	1
sim.276.002	none	1	1	1	1	1	2	1	1	0	3	1	1	2	2
sim.277.002	none	1	0	1	1	1	1	1	1	1	1	1	3	2	2
sim.278.002	none	1	2	2	2	2	2	3	4	3	1	1	1	1	2
sim.279.002	none	1	1	1	1	1	1	1	2	1	2	2	2	0	0
sim.28.002	none	1	1	1	1	2	2	2	1	1	0	0	0	0	0
sim.280.002	none	1	1	1	1	1	1	0	1	1	0	1	2	2	4
sim.281.002	none	1	1	2	1	1	1	1	1	1	2	2	2	2	2
sim.282.002	none	1	1	1	1	1	1	1	1	2	1	1	1	1	1
sim.283.002	none	0	0	0	0	0	0	0	0	0	1	2	2	1	1
sim.284.002	none	2	1	1	1	1	1	1	1	1	0	0	1	1	1
sim.285.002	none	0	0	0	0	0	0	0	0	0	2	2	4	2	2
sim.286.002	none	0	0	1	1	1	1	0	1	1	1	1	1	1	1
sim.287.002	none	3	3	5	4	3	3	2	3	3	3	5	1	2	2
sim.288.002	none	1	1	1	0	0	0	0	2	2	2	2	0	1	1
sim.289.002	none	1	1	1	1	2	2	3	1	1	2	5	5	2	3
sim.29.002	none	3	1	2	1	1	1	1	1	1	1	1	0	0	0
sim.290.002	none	1	1	1	0	1	1	1	1	1	0	0	0	1	1
sim.291.002	none	2	3	1	1	1	1	1	1	1	0	0	0	0	0
sim.292.002	none	1	1	3	1	0	0	1	0	0	0	0	0	0	0
sim.293.002	none	2	2	2	2	2	2	3	1	1	1	1	1	2	1
sim.294.002	none	1	1	1	1	1	1	0	1	1	1	0	1	1	2
sim.295.002	none	0	0	1	1	1	1	1	1	0	1	1	1	3	4
sim.296.002	none	1	1	0	1	0	0	1	1	1	1	1	0	0	0
sim.297.002	none	2	2	1	2	2	2	2	2	2	0	0	0	0	0
sim.298.002	none	4	3	2	1	2	3	2	3	3	1	1	1	1	1
sim.299.002	none	1	2	3	4	3	3	3	3	3	1	1	0	0	0
sim.3.002	none	1	1	1	1	2	2	1	0	0	0	0	0	0	0
sim.30.002	none	1	1	1	1	1	1	1	1	1	1	1	0	1	1
sim.300.002	none	1	1	3	3	2	3	3	3	2	0	0	0	0	0
sim.301.002	none	1	1	1	1	1	1	1	1	1	0	0	0	0	0
sim.302.002	none	1	1	1	1	1	1	1	2	2	3	5	1	2	1
sim.303.002	none	1	1	1	1	1	1	2	0	1	1	1	0	0	0
sim.304.002	none	0	0	0	0	0	0	0	0	0	1	0	1	1	1
sim.305.002	none	2	3	1	1	1	1	1	1	1	0	0	1	1	1
sim.306.002	none	1	1	1	0	1	1	1	0	2	4	4	2	4	3
sim.307.002	none	1	1	1	1	1	1	1	1	1	0	0	0	0	0
sim.308.002	none	2	3	1	0	1	1	1	1	1	1	0	0	0	0
sim.309.002	none	1	1	1	1	1	1	1	1	1	0	0	1	1	1
sim.31.002	none	1	0	0	1	0	0	0	2	1	1	1	1	1	1
sim.310.002	none	0	0	1	1	1	1	1	0	1	0	0	0	0	0
sim.311.002	none	1	1	1	1	1	1	1	2	3	0	0	0	0	0
sim.312.002	none	3	2	2	4	3	3	3	2	3	0	0	0	0	0
sim.313.002	none	0	0	0	0	0	0	0	0	0	3	3	1	2	2
sim.314.002	none	0	0	1	1	1	1	2	2	2	1	2	1	1	1
sim.315.002	none	1	2	2	1	1	1	0	1	1	0	0	0	0	0
sim.316.002	none	1	1	3	2	2	2	1	4	3	3	1	1	1	1
sim.317.002	none	1	1	1	2	1	1	1	1	1	0	0	0	0	0
sim.318.002	none	1	1	2	2	1	2	2	3	3	3	3	2	1	1
sim.319.002	none	2	3	1	1	1	1	1	1	1	2	2	2	4	3
sim.32.002	none	3	2	1	1	1	1	2	4	2	0	1	1	1	1
sim.320.002	none	1	1	4	1	1	1	2	1	1	3	2	2	2	2
sim.321.002	none	0	1	1	2	1	0	1	1	1	1	1	1	1	1
sim.322.002	none	4	5	2	2	4	5	3	4	4	1	1	1	1	1
sim.323.002	none	0	0	0	0	0	0	0	0	0	1	1	1	3	3
sim.324.002	none	0	1	1	3	3	3	3	3	3	1	1	0	1	0
sim.325.002	none	0	0	0	0	0	0	0	0	0	1	1	1	1	1
sim.326.002	none	0	0	0	0	0	0	0	0	0	1	0	2	0	1
sim.327.002	none	0	0	0	0	0	0	0	0	0	2	1	2	2	2
sim.328.002	none	1	1	1	0	0	0	0	1	2	0	0	1	1	1
sim.329.002	none	3	3	1	2	2	2	2	1	1	1	0	2	1	1
sim.33.002	none	2	2	1	2	2	2	2	2	2	0	0	0	0	0
sim.330.002	none	0	1	1	1	1	1	1	1	1	0	0	0	0	0
sim.331.002	none	0	0	1	1	1	1	1	1	1	1	1	2	2	2
sim.332.002	none	0	0	0	0	0	0	0	0	0	0	0	2	3	2
sim.333.002	none	0	1	2	2	5	5	3	3	3	0	0	2	1	1
sim.334.002	none	3	3	3	2	3	3	3	3	2	1	1	1	1	1
sim.335.002	none	2	2	2	5	4	5	4	6	4	0	0	1	1	1
sim.336.002	none	0	0	0	0	0	0	0	0	0	1	2	1	1	1
sim.337.002	none	2	1	1	0	0	0	0	1	1	2	1	1	3	3
sim.338.002	none	1	1	1	1	0	1	1	2	1	0	1	1	1	1
sim.339.002	none	1	1	0	0	0	0	0	1	1	0	0	0	0	0
sim.34.002	none	0	0	0	0	0	0	0	0	0	2	2	1	1	1
sim.340.002	none	2	2	2	3	2	2	2	2	2	1	1	1	1	1
sim.341.002	none	1	1	1	1	1	1	1	1	0	0	0	1	1	1
sim.342.002	none	0	0	1	1	1	1	1	1	1	1	1	0	1	1
sim.343.002	none	0	0	0	0	0	0	0	0	0	3	3	3	2	5
sim.344.002	none	3	2	4	2	2	2	1	3	3	0	0	1	1	1
sim.345.002	none	2	3	1	1	2	2	1	2	1	0	1	1	1	1
sim.346.002	none	0	0	0	0	0	0	0	0	0	1	1	2	1	1
sim.347.002	none	0	0	0	0	0	0	0	0	0	1	1	1	0	1
sim.348.002	none	2	2	2	0	1	1	1	1	1	2	1	3	3	3
sim.349.002	none	0	0	1	0	2	2	1	1	1	0	0	0	0	0
sim.35.002	none	0	0	0	0	0	0	0	0	0	2	2	0	0	0
sim.350.002	none	0	0	0	0	0	0	0	0	0	1	2	2	3	2
sim.351.002	none	0	0	0	0	0	0	0	0	0	0	1	1	1	1
sim.352.002	none	0	0	2	1	1	2	2	2	2	0	0	0	0	0
sim.353.002	none	0	1	1	2	1	1	1	2	2	2	2	0	1	1
sim.354.002	none	2	1	1	1	0	0	0	2	1	0	0	0	0	0
sim.355.002	none	3	5	2	2	3	2	2	4	3	1	3	1	1	0
sim.356.002	none	2	1	1	1	0	0	1	1	1	1	0	0	1	1
sim.357.002	none	2	2	0	0	0	0	0	0	0	6	5	5	7	6
sim.358.002	none	0	1	1	1	1	1	1	1	1	2	1	0	0	0
sim.359.002	none	1	1	0	1	1	1	0	0	0	5	2	3	2	2
sim.36.002	none	2	2	1	1	2	1	1	1	1	0	0	0	0	0
sim.360.002	none	1	1	1	1	0	0	0	1	1	0	1	2	1	1
sim.361.002	none	1	1	2	2	1	1	1	1	1	1	1	1	2	1
sim.362.002	none	2	0	1	1	1	1	1	1	1	4	3	1	1	0
sim.363.002	none	2	2	1	1	1	2	0	1	1	1	0	0	1	1
sim.364.002	none	2	3	2	2	1	2	2	2	2	0	0	0	0	0
sim.365.002	none	0	0	0	0	0	0	0	0	0	2	2	1	2	1
sim.366.002	none	1	1	1	2	0	0	1	1	1	2	4	1	1	2
sim.367.002	none	1	1	1	0	1	1	1	1	1	0	0	2	2	3
sim.368.002	none	1	1	3	2	2	2	2	2	2	2	1	1	1	1
sim.369.002	none	1	1	0	0	0	0	0	0	0	0	0	3	3	3
sim.37.002	none	1	1	1	1	1	1	1	0	0	0	0	2	1	1
sim.370.002	none	0	0	0	0	0	0	0	0	0	1	1	1	1	1
sim.371.002	none	2	3	2	5	2	2	2	1	2	1	1	1	1	1
sim.372.002	none	1	2	1	2	2	2	3	1	2	1	1	1	2	1
sim.373.002	none	2	2	2	2	1	1	2	2	2	1	1	3	1	1
sim.374.002	none	1	0	1	1	1	1	2	1	1	1	1	0	0	0
sim.375.002	none	1	3	1	1	1	1	0	1	1	0	0	4	2	2
sim.376.002	none	4	3	5	7	5	6	5	3	5	4	3	0	0	0
sim.377.002	none	0	0	0	0	0	0	0	0	0	1	1	1	1	1
sim.378.002	none	0	0	2	1	2	2	1	2	1	2	2	1	2	0
sim.379.002	none	1	1	1	0	2	2	2	1	1	1	1	1	1	1
sim.38.002	none	0	1	2	1	2	2	2	2	2	1	0	0	0	0
sim.380.002	none	0	0	0	0	0	0	0	0	0	2	1	2	2	1
sim.381.002	none	0	0	0	0	0	0	0	0	0	1	1	1	1	0
sim.382.002	none	2	2	1	1	1	1	1	1	1	1	1	1	2	2
sim.383.002	none	0	0	0	0	0	0	0	0	0	1	0	1	1	1
sim.384.002	none	1	1	2	3	2	2	2	2	2	1	1	1	0	0
sim.385.002	none	0	0	0	0	0	0	0	0	0	1	2	2	1	1
sim.386.002	none	1	0	1	1	1	1	1	1	1	0	0	1	0	0
sim.387.002	none	0	0	0	0	0	0	0	0	0	0	1	5	7	4
sim.388.002	none	3	4	3	4	1	1	2	3	4	1	1	0	0	0
sim.389.002	none	0	0	2	2	2	2	2	1	3	1	1	1	1	1
sim.39.002	none	1	1	3	5	6	6	8	1	2	2	3	1	0	0
sim.390.002	none	1	1	2	2	1	1	1	1	1	1	2	0	0	0
sim.391.002	none	1	1	2	1	4	4	3	2	2	3	2	0	0	0
sim.392.002	none	0	0	0	0	0	0	0	0	0	1	1	1	1	1
sim.393.002	none	0	0	1	1	1	1	1	1	1	3	2	1	1	1
sim.394.002	none	0	1	2	2	3	4	3	2	2	1	1	0	0	0
sim.395.002	none	1	1	2	1	2	2	3	1	1	1	1	0	0	0
sim.396.002	none	0	0	0	0	0	0	0	0	0	1	1	1	1	1
sim.397.002	none	1	1	1	1	2	2	2	0	1	2	1	0	0	0
sim.398.002	none	1	1	2	2	2	3	1	2	2	0	0	0	1	1
sim.399.002	none	1	1	3	0	0	0	0	2	1	2	4	1	0	1
sim.4.002	none	0	0	0	0	0	0	0	0	0	2	1	1	1	2
sim.40.002	none	2	2	2	3	2	2	2	3	3	1	2	3	5	4
sim.400.002	none	0	0	0	0	0	0	0	0	0	0	0	5	5	5
sim.401.002	none	2	2	2	1	2	1	3	2	1	1	1	1	2	2
sim.402.002	none	1	1	0	1	2	1	1	1	1	1	2	0	0	1
sim.403.002	none	1	1	1	1	1	1	1	2	1	1	2	1	2	1
sim.404.002	none	0	0	1	1	1	1	2	1	1	4	4	5	4	6
sim.405.002	none	1	1	2	1	1	1	1	0	1	0	0	0	0	0
sim.406.002	none	0	0	0	0	0	0	0	0	0	3	5	2	2	3
sim.407.002	none	0	0	0	1	1	1	1	1	1	0	0	0	0	0
sim.408.002	none	1	3	2	2	2	2	1	3	3	2	3	1	1	1
sim.409.002	none	2	2	1	1	1	1	1	1	1	1	1	2	1	2
sim.41.002	none	3	3	5	5	6	6	6	5	5	1	1	2	2	2
sim.410.002	none	2	2	0	1	1	1	1	0	0	3	2	1	3	3
sim.411.002	none	1	1	1	1	1	1	2	1	1	1	1	2	1	1
sim.412.002	none	0	0	0	0	0	0	0	0	0	2	2	2	1	1
sim.413.002	none	2	2	6	3	6	6	6	5	5	3	0	1	1	1
sim.414.002	none	1	0	1	1	1	1	2	2	2	0	1	0	1	1
sim.415.002	none	3	1	2	2	3	3	3	3	3	2	2	3	3	4
sim.416.002	none	2	1	3	3	2	2	3	3	2	0	1	0	1	1
sim.417.002	none	1	1	0	1	1	1	2	1	1	1	1	2	2	3
sim.418.002	none	3	2	1	1	1	1	1	3	1	4	5	4	4	4
sim.419.002	none	0	0	0	0	0	0	0	0	0	1	2	0	1	2
sim.42.002	none	1	1	5	5	3	3	3	2	3	1	0	0	0	0
sim.420.002	none	0	0	0	0	0	0	0	0	0	1	1	2	1	1
sim.421.002	none	0	0	1	1	1	1	1	1	0	0	0	0	0	0
sim.422.002	none	1	1	1	1	2	2	2	1	1	0	0	0	0	0
sim.423.002	none	2	1	1	1	2	3	1	1	0	0	0	0	0	0
sim.424.002	none	1	1	1	1	1	1	1	1	1	2	1	2	1	1
sim.425.002	none	0	0	0	0	0	0	0	0	0	1	2	1	1	1
sim.426.002	none	1	1	1	1	1	1	1	0	0	1	1	2	1	1
sim.427.002	none	0	0	0	0	0	0	0	0	0	1	1	2	1	2
sim.428.002	none	2	1	1	1	0	0	1	1	1	6	4	1	1	1
sim.429.002	none	1	1	1	1	1	1	1	2	0	1	1	3	2	2
sim.43.002	none	1	1	2	2	2	2	3	4	3	0	0	2	1	1
sim.430.002	none	1	1	1	2	1	2	2	2	2	1	0	2	2	1
sim.431.002	none	2	2	3	2	1	1	0	2	2	0	0	0	0	0
sim.432.002	none	1	1	1	1	2	1	1	0	0	0	0	0	0	0
sim.433.002	none	1	1	1	1	1	1	1	1	1	1	1	1	1	1
sim.434.002	none	3	4	0	1	0	0	0	1	1	0	0	0	0	0
sim.435.002	none	2	2	2	0	1	1	1	1	1	0	0	0	1	1
sim.436.002	none	0	0	0	0	0	0	0	0	0	2	2	1	3	1
sim.437.002	none	0	1	0	1	1	1	1	1	1	0	0	0	0	0
sim.438.002	none	1	1	1	1	1	1	1	1	1	1	1	1	1	1
sim.439.002	none	0	1	1	1	1	1	1	1	1	1	1	1	1	1
sim.44.002	none	0	0	0	0	0	0	0	0	0	2	1	1	2	1
sim.440.002	none	0	0	0	0	0	0	0	0	0	1	0	2	3	2
sim.441.002	none	1	1	1	1	1	1	1	1	1	0	1	1	1	0
sim.442.002	none	0	0	0	0	0	0	0	0	0	1	1	1	1	1
sim.443.002	none	1	1	1	1	1	1	1	1	1	1	1	1	1	2
sim.444.002	none	0	0	0	0	0	0	0	0	0	1	0	1	1	1
sim.445.002	none	2	2	2	4	2	3	5	3	2	1	1	1	1	1
sim.446.002	none	1	1	2	2	2	3	2	2	2	1	1	2	1	2
sim.447.002	none	0	0	0	0	0	0	0	0	0	1	1	1	0	1
sim.448.002	none	0	0	0	0	0	0	0	0	0	1	4	3	2	2
sim.449.002	none	2	2	1	1	2	2	2	2	2	0	0	0	0	0
sim.45.002	none	2	2	2	2	2	2	2	2	2	1	1	1	1	1
sim.450.002	none	1	1	1	1	1	1	1	1	1	1	1	2	2	1
sim.451.002	none	1	0	1	1	1	1	1	0	3	1	1	2	1	2
sim.452.002	none	2	2	2	2	2	2	2	2	3	2	1	2	2	2
sim.453.002	none	1	1	1	1	0	0	0	1	1	1	1	1	1	1
sim.454.002	none	0	0	0	0	0	0	0	0	0	1	1	2	0	1
sim.455.002	none	0	0	0	0	0	0	0	0	0	1	2	1	1	1
sim.456.002	none	0	0	0	0	0	0	0	0	0	2	3	2	1	1
sim.457.002	none	4	4	1	2	2	4	2	2	2	0	0	0	0	0
sim.458.002	none	0	0	1	1	1	1	0	2	1	0	0	0	0	0
sim.459.002	none	1	1	2	1	2	2	2	2	3	0	0	0	0	0
sim.46.002	none	0	0	0	0	0	0	0	0	0	0	2	1	1	1
sim.460.002	none	0	0	0	0	0	0	0	0	0	1	0	2	2	1
sim.461.002	none	0	0	0	0	0	0	0	0	0	1	3	2	2	2
sim.462.002	none	0	0	0	0	0	0	0	0	0	4	3	2	5	5
sim.463.002	none	4	3	2	2	2	2	2	1	2	0	1	2	1	1
sim.464.002	none	1	1	1	1	1	1	1	1	1	0	1	1	1	1
sim.465.002	none	1	1	1	1	0	0	0	0	1	0	0	0	0	0
sim.466.002	none	1	1	1	1	1	1	1	1	1	0	0	0	0	0
sim.467.002	none	2	2	2	2	2	2	2	2	1	0	0	0	0	0
sim.468.002	none	1	1	1	1	1	1	1	1	1	0	0	0	0	0
sim.469.002	none	0	0	0	0	0	0	0	0	0	0	1	2	2	2
sim.47.002	none	2	3	2	2	2	2	3	3	3	1	1	1	0	0
sim.470.002	none	1	2	1	1	1	1	1	1	1	2	1	1	1	1
sim.471.002	none	0	0	0	0	0	0	0	0	0	3	3	0	0	0
sim.472.002	none	0	0	2	2	1	1	1	3	3	0	0	3	3	3
sim.473.002	none	1	2	3	1	2	2	2	2	2	2	1	3	2	4
sim.474.002	none	1	1	1	1	1	1	1	1	1	0	0	0	0	0
sim.475.002	none	1	0	1	0	1	1	1	1	1	0	0	2	2	2
sim.476.002	none	0	0	0	0	0	0	0	0	0	1	2	2	2	2
sim.477.002	none	1	1	1	0	1	0	1	1	1	1	1	1	1	1
sim.478.002	none	1	1	3	2	1	1	0	1	2	1	1	1	1	1
sim.479.002	none	1	1	1	1	1	1	1	1	1	1	1	0	1	1
sim.48.002	none	1	1	1	1	1	1	1	1	0	0	0	0	0	0
sim.480.002	none	3	2	0	1	1	1	1	1	1	7	4	4	2	3
sim.481.002	none	1	2	0	0	0	0	0	0	0	0	0	0	1	1
sim.482.002	none	0	0	0	0	0	0	0	0	0	1	1	0	1	1
sim.483.002	none	0	0	1	2	1	1	0	1	1	1	2	1	3	2
sim.484.002	none	1	1	1	1	0	0	0	0	0	1	1	0	1	1
sim.485.002	none	3	2	2	2	2	2	2	2	2	2	2	2	2	3
sim.486.002	none	1	1	1	3	4	5	3	1	2	0	0	0	0	0
sim.487.002	none	0	0	0	0	0	0	0	0	0	3	2	0	0	0
sim.488.002	none	0	0	0	0	0	0	0	0	0	3	4	2	3	3
sim.489.002	none	0	1	0	1	2	3	2	1	3	2	3	4	2	2
sim.49.002	none	0	0	0	0	0	0	0	0	0	1	1	3	4	3
sim.490.002	none	1	1	1	1	1	1	1	1	1	1	1	1	1	1
sim.491.002	none	1	2	4	6	6	5	4	4	5	1	1	1	1	1
sim.492.002	none	4	4	2	3	2	3	3	3	3	1	0	0	0	0
sim.493.002	none	4	3	3	2	3	3	3	3	4	2	3	1	1	1
sim.494.002	none	0	1	1	1	1	1	1	0	0	2	1	1	1	2
sim.495.002	none	2	4	3	1	2	2	2	2	2	1	1	0	1	1
sim.496.002	none	1	1	1	1	1	1	1	1	1	0	0	0	0	0
sim.497.002	none	1	1	1	1	1	1	1	0	1	2	3	2	1	1
sim.498.002	none	2	1	1	1	1	1	1	1	1	1	1	1	1	2
sim.499.002	none	2	0	2	1	3	3	2	2	2	1	1	1	0	0
sim.5.002	none	1	1	1	1	1	1	2	1	1	2	5	1	1	2
sim.50.002	none	0	0	0	0	0	0	0	0	0	2	2	1	1	1
sim.500.002	none	5	5	3	3	2	2	2	3	3	0	0	0	0	0
sim.501.002	none	1	0	1	1	1	1	0	0	0	0	0	0	0	0
sim.502.002	none	4	4	1	1	2	1	1	1	1	3	3	1	1	1
sim.503.002	none	1	1	1	1	1	1	1	1	1	0	0	0	0	0
sim.504.002	none	0	0	0	0	0	0	0	0	0	1	0	2	2	3
sim.505.002	none	2	2	1	3	1	1	1	1	3	1	1	1	1	1
sim.506.002	none	1	1	1	1	1	1	1	1	1	0	0	0	1	1
sim.507.002	none	5	3	3	6	4	4	4	2	2	0	0	0	0	0
sim.508.002	none	2	3	2	3	3	3	3	1	1	0	0	0	0	0
sim.509.002	none	2	3	1	1	1	1	1	1	1	1	1	1	1	1
sim.51.002	none	1	1	1	1	2	2	1	1	1	0	0	0	0	0
sim.510.002	none	0	2	3	1	1	1	1	1	1	2	1	0	1	0
sim.511.002	none	0	1	2	1	1	1	1	1	1	1	1	1	1	2
sim.512.002	none	1	1	2	1	1	1	1	1	1	1	0	0	0	0
sim.513.002	none	2	1	1	1	1	1	1	1	1	1	1	1	0	0
sim.514.002	none	2	3	3	6	3	2	3	4	3	1	2	0	2	1
sim.515.002	none	1	1	1	2	1	1	1	1	1	0	0	0	0	0
sim.516.002	none	0	0	0	0	0	0	0	0	0	1	1	1	1	1
sim.517.002	none	0	0	0	1	1	1	1	2	1	2	2	1	1	0
sim.518.002	none	1	1	2	1	1	1	1	1	1	0	0	1	1	1
sim.519.002	none	3	2	0	1	1	1	1	1	1	0	0	0	0	0
sim.52.002	none	0	0	0	0	0	0	0	0	0	3	3	4	4	3
sim.520.002	none	1	1	1	1	1	1	0	2	1	0	1	2	2	2
sim.521.002	none	1	2	1	2	2	2	3	1	1	1	3	3	3	3
sim.522.002	none	0	0	1	1	1	1	1	1	1	1	2	1	1	0
sim.523.002	none	4	4	4	2	3	4	2	3	3	1	1	2	1	1
sim.524.002	none	2	1	2	1	1	2	1	1	1	1	1	1	2	2
sim.525.002	none	1	1	0	1	1	1	1	1	1	0	0	1	1	1
sim.526.002	none	1	1	1	1	1	1	1	1	0	4	5	2	2	3
sim.527.002	none	1	1	1	1	1	1	1	1	1	0	0	1	3	2
sim.528.002	none	1	1	1	1	1	1	1	2	1	1	2	1	3	1
sim.529.002	none	0	0	0	0	0	0	0	0	0	1	1	2	2	2
sim.53.002	none	2	1	1	1	1	1	1	2	1	1	1	1	1	1
sim.530.002	none	1	1	1	1	1	1	2	1	1	0	0	0	0	0
sim.531.002	none	0	0	0	0	0	0	0	0	0	2	2	2	3	3
sim.532.002	none	2	1	2	2	1	2	2	2	2	1	2	1	1	1
sim.533.002	none	0	0	0	0	0	0	0	0	0	0	0	2	2	4
sim.534.002	none	1	1	0	0	0	0	0	0	0	1	1	2	1	1
sim.535.002	none	1	4	1	1	2	2	1	0	1	0	0	0	0	0
sim.536.002	none	0	0	1	1	1	1	2	0	0	1	1	1	1	1
sim.537.002	none	2	1	4	4	3	4	4	5	3	0	0	0	0	0
sim.538.002	none	4	3	3	1	0	0	1	2	3	1	1	1	2	1
sim.539.002	none	1	1	1	1	1	1	1	1	1	5	1	1	1	1
sim.54.002	none	2	2	1	2	2	2	2	2	2	1	1	1	1	1
sim.540.002	none	0	0	0	0	0	0	0	0	0	1	1	2	2	2
sim.541.002	none	0	0	0	0	0	0	0	0	0	1	1	2	2	2
sim.542.002	none	2	2	3	3	3	4	4	3	3	1	1	0	0	0
sim.543.002	none	4	4	4	6	7	7	6	6	5	0	1	1	1	1
sim.544.002	none	1	1	1	1	1	1	1	0	0	2	0	1	2	2
sim.545.002	none	1	1	1	1	1	1	1	1	1	0	0	0	0	0
sim.546.002	none	0	0	0	0	0	0	0	0	0	1	2	0	1	1
sim.547.002	none	0	0	0	1	0	0	0	1	1	0	1	1	1	1
sim.548.002	none	1	1	1	1	1	1	1	0	0	2	2	1	1	2
sim.549.002	none	4	5	2	5	3	3	3	6	3	1	1	1	1	2
sim.55.002	none	0	0	1	1	1	1	1	1	1	0	0	0	0	0
sim.550.002	none	0	1	1	1	1	1	1	2	1	1	1	1	0	1
sim.551.002	none	1	2	1	1	1	0	1	1	1	0	1	1	1	1
sim.552.002	none	1	1	1	1	1	1	1	1	1	0	0	3	2	2
sim.553.002	none	1	1	1	1	1	1	1	1	1	2	3	0	0	0
sim.554.002	none	1	1	1	1	1	1	1	0	0	0	0	1	1	1
sim.555.002	none	1	2	3	2	2	2	2	1	1	2	2	0	1	1
sim.556.002	none	2	3	3	1	1	1	1	2	1	0	0	0	0	0
sim.557.002	none	1	1	1	1	1	1	1	1	1	0	0	1	1	1
sim.558.002	none	1	1	1	2	2	2	2	2	2	1	4	0	1	1
sim.559.002	none	0	1	1	1	1	1	1	2	2	0	0	2	1	1
sim.56.002	none	1	1	0	0	0	0	0	0	0	1	1	2	1	2
sim.560.002	none	0	0	1	1	1	1	2	1	1	3	4	3	3	3
sim.561.002	none	2	2	2	1	1	1	0	3	2	0	0	0	0	0
sim.562.002	none	1	1	0	0	0	0	0	0	0	1	1	1	1	1
sim.563.002	none	0	0	0	0	0	0	0	0	0	1	1	1	1	1
sim.564.002	none	2	2	2	3	2	3	2	2	2	2	1	1	0	1
sim.565.002	none	2	2	2	3	3	3	3	3	3	3	5	3	1	1
sim.566.002	none	1	1	1	1	1	1	2	2	1	0	0	1	0	0
sim.567.002	none	0	0	0	0	0	0	0	0	0	1	1	2	1	1
sim.568.002	none	1	0	3	1	1	1	1	1	1	0	0	0	1	1
sim.569.002	none	0	0	0	0	0	0	0	0	0	1	1	1	2	1
sim.57.002	none	0	2	1	1	1	1	1	1	1	2	2	3	2	2
sim.570.002	none	0	1	0	1	1	1	1	1	1	4	4	5	5	5
sim.571.002	none	2	2	1	0	1	1	1	2	1	1	1	1	1	1
sim.572.002	none	1	1	1	1	1	1	1	1	1	0	1	2	1	1
sim.573.002	none	1	1	1	1	1	1	1	1	1	2	2	4	5	4
sim.574.002	none	0	0	0	0	0	0	0	0	0	0	0	0	2	2
sim.575.002	none	1	1	1	1	1	1	1	1	1	1	1	1	1	1
sim.576.002	none	0	0	0	0	0	0	0	0	0	1	0	3	2	2
sim.577.002	none	1	1	1	1	2	2	1	0	0	0	1	1	1	1
sim.578.002	none	1	1	2	2	1	1	1	2	2	1	1	1	2	1
sim.579.002	none	1	1	1	1	2	2	1	1	1	1	1	1	1	1
sim.58.002	none	1	1	1	1	2	2	2	3	1	2	2	1	1	1
sim.580.002	none	6	5	4	3	3	3	3	2	2	1	1	0	0	0
sim.581.002	none	2	3	3	4	5	5	3	5	4	0	0	0	0	0
sim.582.002	none	4	4	3	1	4	3	2	5	3	1	2	2	1	0
sim.583.002	none	1	2	1	1	1	1	1	1	1	2	1	1	1	2
sim.584.002	none	0	0	0	0	0	0	0	0	0	4	2	1	1	2
sim.585.002	none	1	0	1	1	1	1	1	1	1	0	1	1	1	2
sim.586.002	none	0	0	0	0	0	0	0	0	0	1	1	3	1	2
sim.587.002	none	4	3	1	2	1	2	2	2	2	1	1	1	1	1
sim.588.002	none	1	1	2	2	2	2	2	1	1	0	0	1	2	2
sim.589.002	none	2	1	1	0	1	1	1	2	1	2	3	1	1	1
sim.59.002	none	1	1	0	1	1	1	1	1	1	1	1	3	3	3
sim.590.002	none	0	0	0	0	0	0	0	0	0	2	2	1	1	1
sim.591.002	none	0	0	1	0	1	1	1	1	1	1	1	2	3	3
sim.592.002	none	0	0	0	0	0	0	0	0	0	4	2	2	1	1
sim.593.002	none	3	3	2	3	2	2	2	2	2	2	3	2	4	4
sim.594.002	none	1	1	0	1	1	1	1	1	1	0	0	1	2	1
sim.595.002	none	2	1	2	2	1	1	2	1	1	0	0	1	2	1
sim.596.002	none	0	1	1	2	1	1	1	1	1	4	5	4	4	3
sim.597.002	none	0	0	0	0	0	0	0	0	0	1	0	1	1	2
sim.598.002	none	2	1	2	2	2	2	2	2	2	4	4	3	2	2
sim.599.002	none	2	1	1	0	1	1	1	1	1	2	0	3	2	3
sim.6.002	none	1	1	1	1	1	1	1	1	1	1	4	0	0	0
sim.60.002	none	1	1	1	1	1	1	1	1	1	1	1	0	1	1
sim.600.002	none	0	0	0	0	0	0	0	0	0	1	1	0	2	1
sim.601.002	none	1	1	2	1	1	1	1	0	0	3	2	1	1	1
sim.602.002	none	1	1	1	2	1	1	1	1	1	3	3	2	2	2
sim.603.002	none	0	0	0	0	0	0	0	0	0	1	2	2	1	1
sim.604.002	none	2	3	2	3	4	4	2	4	3	1	0	0	0	0
sim.605.002	none	1	2	1	1	1	1	0	1	1	2	1	0	0	0
sim.606.002	none	2	3	1	1	1	1	2	1	1	0	0	0	0	0
sim.607.002	none	1	0	1	1	2	2	1	1	1	0	0	0	0	0
sim.608.002	none	1	1	1	1	1	1	2	2	2	3	2	1	1	1
sim.609.002	none	4	5	2	2	4	4	3	4	4	1	1	1	1	1
sim.61.002	none	1	1	1	1	1	1	1	1	2	0	1	1	0	0
sim.610.002	none	0	0	1	1	1	1	1	1	1	1	1	1	1	1
sim.611.002	none	2	1	1	1	2	2	2	4	3	1	0	1	1	1
sim.612.002	none	2	2	2	1	2	2	2	2	2	0	1	2	2	2
sim.613.002	none	0	0	0	0	0	0	0	0	0	1	1	2	1	2
sim.614.002	none	2	1	1	1	0	0	0	1	1	0	1	0	0	0
sim.615.002	none	1	2	1	1	2	2	1	2	1	1	1	1	1	1
sim.616.002	none	0	1	1	1	1	1	1	0	1	0	3	0	0	0
sim.617.002	none	1	1	0	2	1	1	1	0	0	0	0	1	2	1
sim.618.002	none	3	6	4	6	6	7	8	7	6	0	0	0	0	0
sim.619.002	none	3	1	0	1	1	1	1	1	1	1	1	1	1	1
sim.62.002	none	1	1	1	6	2	3	2	1	2	1	2	2	3	5
sim.620.002	none	2	4	1	2	2	2	2	3	1	1	2	2	2	2
sim.621.002	none	0	0	0	0	0	0	0	0	0	3	5	2	4	3
sim.622.002	none	1	1	1	0	0	0	0	1	1	0	0	0	0	0
sim.623.002	none	2	2	4	3	2	3	4	4	3	1	1	2	3	1
sim.624.002	none	1	1	1	1	0	0	1	1	1	0	0	0	0	0
sim.625.002	none	2	2	2	3	3	3	3	5	5	2	4	2	2	2
sim.626.002	none	2	1	1	0	1	1	0	1	1	2	2	2	2	2
sim.627.002	none	1	0	0	0	0	0	0	0	0	1	1	1	1	2
sim.628.002	none	0	0	0	0	0	0	0	0	0	2	2	3	1	1
sim.629.002	none	1	1	1	1	1	1	1	1	1	3	3	0	0	0
sim.63.002	none	3	8	1	1	2	2	2	1	1	1	1	1	0	1
sim.630.002	none	0	0	0	0	0	0	0	0	0	5	6	1	1	2
sim.631.002	none	1	1	1	1	4	4	3	0	1	2	2	3	2	2
sim.632.002	none	1	1	1	1	1	1	1	2	1	1	1	2	1	1
sim.633.002	none	3	2	2	2	3	1	2	2	2	0	0	1	1	1
sim.634.002	none	1	2	1	3	3	3	2	1	1	2	1	1	1	0
sim.635.002	none	3	3	3	3	2	2	3	3	3	2	2	5	2	4
sim.636.002	none	1	0	1	0	1	1	1	1	1	1	3	2	1	1
sim.637.002	none	0	0	0	0	0	0	0	0	0	3	4	3	2	3
sim.638.002	none	1	1	2	2	1	1	1	2	2	1	1	0	0	0
sim.639.002	none	4	1	2	1	2	2	2	1	0	1	0	1	2	2
sim.64.002	none	1	1	1	1	0	0	0	1	1	1	1	3	1	1
sim.640.002	none	1	1	1	0	1	1	1	2	2	1	1	1	0	0
sim.641.002	none	6	2	1	2	1	1	1	1	1	0	0	0	0	0
sim.642.002	none	0	2	1	1	2	2	1	1	1	3	4	2	4	4
sim.643.002	none	0	0	0	0	0	0	0	0	0	2	2	1	3	3
sim.644.002	none	2	2	0	0	0	0	0	0	0	1	3	0	0	0
sim.645.002	none	1	1	1	2	3	3	2	2	2	0	0	0	0	0
sim.646.002	none	0	2	1	1	1	1	1	1	1	0	1	2	1	1
sim.647.002	none	0	0	0	0	0	0	0	0	0	1	1	1	1	1
sim.648.002	none	1	1	2	2	2	2	3	2	2	0	0	1	1	1
sim.649.002	none	2	2	2	2	1	1	1	1	2	0	0	0	0	0
sim.65.002	none	0	0	0	0	0	0	0	0	0	2	2	1	1	1
sim.650.002	none	1	1	1	1	1	1	1	0	0	0	1	0	0	0
sim.651.002	none	1	1	2	2	2	2	2	2	2	1	2	2	2	2
sim.652.002	none	1	2	1	1	1	1	1	0	0	1	0	0	0	0
sim.653.002	none	2	2	1	1	1	1	1	0	1	1	1	1	1	1
sim.654.002	none	2	2	1	2	2	2	2	4	3	1	0	1	0	0
sim.655.002	none	1	2	1	1	0	1	1	1	1	1	1	1	2	1
sim.656.002	none	1	1	1	2	1	2	2	0	0	0	0	1	1	0
sim.657.002	none	3	2	2	2	1	1	3	2	2	1	1	1	1	1
sim.658.002	none	1	0	2	3	3	3	3	1	2	0	0	0	0	0
sim.659.002	none	0	1	1	1	1	1	1	2	1	0	0	0	0	0
sim.66.002	none	1	1	1	1	1	1	0	1	1	1	2	1	1	2
sim.660.002	none	1	1	0	0	0	0	0	0	0	1	1	2	2	3
sim.661.002	none	1	1	1	1	1	1	1	0	1	3	3	2	2	2
sim.662.002	none	1	1	0	0	0	0	0	0	0	1	1	3	2	2
sim.663.002	none	1	1	2	1	2	2	2	2	2	1	1	3	1	3
sim.664.002	none	0	0	0	0	0	0	0	0	0	0	3	5	5	4
sim.665.002	none	1	1	1	1	0	0	1	2	1	3	1	1	0	1
sim.666.002	none	1	1	0	0	0	0	0	0	0	0	0	1	1	1
sim.667.002	none	1	1	1	1	1	1	1	2	2	0	0	0	0	0
sim.668.002	none	0	0	0	0	0	0	0	0	0	1	2	2	1	1
sim.669.002	none	0	0	0	0	0	0	0	0	0	0	1	1	1	1
sim.67.002	none	0	0	0	0	0	0	0	0	0	2	2	3	3	3
sim.670.002	none	2	2	1	2	1	2	1	1	2	0	1	2	4	2
sim.671.002	none	3	3	3	3	3	3	3	1	2	1	1	3	3	3
sim.672.002	none	2	1	2	2	2	2	2	2	2	1	1	1	1	1
sim.673.002	none	3	2	1	1	1	1	1	1	1	0	0	0	0	0
sim.674.002	none	2	1	1	2	3	3	3	1	3	1	2	1	1	1
sim.675.002	none	3	2	2	2	2	1	1	1	1	1	0	1	0	0
sim.676.002	none	1	1	1	1	1	1	1	1	1	1	4	3	2	2
sim.677.002	none	2	4	2	2	2	2	2	2	2	1	1	1	0	0
sim.678.002	none	2	2	2	4	2	2	5	1	2	0	1	0	1	1
sim.679.002	none	1	1	1	1	1	1	1	0	0	0	0	0	0	0
sim.68.002	none	1	1	1	1	1	1	1	1	1	0	0	0	0	0
sim.680.002	none	2	1	1	1	1	1	1	1	1	0	0	0	0	0
sim.681.002	none	0	0	0	0	0	0	0	0	0	3	3	2	2	2
sim.682.002	none	0	0	0	0	0	0	0	0	0	0	0	2	1	1
sim.683.002	none	2	2	1	2	1	1	2	2	2	3	4	3	3	3
sim.684.002	none	1	1	2	2	2	2	2	1	0	0	0	0	0	0
sim.685.002	none	1	1	1	0	1	1	1	1	1	1	1	1	1	1
sim.686.002	none	1	2	0	2	1	1	0	1	1	1	2	2	1	2
sim.687.002	none	1	1	1	1	1	2	1	1	1	0	0	0	0	0
sim.688.002	none	2	2	0	0	0	0	0	0	0	0	0	0	0	0
sim.689.002	none	1	1	1	1	1	1	1	1	0	4	4	3	4	4
sim.69.002	none	1	1	1	1	1	1	1	1	0	0	0	0	0	0
sim.690.002	none	1	1	2	1	1	3	1	2	1	0	0	1	2	2
sim.691.002	none	1	1	2	1	2	1	1	0	1	1	0	2	1	1
sim.692.002	none	0	0	1	1	1	1	2	1	1	0	0	0	0	0
sim.693.002	none	0	0	0	0	0	0	0	0	0	1	1	1	1	1
sim.694.002	none	2	3	2	2	2	2	2	2	2	1	1	1	1	1
sim.695.002	none	2	1	1	1	1	1	1	1	1	1	2	3	1	1
sim.696.002	none	2	2	2	2	2	3	1	2	2	0	0	1	1	1
sim.697.002	none	3	5	6	7	5	5	4	7	7	1	1	3	3	4
sim.698.002	none	1	0	1	0	0	0	0	1	1	2	1	1	2	4
sim.699.002	none	1	1	2	1	2	2	1	2	2	0	0	0	1	1
sim.7.002	none	0	0	0	0	0	0	0	0	0	1	1	1	1	1
sim.70.002	none	0	0	0	0	0	0	0	0	0	6	5	0	0	0
sim.700.002	none	1	1	1	1	1	1	0	1	0	0	0	0	0	0
sim.701.002	none	0	1	1	1	1	1	1	1	1	1	1	1	1	1
sim.702.002	none	1	2	0	0	0	0	0	0	0	1	0	1	1	0
sim.703.002	none	0	0	1	1	1	1	1	1	1	1	1	1	1	1
sim.704.002	none	1	1	1	1	1	1	1	1	1	0	0	0	0	0
sim.705.002	none	3	3	1	1	1	1	1	0	1	1	1	1	1	1
sim.706.002	none	0	0	0	0	0	0	0	0	0	1	1	1	0	1
sim.707.002	none	0	0	0	0	0	0	0	0	0	0	1	1	1	1
sim.708.002	none	1	1	0	1	1	1	1	0	1	1	1	2	1	1
sim.709.002	none	1	1	1	1	1	0	1	1	1	2	3	3	3	3
sim.71.002	none	0	0	1	1	1	1	1	1	1	1	2	1	2	0
sim.710.002	none	0	0	0	0	0	0	0	0	0	1	1	1	1	1
sim.711.002	none	1	1	0	1	1	1	1	1	0	2	1	1	1	0
sim.712.002	none	2	3	0	1	1	1	1	1	1	0	1	1	1	1
sim.713.002	none	1	1	1	1	1	1	1	1	1	0	0	0	0	0
sim.714.002	none	0	0	0	0	0	0	0	0	0	1	1	1	2	3
sim.715.002	none	0	0	0	1	1	1	1	1	1	1	1	0	0	0
sim.716.002	none	1	2	1	0	1	1	1	1	1	1	2	2	1	1
sim.717.002	none	1	1	2	2	2	2	2	2	2	3	4	5	3	3
sim.718.002	none	0	0	0	0	0	0	0	0	0	1	2	1	1	1
sim.719.002	none	1	3	4	3	4	4	5	3	3	1	1	1	2	2
sim.72.002	none	3	0	2	2	2	2	2	2	2	0	0	2	2	3
sim.720.002	none	2	1	0	2	1	1	1	3	1	1	2	1	1	0
sim.721.002	none	0	0	0	0	0	0	0	0	0	1	1	4	2	1
sim.722.002	none	1	1	2	2	1	1	2	2	2	0	1	0	1	1
sim.723.002	none	2	2	3	4	5	3	3	4	4	0	0	0	0	0
sim.724.002	none	2	1	2	1	2	2	1	3	4	0	0	0	0	0
sim.725.002	none	0	0	1	2	1	1	1	1	1	2	3	1	0	0
sim.726.002	none	2	1	0	0	0	0	0	0	0	1	1	2	1	1
sim.727.002	none	1	1	1	3	0	0	1	1	1	1	1	1	1	0
sim.728.002	none	1	1	0	0	0	0	0	0	0	1	2	1	1	1
sim.729.002	none	1	1	0	0	0	0	0	0	0	2	1	8	7	7
sim.73.002	none	0	0	0	0	0	0	0	0	0	1	1	1	1	2
sim.730.002	none	0	0	0	0	0	0	0	0	0	2	2	1	1	3
sim.731.002	none	0	1	1	2	1	1	1	1	1	4	4	3	4	5
sim.732.002	none	1	1	0	1	1	1	1	1	1	0	1	2	2	1
sim.733.002	none	2	0	2	2	2	2	2	2	2	1	1	1	1	1
sim.734.002	none	3	2	3	1	1	1	1	2	3	4	2	2	2	1
sim.735.002	none	1	1	2	3	2	2	2	2	2	1	1	1	1	1
sim.736.002	none	0	0	0	0	0	0	0	0	0	1	1	0	1	1
sim.737.002	none	0	0	0	0	0	0	0	0	0	2	3	1	1	1
sim.738.002	none	1	0	0	1	1	1	1	1	0	0	1	2	3	3
sim.739.002	none	1	2	1	1	1	1	1	1	1	0	0	0	0	0
sim.74.002	none	0	0	0	0	0	0	0	0	0	1	0	1	1	1
sim.740.002	none	2	3	1	1	1	1	1	1	1	1	1	0	0	0
sim.741.002	none	2	3	2	1	0	0	1	1	1	0	1	1	1	1
sim.742.002	none	0	1	1	1	1	0	1	1	1	0	0	0	0	0
sim.743.002	none	0	0	0	0	0	0	0	0	0	3	5	0	0	0
sim.744.002	none	2	1	1	1	1	1	1	1	1	4	4	3	2	5
sim.745.002	none	2	2	1	3	2	2	2	2	2	5	5	0	2	2
sim.746.002	none	2	2	4	4	5	4	4	3	4	1	1	0	0	0
sim.747.002	none	1	2	1	1	1	1	1	1	1	0	0	0	0	0
sim.748.002	none	0	0	1	0	1	1	1	2	0	0	0	0	0	0
sim.749.002	none	1	1	3	0	1	1	1	1	1	0	0	0	0	0
sim.75.002	none	2	2	5	5	5	5	5	5	7	1	1	4	3	3
sim.750.002	none	2	3	2	2	1	1	1	1	1	0	0	0	0	0
sim.751.002	none	0	0	0	0	0	0	0	0	0	1	1	1	1	1
sim.752.002	none	0	0	0	0	0	0	0	0	0	5	1	0	0	0
sim.753.002	none	1	0	1	1	1	1	1	1	1	2	2	2	1	1
sim.754.002	none	0	0	0	0	0	0	0	0	0	2	5	0	0	0
sim.755.002	none	0	0	0	0	0	0	0	0	0	1	2	3	2	2
sim.756.002	none	1	1	0	1	1	1	1	1	1	1	2	1	2	1
sim.757.002	none	0	0	0	0	0	0	0	0	0	2	1	0	1	1
sim.758.002	none	0	0	1	1	1	1	1	1	1	0	1	0	0	0
sim.759.002	none	0	1	1	1	1	1	1	1	1	0	0	2	1	1
sim.76.002	none	1	1	3	2	2	2	2	2	2	2	1	4	1	2
sim.760.002	none	3	3	3	3	2	2	3	2	2	1	2	2	2	2
sim.761.002	none	1	1	0	0	1	2	1	1	1	0	0	0	0	0
sim.762.002	none	1	1	0	1	1	1	2	2	1	1	1	1	1	1
sim.763.002	none	3	3	2	0	2	2	2	1	2	0	1	1	1	1
sim.764.002	none	2	1	2	1	2	2	2	4	3	0	0	0	0	0
sim.765.002	none	1	1	1	1	1	1	1	1	1	3	1	0	1	1
sim.766.002	none	0	0	0	0	0	0	0	0	0	1	1	1	3	3
sim.767.002	none	3	2	0	0	0	0	0	0	0	0	0	1	1	1
sim.768.002	none	0	0	0	0	0	0	0	0	0	4	4	1	3	3
sim.769.002	none	0	0	0	0	0	0	0	0	0	1	0	1	1	1
sim.77.002	none	0	0	1	2	1	1	1	2	1	1	1	0	0	0
sim.770.002	none	1	1	1	1	2	3	2	0	1	0	0	3	2	2
sim.771.002	none	1	1	1	1	1	1	1	1	1	2	2	1	0	1
sim.772.002	none	3	3	2	1	4	3	2	1	2	0	0	0	0	0
sim.773.002	none	3	2	3	2	3	3	3	3	2	0	0	0	0	0
sim.774.002	none	1	1	1	2	2	2	2	2	2	0	0	0	0	0
sim.775.002	none	1	1	0	1	1	1	1	1	1	0	0	0	0	0
sim.776.002	none	0	0	0	0	0	0	0	0	0	2	2	2	1	1
sim.777.002	none	2	2	1	1	2	2	2	1	1	1	0	1	0	0
sim.778.002	none	3	3	4	2	3	4	6	3	4	0	0	0	0	0
sim.779.002	none	3	4	5	6	7	7	6	4	6	2	2	2	4	4
sim.78.002	none	1	1	1	0	0	0	0	1	1	6	5	2	1	0
sim.780.002	none	0	0	0	0	0	0	0	0	0	3	1	2	2	2
sim.781.002	none	1	2	2	1	3	2	1	3	2	0	0	1	1	1
sim.782.002	none	4	3	2	2	2	2	2	2	2	2	4	3	3	3
sim.783.002	none	1	1	0	1	1	1	1	1	1	1	1	1	1	1
sim.784.002	none	1	1	1	1	1	1	1	0	0	1	1	0	0	0
sim.785.002	none	0	0	1	1	1	1	1	1	1	0	0	0	0	0
sim.786.002	none	1	2	1	1	0	0	1	1	1	0	0	1	1	1
sim.787.002	none	3	2	1	2	2	2	2	1	1	2	3	1	2	1
sim.788.002	none	0	1	2	2	2	2	2	1	1	0	0	0	0	0
sim.789.002	none	4	2	1	2	1	1	2	3	2	2	1	1	1	1
sim.79.002	none	1	0	1	1	1	0	0	1	1	1	1	1	1	1
sim.790.002	none	1	1	1	1	1	1	1	1	1	1	1	1	2	3
sim.791.002	none	0	1	1	1	1	1	1	1	1	2	2	2	2	2
sim.792.002	none	3	5	4	3	3	3	2	2	3	0	0	0	0	0
sim.793.002	none	0	0	0	0	0	0	0	0	0	1	1	1	0	3
sim.794.002	none	1	1	1	1	2	2	1	1	1	1	0	1	2	1
sim.795.002	none	0	0	0	0	0	0	0	0	0	0	1	1	2	2
sim.796.002	none	1	1	2	2	2	2	2	2	2	1	1	2	1	1
sim.797.002	none	3	2	2	2	1	1	1	3	3	1	1	3	2	1
sim.798.002	none	0	0	0	0	0	0	0	0	0	1	1	1	1	2
sim.799.002	none	4	3	2	2	2	1	2	2	2	3	2	0	2	2
sim.8.002	none	0	1	1	0	0	0	0	2	2	0	0	0	0	0
sim.80.002	none	1	0	1	1	1	1	1	0	0	1	0	0	0	0
sim.800.002	none	2	3	3	1	0	0	0	1	1	0	0	0	0	0
sim.801.002	none	1	1	2	1	1	1	1	1	1	0	0	2	0	1
sim.802.002	none	0	0	0	0	0	0	0	0	0	1	1	1	4	3
sim.803.002	none	0	0	0	0	0	0	0	0	0	0	0	2	2	3
sim.804.002	none	2	1	1	2	1	1	1	1	2	0	0	0	0	0
sim.805.002	none	2	2	1	1	1	1	1	1	1	0	0	0	0	0
sim.806.002	none	0	1	1	1	2	1	1	0	1	0	0	0	0	0
sim.807.002	none	1	1	0	1	1	1	1	0	1	1	1	3	2	3
sim.808.002	none	0	0	0	0	0	0	0	0	0	1	1	1	2	1
sim.809.002	none	0	0	0	0	0	0	0	0	0	1	1	0	1	1
sim.81.002	none	0	0	0	0	0	0	0	0	0	1	2	1	0	1
sim.810.002	none	1	1	1	0	1	1	1	3	2	0	0	0	0	0
sim.811.002	none	1	1	1	2	1	1	1	1	1	3	1	2	3	3
sim.812.002	none	0	1	1	1	1	1	1	1	1	0	0	1	1	1
sim.813.002	none	3	2	1	1	1	1	1	0	1	1	0	1	0	1
sim.814.002	none	1	1	2	1	1	1	1	1	1	0	0	0	0	0
sim.815.002	none	3	2	1	1	1	1	1	1	1	1	1	0	1	1
sim.816.002	none	0	0	0	0	0	0	0	0	0	1	1	1	1	1
sim.817.002	none	1	0	1	2	2	1	1	1	1	1	1	0	0	0
sim.818.002	none	2	2	3	3	2	1	2	1	2	1	1	0	0	0
sim.819.002	none	2	4	2	2	2	2	2	1	1	0	1	0	1	1
sim.82.002	none	1	1	0	0	1	1	1	0	0	0	0	1	1	1
sim.820.002	none	0	0	0	0	0	0	0	0	0	1	1	3	2	4
sim.821.002	none	3	3	1	2	3	2	0	2	2	5	3	4	4	4
sim.822.002	none	0	0	0	0	0	0	0	0	0	1	1	2	1	1
sim.823.002	none	1	1	1	1	2	2	2	1	1	2	3	3	1	1
sim.824.002	none	0	0	1	1	1	1	1	1	1	2	2	0	0	0
sim.825.002	none	2	2	2	0	1	1	1	2	2	0	0	2	2	2
sim.826.002	none	2	1	0	0	0	0	0	0	0	0	0	1	1	1
sim.827.002	none	1	1	1	1	1	1	1	1	2	0	0	0	0	0
sim.828.002	none	2	1	0	1	0	0	1	2	2	0	0	0	0	0
sim.829.002	none	2	1	5	1	4	4	5	3	3	1	1	0	0	0
sim.83.002	none	0	0	0	0	0	0	0	0	0	1	1	1	2	1
sim.830.002	none	1	1	2	3	2	2	1	1	1	1	1	1	0	0
sim.831.002	none	1	1	1	1	1	1	1	1	1	0	0	1	0	0
sim.832.002	none	0	0	0	0	0	0	0	0	0	0	1	1	1	1
sim.833.002	none	1	1	1	1	1	1	1	1	1	1	1	2	2	3
sim.834.002	none	3	2	2	3	3	3	3	3	2	1	1	1	1	1
sim.835.002	none	1	2	1	1	3	3	2	1	2	0	0	0	0	0
sim.836.002	none	4	3	3	3	3	3	3	2	2	0	0	1	1	1
sim.837.002	none	1	1	2	1	2	2	2	1	1	0	2	1	1	1
sim.838.002	none	1	1	2	1	1	1	1	1	1	0	0	0	0	0
sim.839.002	none	3	3	3	2	3	3	3	5	6	2	2	1	3	2
sim.84.002	none	2	2	4	4	3	5	4	5	5	1	1	2	2	2
sim.840.002	none	0	0	0	0	0	0	0	0	0	1	1	1	2	2
sim.841.002	none	2	2	0	0	1	1	1	1	1	0	1	1	1	1
sim.842.002	none	1	2	1	1	1	1	1	1	1	2	1	1	0	0
sim.843.002	none	0	0	0	0	0	0	0	0	0	1	2	2	2	2
sim.844.002	none	1	1	1	1	1	1	1	1	2	1	1	3	1	2
sim.845.002	none	1	0	1	1	1	1	1	1	1	0	0	0	0	0
sim.846.002	none	1	2	1	2	2	2	2	3	3	0	0	0	0	0
sim.847.002	none	1	2	2	2	2	2	1	3	3	1	2	1	2	3
sim.848.002	none	1	2	2	4	3	3	5	4	3	1	1	1	1	1
sim.849.002	none	2	3	2	3	2	2	2	1	1	0	0	0	0	0
sim.85.002	none	1	1	1	1	1	1	2	0	1	0	0	0	0	0
sim.850.002	none	2	2	2	2	2	2	3	2	1	1	1	1	1	1
sim.851.002	none	2	2	2	2	2	3	2	7	3	0	0	0	0	0
sim.852.002	none	1	1	0	1	1	1	2	3	2	2	1	1	4	3
sim.853.002	none	0	0	0	0	0	0	0	0	0	2	2	2	1	2
sim.854.002	none	1	0	1	1	1	1	1	1	1	1	1	1	1	1
sim.855.002	none	1	1	1	1	1	1	1	1	1	2	1	1	2	3
sim.856.002	none	1	1	2	0	1	1	0	2	1	1	1	2	2	1
sim.857.002	none	1	2	1	1	2	1	1	1	2	1	2	2	1	1
sim.858.002	none	0	0	0	0	0	0	0	0	0	1	1	1	1	1
sim.859.002	none	0	0	0	0	0	0	0	0	0	1	3	1	0	0
sim.86.002	none	0	0	0	0	0	0	0	0	0	1	1	0	1	1
sim.860.002	none	1	1	0	0	0	0	0	0	0	0	1	1	1	1
sim.861.002	none	0	0	1	1	1	1	1	1	1	1	1	0	0	0
sim.862.002	none	2	2	4	2	2	2	3	3	2	0	0	0	0	0
sim.863.002	none	1	2	1	1	1	1	1	1	1	1	1	1	1	1
sim.864.002	none	0	0	0	0	0	0	0	0	0	1	1	2	3	2
sim.865.002	none	0	0	0	0	0	0	0	0	0	1	1	2	1	1
sim.866.002	none	1	1	1	1	1	1	1	1	0	1	2	2	0	0
sim.867.002	none	3	3	2	1	1	1	1	1	0	3	2	4	3	4
sim.868.002	none	1	1	1	1	1	2	1	1	1	0	0	0	0	0
sim.869.002	none	3	3	2	2	2	2	2	2	1	0	1	1	1	1
sim.87.002	none	1	1	3	3	3	3	3	1	0	0	2	3	3	5
sim.870.002	none	0	0	0	0	0	0	0	0	0	2	1	2	2	1
sim.871.002	none	1	2	1	1	1	0	0	1	0	1	1	1	1	1
sim.872.002	none	1	1	1	1	1	1	1	0	1	1	1	2	1	1
sim.873.002	none	2	3	2	1	1	1	1	2	2	0	0	0	0	0
sim.874.002	none	0	0	0	0	0	0	0	0	0	1	0	1	2	1
sim.875.002	none	1	2	1	2	1	1	1	1	1	0	0	0	0	0
sim.876.002	none	1	1	1	2	1	1	1	1	1	0	0	0	0	0
sim.877.002	none	3	2	2	2	1	1	2	1	1	2	2	1	1	1
sim.878.002	none	0	0	0	0	0	0	0	0	0	0	0	2	2	2
sim.879.002	none	1	1	3	1	1	1	1	2	2	1	3	2	1	3
sim.88.002	none	0	0	0	0	0	0	0	0	0	2	1	1	1	1
sim.880.002	none	2	1	1	1	1	1	1	1	1	0	0	0	0	0
sim.881.002	none	0	1	1	1	1	1	1	1	1	1	1	1	1	1
sim.882.002	none	0	0	0	0	0	0	0	0	0	2	1	4	7	4
sim.883.002	none	0	0	0	0	0	0	0	0	0	1	1	1	2	1
sim.884.002	none	4	1	3	2	3	3	4	5	4	1	1	1	1	0
sim.885.002	none	0	1	2	1	1	1	1	2	1	0	0	0	0	0
sim.886.002	none	6	6	8	6	6	8	5	7	4	0	0	0	0	0
sim.887.002	none	0	0	0	0	0	0	0	0	0	1	1	2	1	4
sim.888.002	none	2	2	0	2	1	1	0	0	0	1	1	1	2	2
sim.889.002	none	3	4	1	1	1	1	1	1	1	1	1	3	2	2
sim.89.002	none	1	2	1	1	1	1	1	1	1	1	1	1	1	1
sim.890.002	none	3	3	1	1	1	1	1	1	1	0	0	0	0	0
sim.891.002	none	1	1	2	1	2	1	2	1	0	1	4	1	2	2
sim.892.002	none	1	2	1	1	1	1	1	1	1	1	2	4	4	4
sim.893.002	none	0	0	0	0	0	0	0	0	0	1	1	1	1	1
sim.894.002	none	1	1	1	1	1	1	1	1	1	1	1	1	0	1
sim.895.002	none	1	1	2	1	2	1	1	1	1	3	3	2	1	3
sim.896.002	none	0	0	0	0	0	0	0	0	0	1	1	2	1	1
sim.897.002	none	0	0	1	2	3	3	3	3	3	0	0	0	0	0
sim.898.002	none	2	2	2	2	2	2	2	2	3	1	1	1	1	1
sim.899.002	none	1	2	1	1	1	1	2	1	1	1	0	1	2	1
sim.9.002	none	2	1	3	4	3	3	3	2	2	0	0	3	2	2
sim.90.002	none	4	3	2	2	1	1	2	2	2	1	1	2	3	2
sim.900.002	none	1	1	0	2	1	1	2	1	1	0	0	0	0	0
sim.901.002	none	4	1	3	3	4	4	4	3	4	0	0	0	0	0
sim.902.002	none	0	0	0	0	0	0	0	0	0	1	1	1	0	1
sim.903.002	none	1	0	1	1	1	1	1	1	1	2	2	2	1	1
sim.904.002	none	0	0	1	1	2	1	1	1	1	1	1	0	0	0
sim.905.002	none	2	4	1	1	1	1	1	0	1	1	1	1	1	0
sim.906.002	none	0	1	1	2	2	2	2	2	2	1	1	0	0	0
sim.907.002	none	2	0	1	1	1	1	1	0	0	1	1	2	1	1
sim.908.002	none	1	1	1	1	1	1	1	1	1	0	0	0	0	0
sim.909.002	none	2	2	1	2	2	3	2	2	3	0	0	1	1	1
sim.91.002	none	2	2	2	1	2	2	2	2	2	0	0	0	0	0
sim.910.002	none	2	2	1	2	3	3	3	3	3	0	0	0	0	0
sim.911.002	none	1	1	0	0	0	0	0	0	0	2	1	2	2	2
sim.912.002	none	6	5	3	6	3	3	3	2	2	1	1	2	3	4
sim.913.002	none	0	0	0	0	0	0	0	0	0	2	2	1	1	1
sim.914.002	none	0	0	0	0	0	0	0	0	0	2	1	2	3	4
sim.915.002	none	3	1	1	3	2	3	1	1	0	2	3	1	1	1
sim.916.002	none	2	2	1	1	1	1	2	1	1	1	1	1	1	1
sim.917.002	none	1	0	1	1	2	2	1	1	1	2	1	2	1	1
sim.918.002	none	1	0	0	1	2	2	2	1	1	1	1	2	1	1
sim.919.002	none	2	2	2	2	2	2	2	2	2	0	2	1	4	2
sim.92.002	none	0	0	0	0	0	0	0	0	0	1	3	2	0	1
sim.920.002	none	4	2	3	2	3	3	3	3	6	0	0	0	0	0
sim.921.002	none	1	1	1	1	1	1	1	2	2	1	1	0	1	1
sim.922.002	none	1	2	3	3	3	4	3	2	2	2	2	2	2	2
sim.923.002	none	1	1	3	1	1	1	1	3	2	0	0	0	0	0
sim.924.002	none	2	3	3	3	2	2	3	3	3	0	0	0	0	0
sim.925.002	none	1	1	1	1	1	1	1	1	2	2	1	0	0	0
sim.926.002	none	1	1	2	2	3	6	2	1	2	0	2	0	1	1
sim.927.002	none	1	1	1	1	1	1	0	1	1	1	1	2	1	1
sim.928.002	none	1	1	0	1	1	1	1	0	1	0	0	0	0	0
sim.929.002	none	2	2	2	2	1	1	1	2	2	2	1	4	1	1
sim.93.002	none	0	0	0	0	0	0	0	0	0	1	0	1	1	1
sim.930.002	none	2	3	1	2	1	2	3	1	2	0	0	0	0	0
sim.931.002	none	1	1	1	1	1	1	1	1	1	1	1	1	0	0
sim.932.002	none	0	1	1	2	1	1	1	2	1	2	3	4	2	1
sim.933.002	none	1	1	2	1	1	1	1	1	1	1	2	1	1	1
sim.934.002	none	2	2	3	1	1	1	1	0	1	0	1	2	1	1
sim.935.002	none	1	1	1	3	2	2	2	2	1	2	1	1	1	1
sim.936.002	none	1	1	2	2	2	2	2	2	3	2	2	0	0	0
sim.937.002	none	3	1	0	1	1	1	1	1	1	3	2	2	1	1
sim.938.002	none	2	2	0	0	0	0	0	0	0	1	1	1	0	0
sim.939.002	none	1	1	1	1	1	1	1	2	2	0	0	0	0	0
sim.94.002	none	1	3	1	1	1	1	1	1	1	1	2	3	1	0
sim.940.002	none	1	1	0	0	1	1	1	1	1	3	2	2	1	1
sim.941.002	none	0	0	0	0	0	0	0	0	0	2	2	1	1	1
sim.942.002	none	1	1	0	1	1	1	1	1	0	2	2	2	4	2
sim.943.002	none	1	0	1	1	1	1	1	1	1	1	1	0	1	1
sim.944.002	none	4	5	2	2	2	2	2	1	1	0	0	0	0	0
sim.945.002	none	1	1	1	1	1	1	1	1	0	1	1	0	0	0
sim.946.002	none	1	1	1	0	2	2	2	2	1	1	1	3	2	4
sim.947.002	none	5	5	3	5	5	5	6	5	5	0	1	1	1	1
sim.948.002	none	0	0	1	1	2	1	1	1	1	0	0	0	0	0
sim.949.002	none	2	2	1	1	1	0	1	1	0	2	1	1	1	0
sim.95.002	none	0	1	1	1	1	1	1	1	1	3	2	5	2	2
sim.950.002	none	0	0	0	0	0	0	0	0	0	1	1	1	1	1
sim.951.002	none	0	0	1	1	1	1	1	2	2	1	0	3	4	3
sim.952.002	none	1	2	1	1	0	1	1	1	1	0	0	0	0	0
sim.953.002	none	1	1	1	1	1	1	1	1	1	0	1	2	3	3
sim.954.002	none	1	1	2	1	3	1	1	1	2	2	1	1	0	1
sim.955.002	none	1	1	1	1	1	1	1	1	1	0	0	0	0	0
sim.956.002	none	1	1	1	1	1	1	1	0	0	0	1	1	2	2
sim.957.002	none	3	3	3	2	2	2	2	4	3	1	3	2	2	3
sim.958.002	none	0	0	0	0	0	0	0	0	0	2	1	0	2	2
sim.959.002	none	1	1	0	2	1	2	1	0	0	1	2	1	3	3
sim.96.002	none	2	2	2	2	2	2	2	0	1	1	1	0	0	0
sim.960.002	none	1	1	1	1	1	1	2	1	0	2	1	1	1	2
sim.961.002	none	0	0	0	0	0	0	0	0	0	2	1	1	1	1
sim.962.002	none	2	2	2	2	2	2	2	2	2	3	3	1	3	4
sim.963.002	none	3	4	3	3	3	3	5	3	2	1	0	1	1	1
sim.964.002	none	1	1	1	2	2	2	1	1	1	0	0	0	0	0
sim.965.002	none	2	2	2	1	2	2	2	3	3	0	0	0	0	0
sim.966.002	none	0	1	1	1	1	1	1	1	1	1	1	1	1	0
sim.967.002	none	1	1	1	1	1	1	1	2	2	1	1	1	1	1
sim.968.002	none	4	3	3	5	4	3	4	4	5	2	2	0	1	1
sim.969.002	none	2	1	2	2	2	2	2	1	2	1	1	1	1	1
sim.97.002	none	0	0	0	0	0	0	0	0	0	5	6	0	0	0
sim.970.002	none	1	1	2	2	0	0	0	1	1	0	0	0	0	0
sim.971.002	none	2	2	3	2	3	4	2	3	3	2	1	2	2	1
sim.972.002	none	1	1	1	1	0	0	0	0	0	0	0	1	0	1
sim.973.002	none	0	0	0	0	0	0	0	0	0	0	0	2	3	4
sim.974.002	none	0	1	4	2	2	2	3	3	3	0	0	0	0	0
sim.975.002	none	1	1	1	0	1	1	1	1	1	0	0	0	0	0
sim.976.002	none	2	2	4	4	4	4	6	4	5	2	2	0	0	0
sim.977.002	none	1	1	1	0	1	1	0	1	1	0	0	0	0	0
sim.978.002	none	1	1	1	1	1	1	1	0	1	2	2	3	1	0
sim.979.002	none	1	1	1	1	2	2	1	1	1	1	2	2	2	2
sim.98.002	none	1	1	0	0	1	1	1	1	1	2	3	2	2	2
sim.980.002	none	1	0	1	1	1	1	1	1	1	2	1	1	1	1
sim.981.002	none	1	1	1	1	1	1	1	1	1	1	1	0	1	1
sim.982.002	none	1	1	1	1	2	1	1	1	1	1	1	0	1	1
sim.983.002	none	3	3	2	1	2	2	2	2	2	0	0	0	0	0
sim.984.002	none	0	2	1	1	1	1	1	1	1	0	0	0	0	0
sim.985.002	none	2	2	3	4	4	5	4	2	2	0	0	0	0	0
sim.986.002	none	0	1	1	1	1	1	0	1	1	2	1	1	1	1
sim.987.002	none	0	0	0	0	0	0	0	0	0	1	1	1	0	1
sim.988.002	none	0	0	1	1	1	1	1	1	1	2	1	3	2	3
sim.989.002	none	0	0	0	0	0	0	0	0	0	2	3	1	1	1
sim.99.002	none	1	1	1	0	1	1	1	1	1	1	2	0	0	0
sim.990.002	none	1	2	1	0	1	1	0	1	1	0	0	3	2	2
sim.991.002	none	1	1	2	1	2	2	2	1	0	2	4	1	1	1
sim.992.002	none	1	1	0	0	0	0	0	0	0	1	1	1	1	1
sim.993.002	none	1	1	1	1	2	2	1	1	1	0	0	0	0	0
sim.994.002	none	2	3	4	4	4	3	3	3	4	3	3	2	1	2
sim.995.002	none	1	1	1	1	1	1	1	1	1	0	1	0	0	0
sim.996.002	none	1	1	1	1	1	1	1	1	1	2	0	0	0	1
sim.997.002	none	2	1	0	0	0	0	0	0	0	1	0	3	3	2
sim.998.002	none	7	4	7	3	4	4	5	5	4	1	1	2	3	2
sim.999.002	none	0	0	1	1	1	1	1	1	0	0	0	0	0	0
