OGS	desc	musDom	gloMor	droWil	droPse	droYak	droMel	droAna	droVir	droMoj	culQui	aedAeg	anoDar	anoSte	anoGam
sim.0.007	none	2	5	1	3	1	1	1	1	0	0	0	0	0	0
sim.1.007	none	5	6	11	10	9	10	9	14	14	0	0	0	3	3
sim.10.007	none	0	0	0	0	0	0	0	0	0	3	3	0	0	0
sim.100.007	none	0	0	0	0	0	0	0	0	0	3	2	0	0	0
sim.101.007	none	1	1	2	2	2	2	1	3	4	0	0	0	3	0
sim.102.007	none	0	0	0	0	0	0	0	0	0	2	2	2	3	2
sim.103.007	none	6	9	15	11	17	17	13	11	7	0	0	0	0	0
sim.104.007	none	0	0	0	0	0	0	0	0	0	0	2	3	3	2
sim.105.007	none	3	4	4	3	1	2	3	2	2	2	0	0	0	1
sim.106.007	none	0	0	0	0	0	0	0	0	0	1	1	5	1	1
sim.107.007	none	0	0	0	0	0	0	0	0	0	3	3	4	4	6
sim.108.007	none	3	4	3	4	4	4	2	4	2	0	0	0	0	0
sim.109.007	none	10	11	6	11	7	7	4	8	8	0	0	0	0	0
sim.11.007	none	1	1	1	1	1	1	0	2	0	0	0	2	2	1
sim.110.007	none	4	2	2	0	1	1	1	1	1	0	0	0	0	0
sim.111.007	none	5	6	3	1	0	0	0	0	0	3	3	2	1	1
sim.112.007	none	0	0	0	0	0	0	0	0	0	0	0	1	2	1
sim.113.007	none	0	0	0	0	0	0	0	0	0	1	2	3	1	2
sim.114.007	none	0	0	0	0	0	0	0	0	0	3	3	3	4	4
sim.115.007	none	3	3	2	1	2	2	4	4	2	0	0	1	2	3
sim.116.007	none	0	0	2	1	1	1	1	0	1	0	0	0	0	0
sim.117.007	none	1	1	1	3	0	0	0	2	1	1	1	0	0	0
sim.118.007	none	0	0	0	0	0	0	0	0	0	9	7	2	1	0
sim.119.007	none	5	3	5	4	6	7	5	8	8	0	0	2	3	3
sim.12.007	none	0	0	0	0	0	0	0	0	0	1	1	2	1	1
sim.120.007	none	0	0	0	0	0	0	0	0	0	3	2	3	7	5
sim.121.007	none	6	10	7	14	10	11	9	13	12	0	0	0	0	0
sim.122.007	none	5	7	2	2	4	2	3	2	1	0	0	0	0	0
sim.123.007	none	1	0	0	0	0	0	0	0	0	4	3	0	2	1
sim.124.007	none	0	1	2	1	1	1	1	0	0	1	0	3	3	4
sim.125.007	none	0	0	0	0	0	0	0	0	0	6	7	0	0	0
sim.126.007	none	3	2	6	5	6	8	4	3	3	5	3	0	0	0
sim.127.007	none	3	3	6	7	2	2	2	5	4	1	3	1	2	2
sim.128.007	none	0	0	0	0	0	0	0	0	0	2	2	1	1	2
sim.129.007	none	0	1	1	2	1	1	4	1	1	0	0	0	0	0
sim.13.007	none	2	1	2	2	1	2	2	1	2	0	0	0	0	0
sim.130.007	none	0	0	0	0	0	0	0	0	0	1	3	0	0	0
sim.131.007	none	2	1	1	0	1	1	1	2	3	0	0	0	0	0
sim.132.007	none	5	3	5	1	2	2	1	3	2	0	0	0	0	0
sim.133.007	none	6	3	7	7	3	3	3	3	4	0	0	0	0	0
sim.134.007	none	0	0	0	0	0	0	0	0	0	0	0	1	4	2
sim.135.007	none	0	0	0	2	2	1	1	1	2	0	0	6	1	0
sim.136.007	none	0	0	0	0	0	0	0	0	0	0	0	1	2	5
sim.137.007	none	0	0	0	0	0	0	0	0	0	3	4	0	3	3
sim.138.007	none	0	0	1	1	1	2	1	0	0	0	0	0	0	0
sim.139.007	none	1	0	0	0	0	0	0	0	0	6	2	1	2	3
sim.14.007	none	10	7	7	13	11	11	12	16	14	0	0	0	0	0
sim.140.007	none	0	0	0	0	0	0	0	0	0	7	4	8	6	5
sim.141.007	none	0	0	0	0	0	0	0	0	0	1	1	3	4	3
sim.142.007	none	0	0	0	0	0	0	0	0	0	4	4	0	0	0
sim.143.007	none	3	3	2	3	1	1	1	6	1	1	1	0	1	3
sim.144.007	none	7	3	1	0	0	0	0	0	0	0	0	0	0	0
sim.145.007	none	5	7	1	3	2	2	4	1	3	2	1	1	1	0
sim.146.007	none	0	0	0	0	0	0	0	0	0	0	2	3	0	1
sim.147.007	none	10	8	5	8	8	4	5	6	5	0	0	0	0	0
sim.148.007	none	0	0	0	0	0	0	0	0	0	1	2	1	0	0
sim.149.007	none	1	2	2	3	1	1	1	5	3	6	3	0	0	0
sim.15.007	none	5	1	3	2	3	4	3	1	3	0	0	0	0	0
sim.150.007	none	1	4	1	1	1	1	2	1	0	0	0	0	0	0
sim.151.007	none	4	0	1	0	1	1	1	1	1	0	0	0	0	0
sim.152.007	none	0	0	0	0	0	0	0	0	0	3	2	3	2	2
sim.153.007	none	0	0	0	0	0	0	0	0	0	2	1	1	1	1
sim.154.007	none	5	6	3	6	6	5	4	3	2	4	1	6	5	7
sim.155.007	none	0	0	2	7	4	4	2	5	3	0	0	0	0	0
sim.156.007	none	13	6	3	7	6	6	5	4	6	0	0	0	0	0
sim.157.007	none	0	3	0	1	2	2	0	0	0	0	1	0	0	0
sim.158.007	none	0	0	0	0	0	0	0	0	0	5	3	0	3	2
sim.159.007	none	0	0	0	0	0	0	0	0	0	2	2	5	2	4
sim.16.007	none	0	0	0	0	0	0	0	0	0	2	1	1	2	2
sim.160.007	none	1	3	1	0	2	1	1	3	3	5	2	6	7	7
sim.161.007	none	0	0	0	0	0	0	0	0	0	2	0	1	3	3
sim.162.007	none	2	1	3	1	1	1	0	2	3	1	0	2	2	2
sim.163.007	none	3	1	3	3	6	7	6	4	6	0	5	3	2	3
sim.164.007	none	0	0	0	0	0	0	0	0	0	2	2	0	0	0
sim.165.007	none	2	4	5	3	1	1	1	1	2	5	1	0	0	0
sim.166.007	none	6	4	6	5	5	7	6	6	7	2	0	3	2	2
sim.167.007	none	0	0	0	0	0	0	0	0	0	4	1	1	2	1
sim.168.007	none	1	3	3	2	3	2	2	1	3	0	0	0	0	0
sim.169.007	none	6	6	7	5	10	5	4	5	5	0	0	0	0	0
sim.17.007	none	0	0	0	0	0	0	0	0	0	3	1	2	1	2
sim.170.007	none	3	0	1	5	1	1	2	2	2	0	0	0	0	0
sim.171.007	none	4	3	1	2	2	1	2	3	1	0	0	0	0	0
sim.172.007	none	3	3	2	1	1	1	1	1	2	0	0	0	0	0
sim.173.007	none	1	1	2	2	3	3	2	5	3	0	0	0	0	0
sim.174.007	none	1	3	3	5	3	3	1	2	2	0	0	0	2	1
sim.175.007	none	0	0	0	0	0	0	0	0	0	0	2	1	1	0
sim.176.007	none	2	2	1	1	1	1	0	2	1	4	1	7	8	6
sim.177.007	none	0	2	0	0	2	0	1	1	2	0	0	3	6	8
sim.178.007	none	2	2	1	1	1	1	2	1	1	5	3	2	1	1
sim.179.007	none	0	0	0	0	0	0	0	0	0	1	2	2	2	2
sim.18.007	none	0	0	0	0	0	0	0	0	0	7	2	1	5	4
sim.180.007	none	7	3	7	6	4	5	9	7	4	0	0	0	0	0
sim.181.007	none	0	0	0	0	0	0	0	0	0	6	2	8	5	4
sim.182.007	none	0	0	0	0	0	0	0	0	0	5	4	6	10	9
sim.183.007	none	0	0	0	0	0	0	0	0	0	4	7	5	2	4
sim.184.007	none	0	0	0	0	0	0	0	0	0	7	5	2	1	2
sim.185.007	none	6	4	6	4	4	7	4	6	5	1	1	0	1	1
sim.186.007	none	0	0	0	0	0	0	0	0	0	7	7	2	4	3
sim.187.007	none	5	4	4	2	1	1	1	3	3	0	0	0	0	0
sim.188.007	none	0	0	0	2	1	1	1	2	1	0	0	0	0	0
sim.189.007	none	1	1	2	0	1	1	1	0	0	0	0	0	0	0
sim.19.007	none	8	3	3	1	4	3	4	1	2	2	0	1	3	3
sim.190.007	none	2	3	0	1	2	2	1	1	1	2	0	0	0	0
sim.191.007	none	0	0	0	0	0	0	0	0	0	2	0	1	2	1
sim.192.007	none	0	0	0	0	0	0	0	0	0	1	1	2	3	5
sim.193.007	none	2	0	0	5	2	2	3	2	1	3	2	0	0	0
sim.194.007	none	2	1	4	5	5	5	5	5	6	2	5	2	8	5
sim.195.007	none	0	0	0	0	0	0	0	0	0	2	3	3	5	2
sim.196.007	none	6	1	5	8	5	4	4	8	4	1	3	0	0	0
sim.197.007	none	0	0	0	0	0	0	0	0	0	6	6	0	2	3
sim.198.007	none	0	0	0	0	0	0	0	0	0	10	12	3	1	3
sim.199.007	none	0	0	0	0	0	0	0	0	0	1	3	0	0	0
sim.2.007	none	2	1	2	2	2	1	3	3	2	0	0	0	0	0
sim.20.007	none	0	1	3	0	0	0	0	2	1	2	5	3	0	0
sim.200.007	none	0	0	0	0	0	0	0	0	0	6	2	0	0	0
sim.201.007	none	2	2	0	0	0	0	0	1	1	0	0	0	0	0
sim.202.007	none	3	4	2	3	3	4	2	5	4	10	14	1	2	0
sim.203.007	none	1	0	1	1	1	2	1	1	1	0	0	0	2	2
sim.204.007	none	1	1	0	0	0	0	0	1	1	0	0	0	0	0
sim.205.007	none	0	0	0	0	0	0	0	0	0	1	0	2	1	0
sim.206.007	none	0	0	0	0	0	0	0	0	0	2	2	2	0	1
sim.207.007	none	1	2	1	6	5	5	6	5	4	1	1	3	2	2
sim.208.007	none	2	2	0	0	0	0	1	1	4	0	0	0	0	0
sim.209.007	none	2	1	1	1	1	2	2	2	1	0	2	0	2	1
sim.21.007	none	2	2	2	2	4	2	1	2	3	0	0	0	0	0
sim.210.007	none	2	5	1	2	2	2	4	0	0	2	3	2	2	5
sim.211.007	none	0	0	0	0	0	0	0	0	0	4	4	0	0	0
sim.212.007	none	0	0	0	0	0	0	0	0	0	0	0	1	2	2
sim.213.007	none	2	1	1	1	1	1	1	0	0	1	1	1	7	6
sim.214.007	none	0	0	0	0	0	0	0	0	0	0	0	1	2	3
sim.215.007	none	0	1	1	1	2	3	1	0	1	0	0	0	0	0
sim.216.007	none	1	0	2	0	0	0	0	0	0	1	2	4	5	4
sim.217.007	none	1	3	0	0	0	0	0	0	0	1	1	5	10	8
sim.218.007	none	0	0	0	0	0	0	0	0	0	0	1	1	1	2
sim.219.007	none	1	1	1	0	1	1	1	2	5	0	0	0	0	0
sim.22.007	none	0	0	0	0	0	0	0	0	0	1	0	5	5	4
sim.220.007	none	0	0	0	0	0	0	0	0	0	6	5	2	1	0
sim.221.007	none	0	0	0	0	0	0	0	0	0	2	0	0	3	3
sim.222.007	none	0	0	2	2	2	3	1	0	0	0	0	0	0	0
sim.223.007	none	0	0	0	0	0	0	0	0	0	1	0	5	3	6
sim.224.007	none	1	2	4	0	0	0	1	2	0	0	0	0	0	0
sim.225.007	none	17	13	16	24	14	12	17	13	15	0	0	0	0	0
sim.226.007	none	2	2	4	2	5	5	4	2	2	2	1	0	1	2
sim.227.007	none	0	0	0	0	0	0	0	0	0	7	2	12	16	13
sim.228.007	none	0	0	4	2	3	4	4	1	1	1	4	0	0	0
sim.229.007	none	11	12	8	6	9	7	7	3	1	0	0	0	0	0
sim.23.007	none	0	0	1	1	1	2	1	1	2	0	2	1	2	1
sim.230.007	none	1	2	5	8	9	10	11	2	1	3	2	1	2	1
sim.231.007	none	0	0	0	0	0	0	0	0	0	2	0	0	0	2
sim.232.007	none	4	4	1	0	2	2	1	2	2	5	4	0	0	0
sim.233.007	none	0	0	0	0	0	0	0	0	0	2	2	1	1	4
sim.234.007	none	2	4	3	4	1	2	3	8	7	0	0	0	0	0
sim.235.007	none	0	0	0	0	0	0	0	0	0	0	0	2	1	2
sim.236.007	none	0	0	0	0	0	0	0	0	0	0	0	0	1	3
sim.237.007	none	0	0	0	0	0	0	0	0	0	1	5	5	3	3
sim.238.007	none	0	3	4	3	2	2	2	3	1	3	0	6	2	3
sim.239.007	none	2	2	3	0	1	1	1	0	0	0	0	0	0	0
sim.24.007	none	4	3	3	3	4	5	3	3	3	0	0	0	1	0
sim.240.007	none	0	0	0	0	0	0	0	0	0	8	2	4	4	2
sim.241.007	none	0	0	0	0	0	0	0	0	0	1	7	3	2	4
sim.242.007	none	12	8	16	8	10	12	9	19	25	2	3	0	0	0
sim.243.007	none	9	8	8	8	11	10	8	4	5	0	0	0	0	0
sim.244.007	none	1	1	1	3	2	2	1	1	2	0	0	0	0	0
sim.245.007	none	1	1	1	1	1	1	0	3	2	0	0	0	0	0
sim.246.007	none	0	0	1	0	0	0	0	1	1	1	4	4	3	3
sim.247.007	none	3	5	4	4	2	5	4	4	0	2	8	13	11	11
sim.248.007	none	2	3	4	2	4	2	3	4	4	1	3	0	0	0
sim.249.007	none	3	5	1	3	4	4	3	4	3	2	2	0	1	1
sim.25.007	none	0	0	0	0	0	0	0	0	0	5	0	1	1	5
sim.250.007	none	0	0	0	0	0	0	0	0	0	4	9	1	2	1
sim.251.007	none	1	4	1	2	2	3	1	2	1	0	1	0	3	0
sim.252.007	none	0	0	0	0	0	0	0	0	0	6	7	4	5	8
sim.253.007	none	1	1	0	0	0	0	0	1	1	0	0	0	0	0
sim.254.007	none	0	0	1	1	1	1	0	2	2	0	0	0	0	0
sim.255.007	none	0	0	1	1	1	1	1	2	2	0	0	0	0	0
sim.256.007	none	0	0	0	0	0	0	0	0	0	0	0	4	2	1
sim.257.007	none	1	1	1	2	2	1	3	1	4	6	4	2	2	2
sim.258.007	none	2	2	6	3	3	1	4	7	7	1	2	4	2	2
sim.259.007	none	4	2	10	7	7	9	6	13	6	0	0	0	0	0
sim.26.007	none	0	0	1	0	0	0	0	1	1	3	4	2	3	2
sim.260.007	none	1	0	4	7	2	1	2	2	2	0	0	0	0	0
sim.261.007	none	1	1	1	5	3	4	2	1	1	0	0	0	0	0
sim.262.007	none	0	0	0	0	0	0	0	0	0	1	0	3	2	4
sim.263.007	none	0	0	0	0	0	0	0	0	0	0	0	2	2	2
sim.264.007	none	7	7	10	9	10	10	7	13	12	0	0	0	0	0
sim.265.007	none	1	2	1	2	2	2	1	4	3	2	1	4	7	8
sim.266.007	none	0	0	0	0	0	0	0	0	0	1	0	2	2	3
sim.267.007	none	0	0	0	0	0	0	0	0	0	1	1	1	1	0
sim.268.007	none	0	0	0	0	0	0	0	0	0	5	5	5	3	6
sim.269.007	none	0	0	0	0	0	0	0	0	0	3	6	1	1	3
sim.27.007	none	1	0	1	1	2	3	3	1	2	0	2	2	0	0
sim.270.007	none	4	5	3	4	4	4	4	5	4	1	1	0	0	0
sim.271.007	none	2	1	3	3	2	2	5	2	3	0	0	0	0	0
sim.272.007	none	0	0	0	0	0	0	0	0	0	6	5	1	2	1
sim.273.007	none	8	5	3	2	2	2	3	2	1	1	1	0	0	0
sim.274.007	none	0	0	0	0	0	0	0	0	0	2	1	8	6	3
sim.275.007	none	0	0	0	0	0	0	0	0	0	0	4	0	0	0
sim.276.007	none	0	0	0	0	0	0	0	0	0	0	0	3	4	3
sim.277.007	none	2	3	1	2	2	1	1	2	5	2	1	0	0	0
sim.278.007	none	0	0	0	0	0	0	0	0	0	7	11	2	4	4
sim.279.007	none	2	3	1	0	0	0	0	2	2	2	2	0	0	0
sim.28.007	none	1	1	2	1	1	1	2	2	1	0	0	0	0	0
sim.280.007	none	0	0	4	5	3	3	0	5	3	0	0	0	0	0
sim.281.007	none	0	0	0	0	0	0	0	0	0	6	4	2	2	1
sim.282.007	none	1	0	4	6	4	5	4	4	4	0	0	0	0	0
sim.283.007	none	0	0	0	0	0	0	0	0	0	3	1	6	2	2
sim.284.007	none	0	0	0	0	0	0	0	0	0	7	4	6	9	9
sim.285.007	none	3	0	1	1	2	2	3	2	3	0	0	0	0	0
sim.286.007	none	3	3	2	2	3	5	1	0	2	1	1	1	1	1
sim.287.007	none	1	1	1	2	3	3	4	0	3	0	0	0	0	0
sim.288.007	none	2	5	3	2	3	3	2	8	9	0	0	0	0	0
sim.289.007	none	0	0	0	0	0	0	0	0	0	0	0	3	1	1
sim.29.007	none	7	4	3	3	3	3	2	4	5	0	0	0	0	0
sim.290.007	none	0	0	3	1	1	1	1	3	2	0	0	0	0	0
sim.291.007	none	6	0	2	2	2	2	1	2	2	0	0	0	0	0
sim.292.007	none	0	0	0	0	0	0	0	0	0	2	2	3	0	0
sim.293.007	none	0	0	0	0	0	0	0	0	0	1	4	0	0	0
sim.294.007	none	1	1	1	3	1	2	1	3	2	1	3	0	0	0
sim.295.007	none	0	0	0	0	0	0	0	0	0	0	0	0	2	2
sim.296.007	none	4	5	2	3	3	1	3	2	1	1	0	5	5	3
sim.297.007	none	0	0	0	0	0	0	0	0	0	6	5	1	1	2
sim.298.007	none	0	0	0	0	0	0	0	0	0	2	2	7	4	5
sim.299.007	none	0	0	0	1	1	0	0	1	1	0	3	5	2	1
sim.3.007	none	2	1	0	0	1	1	4	0	1	0	0	0	0	0
sim.30.007	none	0	0	0	0	0	0	0	0	0	3	4	1	3	4
sim.300.007	none	0	0	0	3	1	0	2	2	2	0	0	1	1	1
sim.301.007	none	1	3	0	0	0	0	0	0	0	0	0	0	0	0
sim.302.007	none	6	1	0	0	0	0	0	0	0	3	2	3	4	2
sim.303.007	none	2	3	9	17	11	13	10	6	7	0	0	0	4	3
sim.304.007	none	0	0	0	0	0	0	0	0	0	1	0	4	3	6
sim.305.007	none	0	0	0	0	0	0	0	0	0	5	4	3	7	5
sim.306.007	none	0	0	1	0	1	1	1	2	2	0	0	0	0	0
sim.307.007	none	0	0	0	0	0	0	0	0	0	2	1	1	1	1
sim.308.007	none	7	3	3	6	4	6	3	2	2	0	0	3	3	3
sim.309.007	none	1	1	4	2	3	3	2	3	1	0	0	0	0	0
sim.31.007	none	0	0	0	0	0	0	0	0	0	3	0	1	0	0
sim.310.007	none	2	4	4	1	2	3	1	3	0	9	3	2	3	3
sim.311.007	none	3	4	5	4	2	3	6	0	1	0	0	0	0	0
sim.312.007	none	2	3	2	3	2	2	2	1	1	0	1	1	0	0
sim.313.007	none	2	3	1	1	1	1	0	0	0	0	0	2	0	2
sim.314.007	none	16	6	4	4	3	4	6	4	3	0	0	0	0	0
sim.315.007	none	1	3	0	0	0	0	0	0	0	0	0	0	0	0
sim.316.007	none	0	0	0	0	0	0	0	0	0	4	3	1	0	0
sim.317.007	none	0	0	0	1	1	1	1	0	0	0	0	1	1	0
sim.318.007	none	0	0	1	1	1	1	2	1	1	2	6	5	2	2
sim.319.007	none	0	0	0	0	0	0	0	0	0	1	2	5	3	4
sim.32.007	none	0	0	0	0	0	0	0	0	0	0	0	0	4	3
sim.320.007	none	0	0	0	0	0	0	0	0	0	0	1	3	1	1
sim.321.007	none	0	0	0	0	0	0	0	0	0	1	1	1	2	2
sim.322.007	none	3	2	4	1	1	1	4	0	1	1	4	0	0	0
sim.323.007	none	0	0	0	0	0	0	0	0	0	9	11	4	4	7
sim.324.007	none	9	11	4	6	7	6	7	10	11	0	0	0	0	0
sim.325.007	none	8	10	9	4	4	6	6	7	10	2	2	0	0	0
sim.326.007	none	0	0	0	0	0	0	0	0	0	2	2	8	5	3
sim.327.007	none	1	1	2	1	3	2	1	1	2	0	0	0	0	0
sim.328.007	none	1	0	2	3	0	0	0	1	1	0	0	0	0	0
sim.329.007	none	1	0	1	0	1	1	1	1	0	0	0	0	0	0
sim.33.007	none	0	0	0	0	0	0	0	0	0	0	0	3	3	4
sim.330.007	none	0	0	0	0	0	0	0	0	0	3	3	3	5	3
sim.331.007	none	0	0	0	0	0	0	0	0	0	0	1	2	2	4
sim.332.007	none	2	2	1	0	1	1	2	2	1	1	3	0	0	2
sim.333.007	none	0	0	0	0	0	0	0	0	0	3	3	3	4	2
sim.334.007	none	1	3	0	0	0	0	0	2	1	5	1	1	2	1
sim.335.007	none	0	0	4	3	4	7	4	2	3	0	0	0	0	0
sim.336.007	none	3	4	2	1	2	1	0	1	1	0	0	0	0	0
sim.337.007	none	3	7	3	6	5	5	6	8	4	0	0	0	0	0
sim.338.007	none	1	2	1	1	3	2	3	1	3	0	0	2	2	1
sim.339.007	none	1	4	1	0	1	1	4	0	1	0	4	1	1	0
sim.34.007	none	2	4	0	0	1	1	1	0	0	8	14	6	4	5
sim.340.007	none	2	1	2	2	1	1	3	2	2	1	1	0	0	0
sim.341.007	none	0	0	0	0	0	0	0	0	0	7	4	7	12	7
sim.342.007	none	2	1	1	1	1	1	1	0	0	10	4	3	9	3
sim.343.007	none	0	0	0	0	0	0	0	0	0	4	8	0	0	0
sim.344.007	none	2	3	2	2	3	4	6	3	2	0	0	1	0	1
sim.345.007	none	0	0	0	0	0	0	0	0	0	0	0	4	2	1
sim.346.007	none	3	2	4	2	5	3	3	4	4	0	1	0	1	1
sim.347.007	none	0	0	3	3	6	5	4	0	2	0	0	0	0	0
sim.348.007	none	1	0	0	0	0	0	0	0	0	5	12	0	1	1
sim.349.007	none	0	0	7	4	5	5	4	4	4	0	0	0	0	0
sim.35.007	none	0	0	0	0	0	0	0	0	0	7	5	2	0	1
sim.350.007	none	0	0	0	0	0	0	0	0	0	9	4	7	10	11
sim.351.007	none	0	1	4	2	3	3	3	9	5	0	0	0	0	0
sim.352.007	none	2	1	1	0	3	1	1	3	2	0	0	0	0	0
sim.353.007	none	3	0	1	4	1	2	0	5	7	0	0	0	0	0
sim.354.007	none	0	0	1	1	0	0	1	0	0	0	1	0	1	1
sim.355.007	none	0	0	0	0	0	0	0	0	0	2	0	0	2	3
sim.356.007	none	0	0	0	0	0	0	0	0	0	6	2	1	1	1
sim.357.007	none	1	1	0	1	0	0	0	0	0	3	1	1	2	3
sim.358.007	none	2	1	1	1	4	2	3	1	1	8	2	5	3	2
sim.359.007	none	1	2	2	1	1	1	4	1	1	0	0	0	0	0
sim.36.007	none	0	0	0	0	0	0	0	0	0	0	0	1	2	1
sim.360.007	none	1	1	0	2	1	1	1	1	2	0	0	0	0	0
sim.361.007	none	0	0	0	1	1	2	1	1	1	2	1	0	0	0
sim.362.007	none	0	1	1	8	1	1	3	1	1	0	0	0	0	0
sim.363.007	none	0	0	3	4	4	4	2	0	2	0	0	0	0	0
sim.364.007	none	2	3	0	0	0	0	0	1	1	10	8	2	2	5
sim.365.007	none	2	1	1	0	0	0	0	0	0	0	0	1	1	0
sim.366.007	none	3	2	2	2	1	1	1	1	0	0	0	0	0	0
sim.367.007	none	0	1	1	1	1	1	1	1	2	0	0	0	0	0
sim.368.007	none	0	0	2	1	4	4	3	1	2	5	9	4	5	5
sim.369.007	none	3	2	1	2	3	3	2	0	2	0	0	0	0	0
sim.37.007	none	5	2	4	9	4	4	4	5	1	0	0	0	0	1
sim.370.007	none	0	0	0	0	0	0	0	0	0	8	11	2	4	4
sim.371.007	none	2	1	1	3	3	1	1	0	0	0	0	4	3	2
sim.372.007	none	1	1	3	3	5	4	4	5	4	0	0	0	0	0
sim.373.007	none	0	0	0	0	0	0	0	0	0	0	1	2	2	0
sim.374.007	none	1	1	1	3	2	2	2	3	6	0	0	0	0	0
sim.375.007	none	0	0	0	0	0	0	0	0	0	1	2	1	0	1
sim.376.007	none	1	3	0	0	0	0	0	1	3	9	3	0	2	1
sim.377.007	none	0	0	0	0	0	0	0	0	0	5	4	0	0	0
sim.378.007	none	2	3	4	6	6	3	6	5	4	0	0	1	0	0
sim.379.007	none	0	0	0	0	0	0	0	0	0	1	2	10	15	13
sim.38.007	none	2	3	4	1	1	0	3	3	3	5	1	0	1	3
sim.380.007	none	0	0	1	1	3	3	2	1	2	1	3	4	1	3
sim.381.007	none	0	0	0	0	0	0	0	0	0	1	6	3	0	0
sim.382.007	none	6	4	4	6	6	8	5	4	4	6	4	4	2	3
sim.383.007	none	3	2	3	5	4	4	3	0	0	0	0	0	0	0
sim.384.007	none	3	3	1	2	3	3	1	1	1	0	0	3	0	0
sim.385.007	none	11	10	7	6	4	4	5	2	4	1	0	1	2	2
sim.386.007	none	2	3	6	6	4	4	3	4	3	1	1	1	0	0
sim.387.007	none	2	2	1	2	0	0	0	3	3	6	9	2	3	1
sim.388.007	none	5	2	1	2	1	2	1	2	0	0	0	0	0	0
sim.389.007	none	1	1	0	2	1	1	1	0	0	0	0	0	0	0
sim.39.007	none	0	0	0	0	0	0	0	0	0	4	1	0	1	0
sim.390.007	none	7	3	1	0	1	1	2	1	1	0	0	0	0	0
sim.391.007	none	0	0	0	0	0	0	0	0	0	0	2	0	1	1
sim.392.007	none	0	0	0	0	0	0	0	0	0	0	1	2	1	1
sim.393.007	none	0	0	1	1	1	1	1	1	1	1	3	1	2	2
sim.394.007	none	1	3	3	2	1	1	1	3	4	0	0	0	0	0
sim.395.007	none	0	0	0	0	0	0	0	0	0	1	3	0	1	1
sim.396.007	none	0	0	0	0	0	0	0	0	0	3	1	0	0	0
sim.397.007	none	2	2	5	3	5	6	6	8	8	0	0	0	0	0
sim.398.007	none	7	4	7	4	5	4	4	6	4	2	0	2	0	0
sim.399.007	none	0	0	0	0	0	0	0	0	0	1	2	3	1	2
sim.4.007	none	1	1	5	3	0	0	1	2	2	1	1	0	1	1
sim.40.007	none	0	0	0	0	0	0	0	0	0	5	12	2	1	3
sim.400.007	none	0	0	2	1	1	1	1	0	0	0	0	0	0	0
sim.401.007	none	0	0	0	0	0	0	0	1	1	3	1	1	1	3
sim.402.007	none	3	3	6	3	2	4	2	6	4	2	11	0	0	0
sim.403.007	none	0	0	1	1	1	2	1	1	0	8	5	17	15	14
sim.404.007	none	3	1	6	3	6	6	4	7	5	0	0	0	0	0
sim.405.007	none	0	0	0	0	0	0	0	0	0	3	2	0	0	0
sim.406.007	none	4	2	1	1	0	2	1	4	4	0	0	0	0	0
sim.407.007	none	8	12	9	10	7	7	6	9	9	0	0	0	0	0
sim.408.007	none	5	5	1	3	1	0	0	0	2	0	0	0	0	0
sim.409.007	none	0	0	0	0	0	0	0	0	0	5	1	2	0	1
sim.41.007	none	1	0	3	2	2	2	2	1	1	0	0	0	0	0
sim.410.007	none	2	1	6	11	3	5	4	6	4	4	3	1	4	2
sim.411.007	none	1	0	1	1	3	3	2	2	0	0	0	0	0	0
sim.412.007	none	0	0	3	2	1	1	1	1	1	0	0	0	0	0
sim.413.007	none	3	1	2	1	0	0	1	3	0	5	3	0	0	0
sim.414.007	none	2	3	0	1	0	0	0	1	1	0	0	0	0	0
sim.415.007	none	5	4	4	3	1	1	2	5	3	1	1	4	1	2
sim.416.007	none	0	0	2	2	1	1	1	2	0	0	0	0	0	0
sim.417.007	none	0	0	2	1	1	1	1	0	0	0	0	0	0	0
sim.418.007	none	0	0	1	5	4	2	3	2	1	0	0	0	0	0
sim.419.007	none	7	3	3	2	6	6	6	3	2	0	0	0	0	0
sim.42.007	none	4	4	5	2	3	2	2	3	3	4	0	0	0	1
sim.420.007	none	0	2	0	0	0	0	0	0	0	0	0	2	1	2
sim.421.007	none	0	0	0	0	0	0	0	0	0	2	1	1	1	1
sim.422.007	none	2	0	1	1	0	0	0	1	1	0	1	2	0	0
sim.423.007	none	3	0	0	2	0	0	1	3	5	0	2	0	0	0
sim.424.007	none	1	1	1	2	1	2	1	2	1	1	2	0	1	1
sim.425.007	none	3	3	2	4	6	5	3	2	3	0	0	0	0	0
sim.426.007	none	3	0	2	1	1	1	1	2	1	0	0	0	0	0
sim.427.007	none	0	0	0	0	0	0	0	0	0	1	3	1	0	2
sim.428.007	none	9	8	11	11	4	6	10	16	10	0	0	0	0	0
sim.429.007	none	0	0	0	0	0	0	0	0	0	2	5	4	4	3
sim.43.007	none	0	0	0	0	0	0	0	0	0	6	3	4	3	2
sim.430.007	none	5	10	0	3	2	3	1	2	1	0	0	0	0	0
sim.431.007	none	3	3	8	9	2	4	2	6	5	6	6	0	0	1
sim.432.007	none	0	0	0	0	0	0	0	0	0	4	3	0	0	0
sim.433.007	none	0	2	5	4	2	2	1	2	2	1	4	7	8	4
sim.434.007	none	0	0	0	1	3	3	1	0	0	0	0	6	4	2
sim.435.007	none	0	0	0	0	0	0	0	0	0	2	5	2	2	2
sim.436.007	none	0	0	0	0	0	0	0	0	0	7	1	1	2	3
sim.437.007	none	1	1	1	1	3	4	2	2	2	0	0	0	0	0
sim.438.007	none	1	2	0	3	0	0	1	1	1	0	0	0	0	0
sim.439.007	none	0	0	0	0	0	0	0	0	0	2	3	3	6	6
sim.44.007	none	2	2	3	3	2	3	4	4	5	2	1	0	0	0
sim.440.007	none	0	1	1	1	1	1	1	2	0	2	1	2	2	2
sim.441.007	none	0	0	0	0	0	0	0	0	0	3	2	0	0	0
sim.442.007	none	1	1	0	1	3	4	2	1	0	1	0	2	3	1
sim.443.007	none	1	1	0	1	1	1	0	1	2	0	0	0	0	0
sim.444.007	none	0	0	1	1	1	1	1	1	1	0	0	0	0	0
sim.445.007	none	1	1	1	2	5	5	3	4	4	0	0	0	0	0
sim.446.007	none	3	3	3	2	2	2	3	2	2	0	0	0	0	0
sim.447.007	none	3	3	4	3	2	2	3	0	0	0	0	0	1	1
sim.448.007	none	0	0	0	0	0	0	0	0	0	2	3	1	1	1
sim.449.007	none	0	0	2	0	0	0	0	2	1	0	0	0	0	0
sim.45.007	none	1	1	0	0	0	0	0	1	1	0	0	0	0	0
sim.450.007	none	2	1	1	2	1	1	1	2	2	0	3	1	2	2
sim.451.007	none	0	0	0	0	0	0	0	0	0	2	3	6	4	3
sim.452.007	none	2	2	4	4	5	4	3	3	3	1	1	0	0	0
sim.453.007	none	6	4	2	2	2	2	3	3	2	3	2	0	0	2
sim.454.007	none	3	2	1	2	1	1	1	2	2	3	1	3	1	1
sim.455.007	none	0	0	0	0	0	0	0	0	0	3	3	0	1	1
sim.456.007	none	0	0	0	0	0	0	0	0	0	5	2	5	4	4
sim.457.007	none	0	0	1	2	3	2	0	1	1	0	0	0	0	0
sim.458.007	none	3	2	0	0	0	0	0	0	0	0	0	0	0	0
sim.459.007	none	0	0	0	0	0	0	0	0	0	4	3	4	2	2
sim.46.007	none	5	9	16	11	14	13	15	11	8	0	0	0	0	0
sim.460.007	none	0	0	0	2	0	0	0	4	4	1	0	0	1	1
sim.461.007	none	0	0	0	0	0	0	0	0	0	0	0	1	4	2
sim.462.007	none	0	0	0	0	0	0	0	0	0	2	2	1	2	2
sim.463.007	none	0	0	0	0	0	0	0	0	0	3	5	1	1	1
sim.464.007	none	0	0	0	0	0	0	0	0	0	2	2	2	0	0
sim.465.007	none	0	0	0	0	0	0	0	0	0	0	0	4	9	4
sim.466.007	none	0	0	0	0	0	0	0	0	0	0	0	2	1	1
sim.467.007	none	3	3	3	4	3	1	3	1	0	0	0	0	0	0
sim.468.007	none	7	6	3	3	2	2	1	1	2	2	1	0	0	0
sim.469.007	none	0	0	0	0	0	0	0	0	0	10	5	8	7	7
sim.47.007	none	0	0	0	0	0	0	0	0	0	3	5	0	0	0
sim.470.007	none	0	0	0	0	0	0	0	0	0	0	0	6	0	2
sim.471.007	none	1	2	5	1	1	1	1	1	1	0	1	0	0	0
sim.472.007	none	0	0	0	0	0	0	0	0	0	2	4	0	0	0
sim.473.007	none	1	1	6	3	10	8	6	7	8	0	0	0	0	0
sim.474.007	none	0	0	0	0	0	0	0	0	0	2	2	1	2	4
sim.475.007	none	2	5	0	4	5	7	3	3	3	2	2	6	5	4
sim.476.007	none	1	4	0	0	0	0	0	0	0	1	1	0	0	0
sim.477.007	none	3	1	1	1	3	2	2	5	10	4	1	2	3	6
sim.478.007	none	0	0	2	2	1	1	1	3	2	0	0	0	0	0
sim.479.007	none	1	1	1	0	1	2	0	0	0	0	0	0	0	0
sim.48.007	none	0	0	2	2	1	3	2	3	4	0	0	0	0	0
sim.480.007	none	3	4	0	1	1	1	1	3	2	0	0	0	0	0
sim.481.007	none	2	0	4	10	6	6	7	6	3	1	0	1	3	1
sim.482.007	none	0	0	0	0	0	0	0	0	0	1	5	0	0	0
sim.483.007	none	10	10	4	1	6	5	6	2	3	0	0	0	0	0
sim.484.007	none	1	1	0	1	1	1	0	6	2	0	0	0	0	0
sim.485.007	none	0	0	0	0	0	0	0	0	0	0	0	4	4	4
sim.486.007	none	8	3	8	15	8	9	13	7	7	0	0	0	0	0
sim.487.007	none	5	5	6	8	3	3	2	3	3	3	4	0	4	3
sim.488.007	none	0	0	0	0	0	0	0	0	0	7	6	5	5	5
sim.489.007	none	0	1	1	3	0	0	0	1	1	0	0	0	0	0
sim.49.007	none	1	1	4	2	0	0	0	2	2	5	0	1	1	1
sim.490.007	none	0	0	1	0	1	2	1	0	1	0	0	0	0	0
sim.491.007	none	0	0	0	0	0	0	0	0	0	1	3	0	0	0
sim.492.007	none	0	0	0	0	0	0	0	0	0	3	3	3	9	7
sim.493.007	none	0	0	1	2	1	1	1	1	1	0	0	1	1	4
sim.494.007	none	0	0	0	0	0	0	0	0	0	2	1	2	4	4
sim.495.007	none	4	1	1	0	1	1	0	0	0	0	0	0	0	0
sim.496.007	none	0	0	1	1	1	1	1	2	2	3	7	5	0	0
sim.497.007	none	0	1	5	6	2	1	2	3	2	0	0	0	0	0
sim.498.007	none	2	1	0	0	0	0	0	0	0	4	2	0	0	0
sim.499.007	none	4	4	0	1	0	1	2	0	0	0	0	0	0	0
sim.5.007	none	1	1	1	1	0	0	0	1	1	0	0	0	0	0
sim.50.007	none	0	0	0	0	0	0	0	0	0	14	6	6	3	1
sim.500.007	none	2	3	2	1	1	1	0	1	2	0	0	0	0	0
sim.501.007	none	2	3	4	5	2	1	2	1	2	0	0	0	0	0
sim.502.007	none	3	1	2	0	1	1	1	0	0	0	0	0	0	0
sim.503.007	none	1	4	2	1	0	1	1	0	1	0	0	0	0	0
sim.504.007	none	1	3	0	0	1	1	1	0	0	0	0	0	0	0
sim.505.007	none	1	2	0	0	0	0	0	2	2	0	0	0	0	0
sim.506.007	none	0	0	0	0	0	0	0	0	0	1	2	0	3	1
sim.507.007	none	0	0	0	0	0	0	0	0	0	0	0	3	1	1
sim.508.007	none	3	3	3	4	5	3	3	2	1	0	0	4	2	1
sim.509.007	none	0	0	0	0	0	0	0	0	0	0	1	1	1	1
sim.51.007	none	0	0	0	0	0	0	0	0	0	1	0	1	1	1
sim.510.007	none	0	0	0	0	0	0	0	0	0	10	6	2	2	2
sim.511.007	none	1	0	0	0	0	0	0	0	0	0	1	1	1	0
sim.512.007	none	0	3	2	1	1	1	0	2	1	0	0	0	0	0
sim.513.007	none	0	0	0	0	0	0	0	0	0	1	5	1	2	2
sim.514.007	none	0	3	2	4	2	2	1	3	2	0	0	0	0	0
sim.515.007	none	0	0	0	3	1	1	0	2	3	0	0	0	0	0
sim.516.007	none	0	0	0	0	0	0	0	0	0	2	4	0	0	0
sim.517.007	none	0	0	0	0	0	0	0	0	0	2	4	0	0	0
sim.518.007	none	0	0	1	0	1	1	2	1	3	0	0	1	1	1
sim.519.007	none	8	9	13	11	10	11	10	17	9	4	2	4	5	3
sim.52.007	none	4	6	3	2	6	7	5	3	4	0	0	0	0	0
sim.520.007	none	0	0	0	1	1	2	1	1	1	0	0	0	0	0
sim.521.007	none	2	1	2	0	1	1	0	1	1	0	0	1	0	1
sim.522.007	none	0	0	0	0	0	0	0	0	0	0	0	2	1	1
sim.523.007	none	0	0	0	2	2	2	1	1	1	0	0	2	1	0
sim.524.007	none	3	5	2	6	2	2	0	5	7	1	0	6	4	5
sim.525.007	none	0	0	0	0	0	0	0	0	0	0	1	1	6	4
sim.526.007	none	0	0	0	0	0	0	0	0	0	5	5	4	6	8
sim.527.007	none	2	3	1	1	1	2	1	1	1	0	0	0	0	0
sim.528.007	none	3	0	0	1	2	2	2	2	3	0	0	0	0	0
sim.529.007	none	0	0	0	0	0	0	0	0	0	2	5	0	2	1
sim.53.007	none	1	3	0	1	0	0	0	1	0	0	0	0	0	0
sim.530.007	none	0	0	0	1	2	3	3	2	1	0	0	0	2	2
sim.531.007	none	0	0	0	0	0	0	0	0	0	3	9	1	0	2
sim.532.007	none	2	0	0	0	0	0	0	1	0	1	3	0	0	0
sim.533.007	none	0	0	0	0	0	0	0	0	0	9	8	9	4	4
sim.534.007	none	0	0	0	0	0	0	0	0	0	1	1	0	4	4
sim.535.007	none	6	11	2	2	3	3	1	3	4	0	0	0	0	0
sim.536.007	none	6	5	1	1	3	2	2	5	3	6	4	3	2	1
sim.537.007	none	3	2	1	1	0	2	1	1	2	0	0	0	0	0
sim.538.007	none	0	0	0	0	0	0	0	0	0	4	6	0	0	0
sim.539.007	none	0	0	2	1	1	1	1	4	2	2	1	1	7	6
sim.54.007	none	0	0	0	0	0	0	0	0	0	7	7	2	1	1
sim.540.007	none	1	1	1	1	2	2	3	0	0	17	4	2	0	1
sim.541.007	none	1	0	1	2	1	1	3	0	0	2	0	0	0	0
sim.542.007	none	7	14	2	7	6	4	4	6	8	3	2	0	0	0
sim.543.007	none	0	0	1	1	1	1	1	0	0	0	0	0	0	0
sim.544.007	none	3	4	1	4	2	4	1	0	3	2	2	2	0	0
sim.545.007	none	1	1	0	0	0	0	0	1	0	0	0	2	3	4
sim.546.007	none	2	6	6	3	7	7	5	5	2	0	0	0	0	0
sim.547.007	none	0	0	0	0	0	0	0	0	0	6	7	0	1	0
sim.548.007	none	0	0	0	0	0	0	0	0	0	4	2	7	6	8
sim.549.007	none	1	1	0	0	0	0	0	0	0	0	3	0	0	0
sim.55.007	none	0	0	0	0	0	0	0	0	0	5	2	10	7	7
sim.550.007	none	0	0	0	0	0	0	0	0	0	0	0	2	0	3
sim.551.007	none	4	3	0	0	0	0	0	1	1	0	3	7	3	3
sim.552.007	none	0	0	2	2	2	2	1	3	2	0	0	0	0	0
sim.553.007	none	0	0	2	2	4	3	3	1	1	0	0	0	0	0
sim.554.007	none	1	2	0	2	0	0	0	1	1	0	0	0	0	0
sim.555.007	none	0	1	2	1	2	2	2	2	2	4	3	2	3	4
sim.556.007	none	1	2	2	2	3	2	3	0	0	0	0	0	0	0
sim.557.007	none	0	0	0	0	0	0	0	0	0	1	2	3	2	2
sim.558.007	none	2	2	2	2	2	1	1	1	2	3	2	1	0	1
sim.559.007	none	1	1	1	4	0	1	2	2	4	4	5	2	2	0
sim.56.007	none	2	1	6	5	2	4	2	3	3	3	12	3	0	0
sim.560.007	none	6	7	6	3	3	3	3	4	3	5	8	2	3	2
sim.561.007	none	0	0	0	0	0	0	0	0	0	2	1	5	1	1
sim.562.007	none	2	2	1	3	4	4	3	5	3	0	0	0	0	0
sim.563.007	none	2	1	7	1	3	2	2	1	1	0	0	0	0	0
sim.564.007	none	0	0	0	0	0	0	0	0	0	2	3	7	5	4
sim.565.007	none	4	5	1	5	2	3	4	1	2	8	1	1	0	0
sim.566.007	none	0	0	0	0	0	0	0	0	0	10	8	7	4	5
sim.567.007	none	0	1	1	1	2	0	1	0	0	1	0	1	1	1
sim.568.007	none	0	0	0	0	0	0	0	0	0	1	1	2	1	2
sim.569.007	none	0	0	1	1	6	4	5	2	2	0	0	0	0	0
sim.57.007	none	0	1	1	2	1	1	1	2	2	2	7	2	0	0
sim.570.007	none	4	1	2	0	0	0	0	1	1	3	1	0	0	0
sim.571.007	none	1	2	3	5	6	6	5	2	4	0	0	0	0	0
sim.572.007	none	4	2	0	0	0	0	0	1	2	4	4	2	2	3
sim.573.007	none	7	4	4	3	4	4	4	4	6	2	2	1	1	1
sim.574.007	none	0	2	0	1	1	1	1	1	0	0	0	3	2	1
sim.575.007	none	5	4	4	1	2	2	1	3	2	0	0	1	1	3
sim.576.007	none	0	0	0	0	0	0	0	0	0	3	2	2	1	1
sim.577.007	none	2	2	0	1	0	0	1	1	2	0	0	0	0	0
sim.578.007	none	0	0	0	0	0	0	0	0	0	2	2	0	0	0
sim.579.007	none	0	2	1	1	2	1	2	0	0	0	0	0	0	0
sim.58.007	none	7	2	1	0	1	1	1	1	1	2	2	2	1	1
sim.580.007	none	6	5	6	1	9	7	4	6	6	1	1	0	0	0
sim.581.007	none	1	1	0	1	0	0	0	1	1	0	0	0	0	0
sim.582.007	none	1	3	1	3	3	4	3	1	3	0	0	0	0	0
sim.583.007	none	1	1	0	1	1	0	2	0	0	0	0	0	0	0
sim.584.007	none	1	1	2	1	3	1	1	1	1	2	6	2	1	1
sim.585.007	none	5	3	1	4	2	2	7	3	3	0	0	0	0	0
sim.586.007	none	0	0	0	0	0	0	0	0	0	3	4	0	0	0
sim.587.007	none	0	0	0	0	0	0	0	0	0	2	10	0	0	0
sim.588.007	none	0	1	4	1	4	4	3	3	5	0	0	0	0	0
sim.589.007	none	1	3	1	1	1	1	1	0	0	2	2	6	2	1
sim.59.007	none	0	0	0	0	0	0	0	0	0	2	0	2	3	4
sim.590.007	none	1	1	0	0	1	1	0	0	1	0	0	0	0	0
sim.591.007	none	0	0	0	0	0	0	0	0	0	5	2	0	0	0
sim.592.007	none	0	0	0	0	0	0	0	0	0	0	0	4	3	1
sim.593.007	none	4	6	2	4	1	1	1	5	4	1	1	3	1	0
sim.594.007	none	9	15	1	0	2	1	3	1	0	0	0	0	0	0
sim.595.007	none	1	2	3	3	4	4	6	5	3	0	0	0	0	0
sim.596.007	none	1	3	6	3	5	5	3	4	5	0	0	0	0	0
sim.597.007	none	0	0	0	0	0	0	0	0	0	1	5	9	7	6
sim.598.007	none	2	2	1	5	4	5	3	6	0	0	0	0	0	0
sim.599.007	none	0	0	1	1	3	2	3	3	4	1	5	5	2	4
sim.6.007	none	0	3	0	0	2	1	2	0	0	0	0	0	0	0
sim.60.007	none	3	4	2	1	3	2	1	5	1	0	0	0	0	0
sim.600.007	none	0	0	0	0	0	0	0	0	0	0	2	0	1	2
sim.601.007	none	0	0	0	0	0	0	0	0	0	2	2	1	1	1
sim.602.007	none	2	1	2	2	2	2	3	0	0	5	7	1	2	2
sim.603.007	none	4	7	5	6	7	5	7	5	4	0	1	3	3	3
sim.604.007	none	4	8	3	2	1	1	2	3	4	1	2	2	0	1
sim.605.007	none	1	0	2	0	2	2	1	1	2	0	0	0	0	0
sim.606.007	none	4	5	4	6	4	4	1	3	4	4	2	5	3	4
sim.607.007	none	2	1	0	1	1	1	2	1	1	1	1	3	3	3
sim.608.007	none	0	0	0	0	0	0	0	0	0	1	5	0	1	1
sim.609.007	none	0	0	0	0	0	0	0	0	0	3	1	2	0	0
sim.61.007	none	0	0	4	1	1	1	1	1	0	0	0	0	0	0
sim.610.007	none	3	6	1	0	1	1	0	4	2	0	0	2	1	2
sim.611.007	none	0	1	1	1	3	3	2	2	4	0	0	0	1	0
sim.612.007	none	1	0	1	2	2	1	2	1	1	0	0	0	0	0
sim.613.007	none	3	3	4	2	3	4	4	6	5	0	0	0	0	0
sim.614.007	none	0	0	0	0	0	0	0	0	0	3	1	3	3	2
sim.615.007	none	0	0	0	0	0	0	0	0	0	1	3	1	3	1
sim.616.007	none	0	0	0	0	0	0	0	0	0	0	1	6	3	5
sim.617.007	none	0	1	1	2	0	0	0	2	1	0	0	0	0	0
sim.618.007	none	0	0	0	0	0	0	0	0	0	0	0	2	1	1
sim.619.007	none	0	2	2	3	6	7	6	2	3	0	0	0	0	0
sim.62.007	none	0	0	0	0	0	0	0	0	0	1	0	1	1	1
sim.620.007	none	1	2	1	1	1	2	1	2	4	2	3	0	0	0
sim.621.007	none	3	6	2	4	4	6	2	2	2	0	0	0	0	0
sim.622.007	none	7	11	2	2	0	0	3	0	2	0	0	0	0	0
sim.623.007	none	0	0	0	0	0	0	0	0	0	0	0	1	2	3
sim.624.007	none	0	0	0	0	0	0	0	0	0	2	3	4	3	2
sim.625.007	none	3	2	4	3	1	0	2	2	3	0	0	0	0	0
sim.626.007	none	3	1	0	0	0	0	0	0	0	0	0	0	0	0
sim.627.007	none	0	0	0	0	0	0	0	0	0	4	0	11	3	4
sim.628.007	none	0	0	0	0	0	0	0	0	0	2	3	0	0	0
sim.629.007	none	0	0	1	2	2	1	1	0	1	0	0	0	0	0
sim.63.007	none	4	4	1	0	3	2	3	0	3	1	0	2	2	2
sim.630.007	none	7	3	6	2	3	4	4	3	2	0	0	0	0	0
sim.631.007	none	1	0	2	1	1	1	1	2	2	0	0	0	0	0
sim.632.007	none	0	0	0	0	0	0	0	0	0	2	2	0	0	0
sim.633.007	none	0	0	0	0	0	0	0	0	0	0	2	4	6	4
sim.634.007	none	1	2	1	1	1	1	1	1	1	0	0	0	0	0
sim.635.007	none	0	0	0	0	0	0	0	0	0	2	4	0	0	1
sim.636.007	none	0	1	1	4	1	3	4	1	0	0	0	0	0	0
sim.637.007	none	0	0	0	0	0	0	0	0	0	7	8	4	5	7
sim.638.007	none	1	3	2	2	2	2	3	0	1	5	3	2	3	3
sim.639.007	none	0	0	0	0	0	0	0	0	0	3	0	1	1	1
sim.64.007	none	2	1	0	1	2	1	1	4	5	0	0	4	2	3
sim.640.007	none	0	0	0	0	0	0	0	0	0	6	13	9	7	3
sim.641.007	none	0	0	0	0	0	0	0	0	0	4	0	8	9	9
sim.642.007	none	0	0	0	0	0	0	0	0	0	4	8	0	2	1
sim.643.007	none	0	1	0	0	1	1	1	2	1	0	0	0	0	0
sim.644.007	none	0	0	0	0	0	0	0	0	0	8	11	9	12	7
sim.645.007	none	3	5	7	2	8	6	3	8	4	1	1	1	1	0
sim.646.007	none	0	0	0	0	0	0	0	0	0	1	5	9	1	8
sim.647.007	none	0	0	0	0	0	0	0	0	0	4	6	3	2	1
sim.648.007	none	0	1	0	0	0	0	0	0	0	2	3	0	0	0
sim.649.007	none	3	2	3	1	2	1	2	0	1	0	0	0	0	0
sim.65.007	none	0	0	0	0	0	0	0	0	0	0	0	5	5	4
sim.650.007	none	0	0	0	0	0	0	0	0	0	1	4	1	2	1
sim.651.007	none	5	8	3	2	2	2	3	2	1	1	1	1	1	2
sim.652.007	none	1	0	1	1	1	1	1	1	2	0	0	2	1	1
sim.653.007	none	4	7	2	2	5	3	4	3	0	0	0	0	0	0
sim.654.007	none	0	0	0	0	0	0	0	0	0	0	0	5	3	2
sim.655.007	none	0	0	0	0	0	0	0	0	0	2	6	9	5	4
sim.656.007	none	1	0	1	3	3	4	4	3	5	0	0	0	0	0
sim.657.007	none	1	5	2	3	0	0	1	1	1	0	0	0	0	0
sim.658.007	none	3	1	4	4	4	4	6	4	0	1	2	0	0	0
sim.659.007	none	5	4	4	1	4	4	4	3	2	0	0	0	0	0
sim.66.007	none	0	0	0	0	0	0	0	0	0	0	0	9	4	4
sim.660.007	none	1	4	0	4	5	6	4	2	1	0	0	1	4	2
sim.661.007	none	0	1	3	6	5	5	3	3	4	0	0	0	0	0
sim.662.007	none	5	5	5	3	2	2	2	1	4	1	2	0	4	3
sim.663.007	none	10	5	4	6	7	5	4	3	3	3	2	2	0	0
sim.664.007	none	2	4	3	6	3	4	3	5	4	0	0	0	1	1
sim.665.007	none	5	0	0	0	1	1	1	1	3	0	0	0	0	0
sim.666.007	none	0	0	0	0	0	0	0	0	0	0	2	1	2	3
sim.667.007	none	6	5	0	0	2	2	3	0	0	0	0	0	0	0
sim.668.007	none	1	0	0	0	1	1	1	0	0	0	0	0	0	0
sim.669.007	none	3	5	1	2	1	1	1	0	1	0	0	0	0	0
sim.67.007	none	4	3	10	2	3	3	1	4	4	0	1	3	4	2
sim.670.007	none	2	1	0	0	0	0	0	0	0	0	1	0	2	2
sim.671.007	none	2	0	3	1	1	1	0	1	1	1	1	0	0	0
sim.672.007	none	0	0	0	0	0	0	0	0	0	0	0	2	3	1
sim.673.007	none	2	2	1	1	1	1	1	1	1	0	0	0	0	0
sim.674.007	none	0	0	0	0	0	0	0	0	0	0	0	3	1	1
sim.675.007	none	6	6	5	5	4	4	3	4	4	0	0	0	0	0
sim.676.007	none	1	2	0	0	0	0	0	0	0	0	0	2	6	10
sim.677.007	none	1	1	3	5	2	2	3	3	3	5	5	4	4	5
sim.678.007	none	0	0	2	2	3	4	1	1	2	2	3	2	0	2
sim.679.007	none	0	0	0	0	0	0	0	0	0	6	5	5	2	3
sim.68.007	none	0	0	0	0	0	0	0	0	0	1	3	2	8	6
sim.680.007	none	1	1	4	3	2	4	2	4	3	0	3	0	0	0
sim.681.007	none	0	0	0	0	0	0	0	0	0	2	2	4	2	1
sim.682.007	none	0	0	0	0	0	0	0	0	0	4	0	4	1	1
sim.683.007	none	4	1	4	2	1	2	3	2	2	7	7	10	9	7
sim.684.007	none	1	1	1	0	1	1	1	1	0	0	0	0	0	0
sim.685.007	none	2	2	4	6	5	3	1	7	6	0	0	1	1	1
sim.686.007	none	0	0	1	3	1	0	1	3	7	0	3	4	0	2
sim.687.007	none	2	3	0	0	0	0	0	0	0	8	3	1	2	1
sim.688.007	none	2	2	0	0	0	0	0	0	0	3	0	1	0	0
sim.689.007	none	1	0	2	1	1	1	1	0	0	0	0	3	0	0
sim.69.007	none	0	0	0	0	0	0	0	0	0	4	3	3	5	3
sim.690.007	none	0	0	0	0	0	0	0	0	0	2	3	0	0	0
sim.691.007	none	0	0	0	0	0	0	0	0	0	6	5	3	4	5
sim.692.007	none	4	4	2	2	1	1	2	5	6	0	0	0	0	0
sim.693.007	none	0	1	3	3	1	1	6	2	2	0	0	0	2	3
sim.694.007	none	0	0	0	0	0	0	0	0	0	3	1	0	0	0
sim.695.007	none	2	2	4	2	4	4	2	3	3	2	2	1	2	2
sim.696.007	none	0	0	0	0	0	0	0	0	0	0	1	5	2	2
sim.697.007	none	4	2	0	3	1	0	0	1	1	0	0	0	0	0
sim.698.007	none	4	3	3	7	7	5	2	2	2	0	0	0	0	0
sim.699.007	none	0	0	0	0	0	0	0	0	0	6	13	5	7	7
sim.7.007	none	0	0	0	0	0	0	0	0	0	0	0	1	2	1
sim.70.007	none	2	3	7	5	10	8	8	2	2	0	1	1	2	3
sim.700.007	none	0	0	0	0	0	0	0	0	0	1	1	1	1	1
sim.701.007	none	2	3	0	0	0	0	0	0	0	3	1	2	6	3
sim.702.007	none	7	3	5	6	3	3	2	4	4	0	0	0	0	0
sim.703.007	none	0	0	0	0	0	0	0	0	0	0	0	2	4	4
sim.704.007	none	2	0	1	1	1	2	2	0	1	4	4	4	1	0
sim.705.007	none	1	1	0	1	1	1	1	1	1	6	2	0	0	0
sim.706.007	none	0	0	0	0	0	0	0	0	0	0	3	2	7	5
sim.707.007	none	6	8	11	13	14	16	11	6	7	0	0	0	0	0
sim.708.007	none	1	2	6	9	11	11	12	9	6	0	0	0	0	0
sim.709.007	none	4	5	6	6	3	3	3	5	7	0	0	0	0	0
sim.71.007	none	0	0	0	0	0	0	0	0	0	11	8	8	5	11
sim.710.007	none	0	0	0	0	0	0	0	0	0	1	3	5	8	5
sim.711.007	none	0	2	1	1	0	2	2	2	1	0	3	0	0	0
sim.712.007	none	2	3	1	1	0	1	1	1	1	0	0	0	0	0
sim.713.007	none	0	0	0	0	0	0	0	0	0	2	1	2	3	5
sim.714.007	none	8	5	8	12	13	16	10	9	9	1	0	1	1	1
sim.715.007	none	1	1	2	3	2	2	1	1	2	1	3	0	0	0
sim.716.007	none	2	0	1	2	1	1	0	3	0	0	3	0	0	0
sim.717.007	none	1	2	4	1	1	1	0	0	0	0	0	0	0	0
sim.718.007	none	0	0	1	2	0	0	0	2	5	0	2	2	2	2
sim.719.007	none	0	0	0	0	0	0	0	0	0	1	1	2	2	1
sim.72.007	none	0	0	0	0	0	0	0	0	0	0	5	1	0	0
sim.720.007	none	0	0	0	0	0	0	0	0	0	4	6	0	1	1
sim.721.007	none	0	0	0	0	0	0	0	0	0	2	4	4	4	3
sim.722.007	none	0	0	0	0	0	0	0	0	0	2	9	3	3	2
sim.723.007	none	0	0	0	0	0	0	0	0	0	2	2	3	2	3
sim.724.007	none	2	2	0	0	0	0	0	0	0	0	0	0	0	0
sim.725.007	none	2	2	2	5	3	4	3	3	2	0	0	0	0	0
sim.726.007	none	0	0	0	0	0	0	0	0	0	2	0	7	3	5
sim.727.007	none	0	0	0	0	0	0	0	0	0	1	0	4	2	4
sim.728.007	none	4	3	5	5	4	4	2	5	5	4	6	0	0	0
sim.729.007	none	0	0	0	0	0	0	0	0	0	4	1	0	2	2
sim.73.007	none	3	5	1	5	4	3	3	4	3	0	0	0	0	0
sim.730.007	none	0	0	0	0	0	0	0	0	0	5	6	2	2	3
sim.731.007	none	0	1	3	3	4	4	2	2	4	0	0	0	0	0
sim.732.007	none	0	0	0	0	0	0	0	0	0	8	3	7	6	3
sim.733.007	none	1	0	0	2	1	1	1	0	1	0	0	0	0	0
sim.734.007	none	2	3	5	5	5	4	3	3	3	7	3	3	1	2
sim.735.007	none	0	0	0	0	0	0	0	0	0	4	4	0	0	0
sim.736.007	none	0	0	0	0	0	0	0	1	1	0	0	4	5	4
sim.737.007	none	0	0	0	0	0	0	0	0	0	1	2	0	3	2
sim.738.007	none	1	2	1	1	3	3	3	1	1	0	0	0	0	0
sim.739.007	none	0	0	0	0	0	0	0	0	0	2	1	1	0	1
sim.74.007	none	0	0	0	0	0	0	0	0	0	1	3	4	2	3
sim.740.007	none	3	3	2	2	2	2	2	2	1	2	0	6	3	2
sim.741.007	none	0	0	0	0	0	0	0	0	0	5	4	8	4	11
sim.742.007	none	0	0	0	0	0	0	0	0	0	4	0	0	0	0
sim.743.007	none	0	0	0	0	0	0	0	0	0	0	0	2	3	3
sim.744.007	none	0	0	0	0	0	0	0	0	0	9	8	7	3	5
sim.745.007	none	0	0	0	0	0	0	0	0	0	1	3	2	3	3
sim.746.007	none	0	0	1	2	1	1	1	0	1	0	0	0	0	0
sim.747.007	none	10	8	1	4	2	2	5	4	10	0	0	1	2	1
sim.748.007	none	1	1	2	1	1	1	1	1	1	0	0	0	0	0
sim.749.007	none	2	3	0	0	0	0	0	0	0	0	0	0	0	0
sim.75.007	none	3	3	1	3	4	3	5	4	4	4	5	5	0	1
sim.750.007	none	1	1	0	0	0	0	0	0	0	0	0	1	1	0
sim.751.007	none	2	3	1	1	2	2	1	2	1	2	1	3	0	0
sim.752.007	none	1	1	1	1	1	1	1	1	1	0	1	0	0	1
sim.753.007	none	2	3	0	1	1	1	1	1	1	5	3	1	0	1
sim.754.007	none	4	6	3	6	4	5	3	3	4	1	1	2	2	1
sim.755.007	none	0	1	2	1	0	0	0	2	2	4	7	4	3	3
sim.756.007	none	7	9	3	7	10	8	6	4	2	2	1	0	0	0
sim.757.007	none	4	2	0	0	0	0	0	0	0	2	6	0	3	2
sim.758.007	none	0	0	0	0	0	0	0	0	0	4	4	2	1	1
sim.759.007	none	0	2	12	6	2	3	6	5	5	0	0	0	0	0
sim.76.007	none	0	0	3	1	1	1	1	1	1	0	0	1	1	1
sim.760.007	none	1	3	6	3	4	5	7	11	3	0	0	0	0	0
sim.761.007	none	0	0	3	4	6	4	5	4	3	0	0	0	0	0
sim.762.007	none	0	0	0	0	0	0	0	0	0	2	2	1	1	0
sim.763.007	none	0	0	2	3	2	2	3	1	2	0	0	1	3	1
sim.764.007	none	6	11	3	3	6	6	4	5	3	0	0	0	0	0
sim.765.007	none	4	4	2	2	2	2	2	3	4	4	0	1	1	1
sim.766.007	none	1	2	4	3	4	3	6	3	3	0	0	0	0	0
sim.767.007	none	2	3	2	6	9	8	7	3	3	0	0	0	0	0
sim.768.007	none	0	3	4	4	4	6	5	2	2	0	0	0	0	0
sim.769.007	none	0	0	0	0	0	0	0	0	0	5	2	1	1	1
sim.77.007	none	0	0	0	0	0	0	0	0	0	1	1	0	1	1
sim.770.007	none	1	3	0	2	2	1	2	1	1	0	0	0	0	0
sim.771.007	none	0	0	0	0	0	0	0	0	0	1	1	5	4	5
sim.772.007	none	2	0	1	2	0	0	0	2	1	0	0	0	0	0
sim.773.007	none	1	2	3	5	4	4	5	0	1	0	0	1	3	2
sim.774.007	none	4	5	1	4	5	4	7	1	0	1	0	0	0	0
sim.775.007	none	9	8	4	9	7	7	7	8	8	1	5	2	2	1
sim.776.007	none	1	1	0	0	0	0	0	1	0	2	1	0	0	0
sim.777.007	none	0	0	0	0	0	0	0	0	0	6	4	3	4	2
sim.778.007	none	3	4	7	10	8	9	9	8	8	3	7	0	0	0
sim.779.007	none	4	4	2	3	3	4	4	3	3	0	0	0	0	0
sim.78.007	none	0	0	2	0	1	1	0	1	1	0	0	0	0	0
sim.780.007	none	0	0	0	0	0	0	0	0	0	0	1	1	1	1
sim.781.007	none	1	5	2	3	1	1	1	1	1	0	0	0	0	0
sim.782.007	none	0	0	0	0	0	0	0	0	0	1	2	1	3	3
sim.783.007	none	1	2	1	0	1	1	2	1	1	0	0	2	8	9
sim.784.007	none	5	5	5	2	7	5	2	5	5	0	0	0	0	0
sim.785.007	none	3	6	3	2	1	2	1	4	3	4	6	0	2	1
sim.786.007	none	4	9	2	5	4	5	5	3	2	0	0	0	0	0
sim.787.007	none	0	0	0	0	0	0	0	0	0	4	2	1	2	0
sim.788.007	none	2	0	0	1	3	2	4	1	1	0	0	0	0	0
sim.789.007	none	0	0	1	2	2	1	1	2	2	0	0	0	0	0
sim.79.007	none	3	3	3	2	3	3	2	0	0	0	0	0	0	0
sim.790.007	none	1	1	0	2	1	1	1	1	3	0	0	0	0	0
sim.791.007	none	3	3	0	1	0	0	0	1	1	0	0	0	0	0
sim.792.007	none	0	2	1	2	2	2	3	2	3	0	0	0	0	0
sim.793.007	none	0	0	0	0	0	0	0	0	0	1	0	1	5	5
sim.794.007	none	3	2	3	2	3	4	1	1	3	0	0	0	0	0
sim.795.007	none	0	1	3	3	0	1	2	1	1	10	8	5	2	3
sim.796.007	none	0	0	0	0	0	0	0	0	0	0	1	2	4	2
sim.797.007	none	5	7	3	1	4	4	2	1	0	0	0	0	0	0
sim.798.007	none	0	0	0	0	0	0	0	0	0	4	3	1	2	4
sim.799.007	none	9	3	4	6	4	4	3	4	6	0	0	0	0	0
sim.8.007	none	2	1	0	2	1	1	1	1	1	0	0	0	3	2
sim.80.007	none	1	2	1	3	2	1	3	0	0	0	0	2	4	3
sim.800.007	none	1	1	1	3	2	2	3	1	1	6	4	2	0	0
sim.801.007	none	3	3	7	7	11	13	8	5	8	0	0	0	0	0
sim.802.007	none	1	1	4	5	4	5	3	2	3	0	0	0	0	0
sim.803.007	none	8	13	5	7	3	3	6	3	3	2	2	3	2	0
sim.804.007	none	3	3	7	4	4	4	8	5	4	0	0	0	0	0
sim.805.007	none	0	0	0	0	0	0	0	0	0	1	3	0	0	0
sim.806.007	none	0	0	0	0	0	0	0	0	0	0	1	0	1	4
sim.807.007	none	0	1	0	1	3	2	1	1	0	0	0	0	0	0
sim.808.007	none	1	2	0	1	2	2	1	1	0	0	0	0	0	0
sim.809.007	none	0	0	1	1	1	1	1	3	1	0	0	2	3	4
sim.81.007	none	0	0	0	0	0	0	0	0	0	0	7	4	0	0
sim.810.007	none	0	0	0	0	0	0	0	0	0	6	7	6	9	6
sim.811.007	none	0	0	0	0	0	0	0	0	0	1	1	4	1	1
sim.812.007	none	0	1	1	2	2	2	1	1	1	0	0	0	0	0
sim.813.007	none	5	9	4	11	8	8	6	7	5	0	0	0	0	0
sim.814.007	none	1	2	1	2	0	0	1	4	3	3	3	0	2	2
sim.815.007	none	3	2	4	2	2	2	1	2	3	3	4	1	1	1
sim.816.007	none	5	2	4	3	1	2	2	3	5	0	0	0	0	0
sim.817.007	none	0	0	0	0	0	0	0	0	0	0	0	2	4	2
sim.818.007	none	0	0	0	0	0	0	0	0	0	2	3	1	0	0
sim.819.007	none	0	0	0	0	0	0	0	0	0	4	6	4	11	8
sim.82.007	none	1	3	2	0	0	0	0	1	1	0	0	0	0	0
sim.820.007	none	1	3	0	0	0	0	0	0	0	0	0	4	5	2
sim.821.007	none	2	2	0	2	1	1	2	2	2	4	3	3	5	6
sim.822.007	none	2	2	2	2	3	3	7	3	4	1	0	2	0	0
sim.823.007	none	0	1	1	0	1	1	0	2	2	0	1	0	0	0
sim.824.007	none	1	2	1	2	0	0	2	1	0	0	0	0	0	0
sim.825.007	none	2	3	0	1	1	2	1	1	2	0	0	0	0	0
sim.826.007	none	6	6	1	3	2	2	1	4	5	2	0	3	7	5
sim.827.007	none	0	0	0	0	0	0	0	0	0	1	5	2	1	2
sim.828.007	none	1	0	2	1	0	0	1	0	1	1	1	3	1	1
sim.829.007	none	1	2	1	1	1	1	1	4	3	1	0	1	1	1
sim.83.007	none	0	3	3	1	1	1	0	2	2	0	0	3	2	6
sim.830.007	none	0	0	0	0	0	0	0	0	0	1	2	4	7	7
sim.831.007	none	0	0	4	3	2	2	2	3	4	0	0	0	0	0
sim.832.007	none	1	2	0	0	0	0	0	0	0	0	0	2	1	1
sim.833.007	none	1	1	0	1	1	2	1	3	3	2	3	5	4	5
sim.834.007	none	0	0	0	0	0	0	0	0	0	4	1	5	8	8
sim.835.007	none	1	1	1	0	0	0	0	0	0	1	0	2	4	3
sim.836.007	none	2	1	0	0	1	1	1	3	1	0	0	0	0	0
sim.837.007	none	1	1	1	0	3	3	3	1	1	0	0	0	0	0
sim.838.007	none	0	1	1	1	1	1	1	0	0	0	2	0	2	2
sim.839.007	none	0	0	1	0	1	2	1	0	0	3	4	0	0	0
sim.84.007	none	0	0	0	0	0	0	0	0	0	0	0	1	2	2
sim.840.007	none	2	2	2	3	2	2	1	2	3	0	1	4	2	0
sim.841.007	none	0	0	1	2	4	4	3	0	2	0	1	1	1	1
sim.842.007	none	0	0	0	0	0	0	0	0	0	0	5	2	3	4
sim.843.007	none	0	0	0	0	0	0	0	0	0	2	4	5	2	3
sim.844.007	none	0	0	0	0	0	0	0	0	0	0	1	1	4	3
sim.845.007	none	0	0	0	0	0	0	0	0	0	1	2	2	1	1
sim.846.007	none	0	0	0	0	0	0	0	0	0	5	4	2	2	0
sim.847.007	none	8	8	2	4	5	4	2	3	3	3	1	0	0	0
sim.848.007	none	0	0	0	0	0	0	0	0	0	4	2	1	2	2
sim.849.007	none	0	0	0	0	0	0	0	0	0	0	0	1	2	3
sim.85.007	none	1	4	1	1	1	1	1	2	2	0	0	0	0	0
sim.850.007	none	0	1	1	1	1	1	1	0	2	0	0	0	0	0
sim.851.007	none	0	0	0	0	0	0	0	0	0	4	2	3	3	4
sim.852.007	none	0	0	0	0	0	0	0	0	0	1	5	5	8	7
sim.853.007	none	0	0	0	0	0	0	0	0	0	0	1	1	2	3
sim.854.007	none	0	0	0	0	0	0	0	0	0	4	2	2	1	1
sim.855.007	none	0	0	0	0	0	0	0	0	0	1	1	4	3	3
sim.856.007	none	4	8	7	5	5	5	5	7	3	0	0	0	0	0
sim.857.007	none	0	0	0	1	1	2	1	1	1	3	2	0	3	3
sim.858.007	none	0	0	0	0	0	0	0	0	0	1	2	3	2	1
sim.859.007	none	5	3	1	3	3	2	2	3	3	0	0	0	0	0
sim.86.007	none	4	1	3	1	3	3	2	4	1	0	0	0	0	0
sim.860.007	none	0	0	1	0	3	2	2	1	0	4	2	5	7	8
sim.861.007	none	6	5	1	2	2	2	1	2	2	2	1	0	0	0
sim.862.007	none	0	0	0	0	0	0	0	0	0	0	1	6	1	1
sim.863.007	none	0	0	1	1	1	2	1	1	1	0	0	0	0	0
sim.864.007	none	5	3	0	0	0	0	0	0	1	0	0	0	0	0
sim.865.007	none	1	6	3	5	4	3	3	2	2	0	0	4	4	3
sim.866.007	none	4	2	4	2	4	3	3	7	5	0	0	0	0	0
sim.867.007	none	0	0	0	0	0	0	0	0	0	10	5	2	1	2
sim.868.007	none	0	0	0	0	0	0	0	0	0	1	3	3	4	4
sim.869.007	none	0	0	0	0	0	0	0	0	0	0	0	2	0	2
sim.87.007	none	1	1	3	1	1	1	3	2	5	3	4	1	4	3
sim.870.007	none	0	0	0	0	0	0	0	0	0	1	1	3	2	2
sim.871.007	none	4	5	1	1	1	1	2	6	8	0	0	2	0	0
sim.872.007	none	1	5	1	1	1	1	1	1	0	0	0	0	0	0
sim.873.007	none	0	1	2	5	2	2	2	2	2	1	5	8	5	5
sim.874.007	none	1	1	1	1	0	0	0	0	1	2	1	0	0	0
sim.875.007	none	4	1	0	3	1	1	3	2	2	2	2	1	1	1
sim.876.007	none	5	4	1	4	2	2	2	6	3	0	2	0	1	1
sim.877.007	none	0	0	0	0	0	0	0	0	0	3	2	4	4	5
sim.878.007	none	8	5	1	3	4	1	5	3	2	0	0	0	0	0
sim.879.007	none	0	0	0	2	1	1	1	1	1	0	0	7	3	4
sim.88.007	none	0	1	2	1	5	6	3	5	6	0	0	0	0	0
sim.880.007	none	2	1	4	3	4	3	1	5	5	1	1	1	0	0
sim.881.007	none	2	0	0	1	1	1	0	0	1	1	6	4	3	2
sim.882.007	none	0	0	0	0	0	0	0	0	0	5	6	1	0	0
sim.883.007	none	0	0	2	1	1	1	0	1	1	0	0	0	0	0
sim.884.007	none	2	3	3	4	3	5	3	6	4	0	0	0	0	0
sim.885.007	none	1	2	0	0	0	0	0	1	2	0	0	2	1	1
sim.886.007	none	0	0	0	0	0	0	0	0	0	2	5	2	0	0
sim.887.007	none	2	1	0	1	2	1	0	2	1	0	0	0	0	0
sim.888.007	none	4	2	0	1	1	3	1	3	2	1	1	4	2	2
sim.889.007	none	0	0	6	7	7	8	7	4	3	6	3	2	0	0
sim.89.007	none	0	0	0	0	0	0	0	0	0	1	3	1	2	1
sim.890.007	none	1	1	3	2	2	1	2	0	0	3	2	0	0	0
sim.891.007	none	2	3	1	2	1	1	0	0	2	0	0	1	1	0
sim.892.007	none	2	0	0	0	0	0	0	0	0	0	0	2	2	2
sim.893.007	none	2	1	0	0	0	0	0	0	0	2	2	2	0	0
sim.894.007	none	2	1	1	0	1	1	2	1	1	0	0	0	0	0
sim.895.007	none	1	1	2	2	1	1	2	3	3	1	1	0	1	1
sim.896.007	none	8	8	3	1	1	1	3	4	7	2	3	2	1	2
sim.897.007	none	0	0	0	0	0	0	0	0	0	7	8	2	3	3
sim.898.007	none	0	0	0	0	0	0	0	0	0	0	0	2	3	3
sim.899.007	none	0	0	0	0	0	0	0	0	0	3	4	9	9	6
sim.9.007	none	0	0	0	0	0	0	0	0	0	0	2	4	10	12
sim.90.007	none	0	0	0	0	0	0	0	0	0	4	5	3	3	4
sim.900.007	none	0	0	0	0	0	0	0	0	0	1	3	4	9	9
sim.901.007	none	2	1	1	1	0	0	1	1	1	0	0	3	2	1
sim.902.007	none	0	0	0	0	0	0	0	0	0	0	0	5	2	2
sim.903.007	none	6	4	12	12	15	12	13	11	12	0	1	0	2	1
sim.904.007	none	0	0	0	0	0	0	0	0	0	1	3	8	3	5
sim.905.007	none	0	0	0	0	0	0	0	0	0	3	1	0	3	1
sim.906.007	none	6	2	4	8	12	12	12	6	7	0	0	0	0	0
sim.907.007	none	4	5	3	2	2	3	2	9	5	4	4	1	0	0
sim.908.007	none	0	0	0	0	0	0	0	0	0	1	2	7	6	5
sim.909.007	none	3	8	3	6	4	4	7	5	8	0	0	0	0	0
sim.91.007	none	0	0	0	0	0	0	0	0	0	3	1	1	1	0
sim.910.007	none	0	0	0	0	0	0	0	0	0	0	0	3	1	2
sim.911.007	none	2	0	0	0	0	0	0	0	0	1	3	2	1	1
sim.912.007	none	1	1	0	0	0	0	0	0	0	0	0	1	1	1
sim.913.007	none	0	0	0	0	0	0	0	0	0	3	3	0	0	0
sim.914.007	none	1	3	4	2	1	0	2	4	5	2	3	0	1	1
sim.915.007	none	6	6	0	0	0	0	0	0	0	0	0	0	0	0
sim.916.007	none	0	0	0	0	0	0	0	0	0	9	5	8	8	7
sim.917.007	none	0	0	0	0	0	0	0	0	0	4	2	0	0	0
sim.918.007	none	2	1	0	0	0	0	0	0	0	2	0	0	0	0
sim.919.007	none	0	0	0	0	0	0	0	0	0	13	12	2	7	4
sim.92.007	none	0	0	0	0	0	0	0	0	0	3	2	2	3	1
sim.920.007	none	4	4	2	1	2	2	3	2	1	1	0	0	1	0
sim.921.007	none	0	1	4	6	1	1	2	3	3	0	0	0	0	0
sim.922.007	none	1	2	2	4	3	5	4	5	2	1	4	0	0	0
sim.923.007	none	0	2	1	2	0	1	2	0	1	0	0	0	0	0
sim.924.007	none	1	2	1	0	1	1	2	2	1	0	4	0	0	0
sim.925.007	none	0	0	3	3	3	5	3	1	3	6	4	7	8	6
sim.926.007	none	6	2	0	1	2	2	2	2	2	2	0	4	5	7
sim.927.007	none	1	3	2	0	0	0	0	0	0	5	5	5	2	4
sim.928.007	none	1	1	5	3	1	1	1	2	0	0	0	0	0	0
sim.929.007	none	7	2	4	5	7	7	7	12	9	3	2	4	4	2
sim.93.007	none	4	2	0	0	0	0	0	3	0	0	0	0	0	0
sim.930.007	none	1	3	5	2	2	2	3	3	3	4	2	4	6	3
sim.931.007	none	0	0	2	0	1	1	2	0	0	0	0	0	0	0
sim.932.007	none	1	0	1	1	1	1	1	1	3	0	0	0	0	0
sim.933.007	none	2	1	3	1	1	1	2	1	1	1	0	7	3	5
sim.934.007	none	0	0	0	0	0	0	0	0	0	1	4	1	1	2
sim.935.007	none	0	0	0	0	0	0	0	0	0	15	8	3	2	1
sim.936.007	none	0	0	0	0	0	0	0	0	0	5	1	1	5	3
sim.937.007	none	3	11	3	4	4	4	5	6	5	0	0	0	0	0
sim.938.007	none	0	1	3	2	2	4	3	0	0	1	3	3	1	1
sim.939.007	none	0	0	0	0	0	0	0	0	0	4	2	0	0	0
sim.94.007	none	0	0	0	0	0	0	0	0	0	3	1	0	0	0
sim.940.007	none	0	0	0	0	0	0	0	0	0	2	0	1	0	1
sim.941.007	none	6	5	10	10	8	9	11	9	7	0	0	6	6	5
sim.942.007	none	1	3	1	6	4	4	6	1	1	6	4	0	0	0
sim.943.007	none	1	3	3	1	1	2	3	2	2	0	0	0	0	0
sim.944.007	none	0	0	0	0	0	0	0	0	0	3	1	6	8	6
sim.945.007	none	2	1	0	0	1	1	1	1	1	1	3	0	0	0
sim.946.007	none	0	0	1	1	2	1	0	0	0	5	4	0	0	0
sim.947.007	none	0	0	0	0	0	0	0	0	0	1	1	5	2	2
sim.948.007	none	2	0	0	0	0	1	1	3	2	0	0	0	0	0
sim.949.007	none	0	0	1	0	2	2	2	0	1	10	9	1	0	0
sim.95.007	none	0	0	0	0	0	0	0	0	0	8	8	1	1	2
sim.950.007	none	0	0	0	0	0	0	0	0	0	3	1	0	0	0
sim.951.007	none	0	0	0	0	0	0	0	0	0	2	4	0	4	3
sim.952.007	none	0	1	3	3	3	6	3	2	1	5	6	2	3	4
sim.953.007	none	0	0	0	1	1	1	1	2	2	7	4	0	0	0
sim.954.007	none	2	2	1	2	2	3	2	1	1	0	0	0	0	0
sim.955.007	none	1	0	0	0	0	0	0	3	5	1	2	0	0	0
sim.956.007	none	2	0	1	3	3	1	2	2	1	3	2	1	2	1
sim.957.007	none	2	2	2	1	1	1	1	2	2	0	0	0	0	0
sim.958.007	none	0	1	1	0	0	1	1	1	0	0	0	0	0	0
sim.959.007	none	1	1	5	6	1	3	6	5	4	0	0	0	0	0
sim.96.007	none	7	5	9	3	4	4	3	4	3	0	0	0	0	0
sim.960.007	none	1	1	3	3	3	2	6	2	2	0	0	0	0	0
sim.961.007	none	5	5	6	8	10	8	12	6	7	2	1	0	0	0
sim.962.007	none	0	0	0	0	0	0	0	0	0	0	0	3	2	1
sim.963.007	none	0	2	4	4	1	1	1	1	1	0	0	0	0	0
sim.964.007	none	4	8	1	1	5	3	2	1	4	4	2	0	0	0
sim.965.007	none	0	0	1	2	2	1	2	0	1	0	0	0	0	0
sim.966.007	none	0	1	1	1	1	1	1	2	1	0	0	0	0	0
sim.967.007	none	7	6	6	4	6	5	9	5	5	0	0	0	0	0
sim.968.007	none	0	0	0	0	0	0	0	0	0	5	2	4	5	3
sim.969.007	none	0	0	0	0	0	0	0	0	0	15	4	8	8	7
sim.97.007	none	0	0	0	0	0	0	0	0	0	4	5	6	2	3
sim.970.007	none	3	3	0	1	1	1	2	6	5	0	0	0	0	0
sim.971.007	none	2	2	4	4	1	2	4	4	5	1	3	4	6	6
sim.972.007	none	2	4	2	2	2	2	3	5	4	0	0	0	0	0
sim.973.007	none	1	1	1	0	2	3	1	1	3	0	0	0	0	0
sim.974.007	none	3	4	2	2	2	3	0	3	3	0	0	0	0	0
sim.975.007	none	0	0	0	0	0	0	0	0	0	3	2	4	4	4
sim.976.007	none	5	6	6	5	2	3	5	8	5	7	12	2	5	10
sim.977.007	none	0	0	0	0	0	0	0	0	0	6	2	0	1	1
sim.978.007	none	0	0	0	0	0	0	0	0	0	0	0	1	1	2
sim.979.007	none	1	1	5	6	4	4	7	4	2	0	0	0	0	0
sim.98.007	none	0	0	0	0	0	0	0	0	0	0	1	1	2	3
sim.980.007	none	0	0	0	0	0	0	0	0	0	9	5	0	0	0
sim.981.007	none	0	0	0	0	0	0	0	0	0	2	1	1	1	2
sim.982.007	none	0	0	0	0	0	0	0	0	0	5	3	1	2	2
sim.983.007	none	1	0	3	2	3	1	2	1	1	0	0	0	0	0
sim.984.007	none	0	0	0	0	0	0	0	0	0	5	3	8	10	8
sim.985.007	none	4	3	4	3	3	2	1	2	4	0	0	0	0	0
sim.986.007	none	2	2	0	0	0	0	0	0	0	0	0	0	0	0
sim.987.007	none	0	0	0	0	0	0	0	0	0	1	0	4	4	2
sim.988.007	none	5	4	4	1	2	2	2	4	3	0	0	0	0	0
sim.989.007	none	0	0	0	0	0	0	0	0	0	1	1	3	0	1
sim.99.007	none	0	0	0	0	0	0	0	0	0	2	2	0	0	0
sim.990.007	none	0	1	1	2	1	1	2	0	1	4	3	1	3	2
sim.991.007	none	8	5	0	0	0	0	0	3	0	0	0	0	0	0
sim.992.007	none	4	5	2	6	6	4	9	4	5	0	0	0	0	0
sim.993.007	none	2	3	2	2	0	1	1	2	1	0	1	1	4	3
sim.994.007	none	1	2	1	2	2	2	1	1	1	0	0	0	0	0
sim.995.007	none	0	0	0	0	0	0	0	0	0	1	1	3	1	0
sim.996.007	none	2	1	1	1	1	1	1	1	1	0	0	0	0	0
sim.997.007	none	0	0	0	0	0	0	0	0	0	0	0	4	5	5
sim.998.007	none	1	3	0	0	0	0	0	0	0	0	0	0	0	0
sim.999.007	none	2	2	2	2	3	4	1	0	0	0	1	0	0	0
