OGS	desc	musDom	gloMor	droWil	droPse	droYak	droMel	droAna	droVir	droMoj	culQui	aedAeg	anoDar	anoSte	anoGam
sim.0.014	none	0	0	0	0	0	0	0	0	0	0	1	4	2	1
sim.1.014	none	0	0	0	0	0	0	0	0	0	1	6	0	5	0
sim.10.014	none	0	0	0	0	0	0	0	0	0	11	9	1	7	8
sim.100.014	none	0	0	0	0	0	0	0	0	0	12	8	1	9	10
sim.101.014	none	0	0	0	0	0	0	0	0	0	5	2	19	10	10
sim.102.014	none	0	0	7	0	0	0	0	1	1	4	5	0	0	0
sim.103.014	none	0	0	3	0	2	0	1	5	4	0	0	0	0	0
sim.104.014	none	3	6	13	9	8	10	8	12	8	0	0	0	0	0
sim.105.014	none	0	0	0	0	0	0	0	0	0	6	1	7	12	9
sim.106.014	none	0	0	1	2	1	2	5	0	0	0	2	0	0	0
sim.107.014	none	0	0	0	0	0	0	0	0	0	5	10	2	2	2
sim.108.014	none	4	5	1	1	2	1	1	1	2	0	0	0	0	0
sim.109.014	none	8	1	9	13	10	4	14	5	3	0	0	0	0	0
sim.11.014	none	0	0	0	1	3	2	1	2	0	0	0	0	0	0
sim.110.014	none	0	0	0	0	0	0	0	0	0	8	5	8	2	5
sim.111.014	none	3	1	0	4	0	1	2	0	0	0	0	0	0	0
sim.112.014	none	0	0	1	5	2	3	2	3	3	1	0	0	2	2
sim.113.014	none	4	0	4	3	2	1	1	5	5	17	18	5	8	10
sim.114.014	none	0	1	0	2	1	1	1	0	3	0	5	4	1	1
sim.115.014	none	2	2	2	2	1	2	2	7	9	0	0	0	0	0
sim.116.014	none	5	6	12	10	5	3	7	6	7	2	0	0	0	0
sim.117.014	none	0	0	0	0	0	0	0	0	0	4	1	7	3	3
sim.118.014	none	1	7	6	1	1	3	0	3	2	0	2	0	0	0
sim.119.014	none	3	2	1	3	1	0	1	0	0	0	0	0	0	0
sim.12.014	none	0	0	0	0	0	0	0	0	0	11	4	0	0	0
sim.120.014	none	0	0	0	0	0	0	0	0	0	0	0	10	9	5
sim.121.014	none	0	0	0	0	0	0	0	0	0	5	0	0	0	0
sim.122.014	none	0	0	0	0	0	0	0	0	0	7	5	9	0	2
sim.123.014	none	1	1	0	0	1	4	1	0	0	0	0	3	1	1
sim.124.014	none	2	5	1	3	2	2	4	7	10	0	0	0	0	0
sim.125.014	none	0	3	9	6	10	7	11	1	1	0	0	0	0	0
sim.126.014	none	1	1	0	0	0	0	0	0	0	3	12	0	0	2
sim.127.014	none	0	0	0	0	0	0	0	0	0	1	0	3	3	5
sim.128.014	none	0	0	0	0	0	0	0	0	0	10	6	0	0	0
sim.129.014	none	0	0	0	0	0	0	0	0	0	7	2	2	14	8
sim.13.014	none	4	4	11	10	12	12	13	1	0	0	0	0	0	0
sim.130.014	none	0	0	0	0	0	0	0	0	0	2	5	3	7	8
sim.131.014	none	0	0	0	0	0	0	0	0	0	6	1	4	1	2
sim.132.014	none	0	0	0	0	0	0	0	0	0	3	8	4	3	6
sim.133.014	none	0	1	4	2	3	3	4	2	1	2	0	9	3	1
sim.134.014	none	0	0	0	0	0	0	0	0	0	5	4	0	5	10
sim.135.014	none	0	0	0	0	0	0	0	0	0	4	1	0	0	0
sim.136.014	none	0	0	0	0	0	0	0	0	0	12	7	0	0	0
sim.137.014	none	0	0	0	0	0	0	0	0	0	6	5	0	0	0
sim.138.014	none	1	0	0	4	3	1	3	1	2	1	1	0	0	0
sim.139.014	none	0	0	0	0	0	0	0	0	0	5	10	14	5	4
sim.14.014	none	0	0	0	0	0	0	0	0	0	7	5	7	0	0
sim.140.014	none	4	5	4	1	3	6	1	2	2	9	2	0	8	3
sim.141.014	none	0	0	0	0	0	0	0	0	0	0	0	1	2	2
sim.142.014	none	0	0	0	0	0	0	0	0	0	8	4	3	4	7
sim.143.014	none	0	0	0	0	0	0	0	0	0	4	5	10	18	11
sim.144.014	none	0	0	1	0	0	0	0	1	3	0	0	0	0	0
sim.145.014	none	0	0	4	6	7	8	6	10	11	0	0	0	0	0
sim.146.014	none	4	2	2	3	5	4	1	7	4	0	0	0	0	0
sim.147.014	none	0	0	0	0	0	0	0	0	0	2	6	7	7	4
sim.148.014	none	0	0	0	0	0	0	0	0	0	5	5	1	4	3
sim.149.014	none	1	0	5	1	1	1	2	3	3	0	0	0	0	0
sim.15.014	none	0	0	0	0	0	0	0	0	0	0	12	0	0	0
sim.150.014	none	0	0	0	0	0	0	0	0	0	0	0	3	4	7
sim.151.014	none	1	1	4	2	0	1	1	3	0	0	0	2	0	0
sim.152.014	none	9	4	4	2	1	3	2	3	9	0	1	0	0	0
sim.153.014	none	0	0	0	0	0	0	0	0	0	6	4	8	12	10
sim.154.014	none	11	7	3	1	3	5	3	12	6	0	0	0	0	0
sim.155.014	none	27	21	1	6	1	3	4	3	4	0	0	0	0	0
sim.156.014	none	0	0	0	0	0	0	0	0	0	17	12	18	17	13
sim.157.014	none	4	0	0	1	2	2	1	2	2	0	0	0	0	0
sim.158.014	none	0	0	0	0	0	0	0	0	0	0	0	3	14	10
sim.159.014	none	0	0	0	0	0	0	0	0	0	0	4	0	0	0
sim.16.014	none	6	14	11	12	7	6	9	19	32	0	0	0	0	0
sim.160.014	none	1	1	0	0	2	0	1	4	3	0	0	0	0	0
sim.161.014	none	0	0	0	0	6	3	4	2	2	1	2	8	26	16
sim.162.014	none	0	0	0	0	0	0	0	0	0	5	11	6	1	5
sim.163.014	none	1	1	7	4	9	9	3	9	10	0	0	0	0	0
sim.164.014	none	0	0	0	0	0	0	0	0	0	0	0	2	2	7
sim.165.014	none	8	5	1	0	1	1	1	0	0	2	0	6	5	4
sim.166.014	none	0	0	0	0	0	0	0	0	0	11	1	0	0	0
sim.167.014	none	8	2	4	4	6	4	8	3	11	0	0	0	0	0
sim.168.014	none	1	2	2	1	2	3	0	0	3	0	0	0	0	0
sim.169.014	none	0	0	0	0	0	0	0	0	0	1	5	0	0	0
sim.17.014	none	0	0	0	0	0	0	0	0	0	2	0	5	16	13
sim.170.014	none	0	0	0	0	0	0	0	0	0	4	10	4	3	6
sim.171.014	none	0	0	4	3	2	2	2	1	2	0	0	0	0	0
sim.172.014	none	8	10	6	8	6	4	5	8	5	0	0	0	0	0
sim.173.014	none	1	0	0	0	2	1	1	7	2	0	0	0	0	0
sim.174.014	none	0	0	0	0	0	0	0	0	0	3	6	3	2	1
sim.175.014	none	5	10	7	6	14	15	8	9	7	0	0	0	0	0
sim.176.014	none	0	0	0	0	0	0	0	0	0	5	2	2	5	1
sim.177.014	none	0	0	0	0	0	0	0	0	0	1	1	2	1	3
sim.178.014	none	0	2	0	4	2	2	2	1	3	0	0	0	0	0
sim.179.014	none	8	8	6	9	12	11	15	14	8	0	0	0	0	0
sim.18.014	none	0	0	0	0	0	0	0	0	0	3	2	6	6	5
sim.180.014	none	1	1	4	0	1	1	1	8	3	0	0	0	0	0
sim.181.014	none	1	0	1	4	11	5	6	4	1	2	1	0	0	1
sim.182.014	none	0	0	0	0	0	0	0	0	0	5	6	0	1	0
sim.183.014	none	0	0	0	0	0	0	0	0	0	2	9	7	5	5
sim.184.014	none	0	0	0	0	0	0	0	0	0	0	0	5	0	2
sim.185.014	none	0	1	0	4	3	3	2	2	1	1	4	1	2	2
sim.186.014	none	0	0	0	0	0	0	0	0	0	1	3	0	0	0
sim.187.014	none	10	11	1	7	2	2	2	2	1	1	0	0	0	1
sim.188.014	none	2	1	3	2	5	4	11	2	4	0	0	0	0	0
sim.189.014	none	4	4	0	0	0	0	0	0	0	0	0	0	0	0
sim.19.014	none	0	0	0	0	0	0	0	0	0	13	4	6	7	7
sim.190.014	none	0	0	0	0	0	0	0	0	0	1	3	5	1	3
sim.191.014	none	0	0	0	0	0	0	0	0	0	4	2	0	0	0
sim.192.014	none	3	1	7	4	5	2	5	0	1	1	0	3	1	4
sim.193.014	none	0	0	0	0	0	0	0	0	0	0	1	29	15	13
sim.194.014	none	0	0	0	0	0	0	0	0	0	2	1	0	2	0
sim.195.014	none	1	2	0	2	2	2	3	0	0	0	0	0	0	0
sim.196.014	none	3	4	0	2	1	1	0	2	0	0	0	0	0	0
sim.197.014	none	2	4	2	2	2	5	3	1	1	3	0	0	0	0
sim.198.014	none	2	1	0	4	1	0	1	1	1	0	0	0	0	0
sim.199.014	none	0	0	0	0	0	0	0	0	0	6	7	1	2	1
sim.2.014	none	9	4	6	5	3	3	6	5	2	0	0	0	0	0
sim.20.014	none	0	0	0	0	0	0	0	0	0	4	9	0	4	4
sim.200.014	none	21	17	10	4	6	5	3	6	7	0	0	0	0	0
sim.201.014	none	0	0	0	0	0	0	0	0	0	3	2	0	4	1
sim.202.014	none	5	10	28	21	16	14	17	23	12	0	0	0	0	0
sim.203.014	none	7	5	3	1	1	1	1	1	0	0	0	0	0	0
sim.204.014	none	4	4	2	1	3	4	8	3	5	0	0	0	0	0
sim.205.014	none	0	0	0	0	0	0	0	0	0	10	4	0	0	0
sim.206.014	none	0	0	0	0	0	0	0	0	0	1	2	0	1	0
sim.207.014	none	0	0	2	0	0	0	0	4	0	0	0	0	0	0
sim.208.014	none	0	0	0	0	0	0	0	0	0	1	2	2	1	1
sim.209.014	none	4	2	0	0	1	1	1	2	4	0	0	0	0	0
sim.21.014	none	14	14	16	18	17	18	12	9	9	0	0	0	0	0
sim.210.014	none	0	0	0	0	0	0	0	0	0	2	5	0	0	0
sim.211.014	none	0	0	0	0	0	0	0	0	0	2	3	9	1	7
sim.212.014	none	17	6	3	3	2	0	1	1	7	3	3	1	2	4
sim.213.014	none	6	7	3	5	5	6	5	5	3	0	0	0	0	0
sim.214.014	none	0	0	4	1	1	1	2	3	3	0	0	0	0	0
sim.215.014	none	0	0	12	7	5	4	7	3	5	0	0	0	0	0
sim.216.014	none	0	0	0	0	0	0	0	0	0	0	0	9	1	4
sim.217.014	none	0	0	3	1	1	1	1	1	3	1	7	0	2	2
sim.218.014	none	4	2	0	0	0	0	0	0	0	2	0	3	0	0
sim.219.014	none	0	0	0	0	0	0	0	0	0	7	6	6	1	11
sim.22.014	none	9	6	6	8	1	3	11	4	1	1	0	11	5	0
sim.220.014	none	0	0	0	0	0	0	0	0	0	0	0	13	15	11
sim.221.014	none	3	2	2	6	5	4	8	2	1	0	0	0	0	0
sim.222.014	none	4	2	1	2	3	3	3	3	1	0	0	0	0	0
sim.223.014	none	0	0	0	0	0	0	0	0	0	7	15	11	8	10
sim.224.014	none	3	0	4	2	2	3	1	0	0	0	0	0	0	0
sim.225.014	none	4	3	2	3	3	2	2	0	2	0	0	0	0	0
sim.226.014	none	0	1	0	0	0	0	0	0	0	1	6	4	4	0
sim.227.014	none	0	0	4	2	5	4	5	3	1	0	0	0	0	0
sim.228.014	none	10	5	2	8	3	5	2	9	5	17	6	0	1	1
sim.229.014	none	4	5	12	8	12	12	12	7	9	17	8	6	4	3
sim.23.014	none	0	0	0	0	0	0	0	0	0	3	2	5	1	2
sim.230.014	none	6	1	3	9	4	4	5	8	8	0	0	0	0	0
sim.231.014	none	0	0	0	0	0	0	0	0	0	8	4	0	1	0
sim.232.014	none	0	0	14	8	4	2	1	4	7	0	0	0	0	0
sim.233.014	none	3	0	4	6	6	5	4	2	1	3	5	1	6	9
sim.234.014	none	2	6	2	2	2	3	1	1	1	0	0	0	0	0
sim.235.014	none	0	0	0	0	0	0	0	0	0	13	6	0	0	0
sim.236.014	none	2	1	0	0	0	0	0	0	0	5	0	0	1	1
sim.237.014	none	11	5	13	10	5	8	8	9	5	0	0	0	0	0
sim.238.014	none	0	0	0	0	0	0	0	3	6	0	0	0	0	0
sim.239.014	none	1	2	5	1	0	0	0	1	1	0	0	0	0	0
sim.24.014	none	1	2	5	6	4	5	7	4	6	8	8	1	8	6
sim.240.014	none	6	6	7	0	4	4	4	4	4	0	0	0	0	0
sim.241.014	none	0	0	0	0	0	0	0	0	0	1	5	6	0	0
sim.242.014	none	2	0	2	3	7	5	6	6	1	0	0	0	0	0
sim.243.014	none	4	0	0	0	0	0	0	0	0	0	0	0	0	0
sim.244.014	none	17	10	10	8	10	5	21	7	10	0	0	0	0	0
sim.245.014	none	0	0	0	0	0	0	0	0	0	0	0	3	3	7
sim.246.014	none	1	1	7	9	6	4	6	1	3	0	0	0	0	0
sim.247.014	none	0	0	0	0	0	0	0	0	0	1	1	5	6	4
sim.248.014	none	2	3	7	6	3	3	6	2	1	0	0	0	0	0
sim.249.014	none	2	2	3	3	2	3	3	1	2	0	0	0	0	0
sim.25.014	none	0	0	0	0	0	0	0	0	0	5	2	1	5	7
sim.250.014	none	8	3	2	2	2	2	3	5	3	0	0	5	7	11
sim.251.014	none	0	0	0	0	0	0	0	0	0	0	0	2	2	3
sim.252.014	none	3	2	0	0	0	0	0	0	0	1	2	0	0	0
sim.253.014	none	3	3	0	0	0	0	0	0	0	8	3	0	0	0
sim.254.014	none	0	0	0	0	0	0	0	0	0	0	0	2	3	0
sim.255.014	none	0	0	0	0	0	0	0	0	0	6	9	9	3	12
sim.256.014	none	0	0	0	0	0	0	0	0	0	0	7	0	0	0
sim.257.014	none	0	0	0	0	0	0	0	0	0	0	0	7	11	7
sim.258.014	none	0	0	0	0	0	0	0	0	0	3	3	4	5	3
sim.259.014	none	0	0	0	0	0	0	0	0	0	7	7	0	0	0
sim.26.014	none	0	0	0	0	0	0	0	0	0	20	23	1	0	1
sim.260.014	none	0	0	4	1	0	0	1	2	3	0	0	0	0	0
sim.261.014	none	2	7	3	8	6	5	6	9	5	9	8	2	5	2
sim.262.014	none	1	0	6	1	3	4	1	0	0	0	0	0	0	0
sim.263.014	none	2	0	1	1	0	1	1	0	0	0	0	0	0	0
sim.264.014	none	0	1	1	0	0	0	0	0	0	6	4	7	6	2
sim.265.014	none	9	3	3	3	2	4	3	7	13	13	0	0	0	0
sim.266.014	none	6	7	5	6	6	8	7	5	7	3	7	8	10	7
sim.267.014	none	0	0	0	0	0	0	0	0	0	14	18	14	4	2
sim.268.014	none	0	0	0	0	0	0	0	0	0	0	0	1	5	8
sim.269.014	none	0	0	0	0	0	0	0	0	0	2	1	12	4	2
sim.27.014	none	0	0	0	2	0	0	0	0	0	0	0	2	1	2
sim.270.014	none	4	5	2	8	2	1	1	7	6	0	0	0	0	0
sim.271.014	none	0	0	0	0	0	0	0	0	0	0	1	2	3	2
sim.272.014	none	0	0	0	0	0	0	0	0	0	1	1	1	5	4
sim.273.014	none	1	2	0	0	0	0	0	0	0	2	3	0	0	0
sim.274.014	none	1	1	1	3	1	1	0	6	5	0	0	0	0	0
sim.275.014	none	0	0	0	0	0	0	0	0	0	2	2	0	0	0
sim.276.014	none	0	0	0	0	0	0	0	0	0	2	1	0	1	1
sim.277.014	none	0	0	0	0	0	0	0	0	0	0	0	3	3	4
sim.278.014	none	8	4	8	3	3	3	4	10	9	0	0	0	0	0
sim.279.014	none	0	0	0	0	0	0	0	0	0	0	0	1	2	7
sim.28.014	none	7	6	9	6	10	9	5	7	12	0	0	0	0	0
sim.280.014	none	0	0	6	8	2	4	8	7	4	0	0	0	0	0
sim.281.014	none	0	4	6	5	4	4	1	3	2	1	2	6	2	3
sim.282.014	none	0	0	0	0	0	0	0	0	0	13	6	0	5	7
sim.283.014	none	0	6	3	0	2	2	1	6	4	0	0	2	3	2
sim.284.014	none	11	13	4	10	12	12	10	15	14	0	0	0	0	0
sim.285.014	none	0	0	0	0	0	0	0	0	0	1	3	0	0	0
sim.286.014	none	0	0	0	0	0	0	0	0	0	7	4	0	0	0
sim.287.014	none	13	12	4	5	13	11	7	15	11	0	0	1	2	0
sim.288.014	none	0	0	0	0	0	0	0	0	0	0	0	2	0	2
sim.289.014	none	2	3	7	7	6	6	8	3	8	0	0	0	0	0
sim.29.014	none	0	0	0	0	0	0	0	0	0	7	3	12	9	5
sim.290.014	none	0	0	0	0	0	0	0	0	0	3	2	3	0	0
sim.291.014	none	2	3	14	8	10	13	7	3	6	0	0	0	0	0
sim.292.014	none	10	8	0	4	4	6	1	2	6	0	2	0	0	0
sim.293.014	none	0	0	0	0	0	0	0	0	0	5	5	7	1	2
sim.294.014	none	0	0	0	0	0	0	0	0	0	0	1	2	4	6
sim.295.014	none	8	11	10	7	10	11	13	9	13	0	0	0	0	0
sim.296.014	none	4	1	2	2	2	2	2	7	9	0	0	0	0	0
sim.297.014	none	1	5	0	0	0	0	1	0	0	0	0	0	0	0
sim.298.014	none	0	0	0	0	0	0	0	0	0	3	0	0	1	1
sim.299.014	none	0	0	0	0	0	0	0	0	0	6	3	0	0	0
sim.3.014	none	0	0	0	0	0	0	0	0	0	7	8	3	5	5
sim.30.014	none	0	0	0	0	0	0	0	0	0	0	0	0	2	7
sim.300.014	none	2	1	4	0	1	1	0	0	0	5	2	0	0	0
sim.301.014	none	2	1	9	13	18	14	9	14	11	1	2	0	0	0
sim.302.014	none	0	0	0	0	0	0	0	0	0	0	1	14	10	8
sim.303.014	none	2	6	2	1	0	0	0	0	0	0	0	0	0	0
sim.304.014	none	0	0	0	0	0	0	0	0	0	6	13	12	10	7
sim.305.014	none	9	8	2	9	3	2	2	9	9	0	0	8	9	6
sim.306.014	none	5	3	7	10	9	9	14	5	7	0	0	0	0	0
sim.307.014	none	0	0	0	0	0	0	0	0	0	4	1	0	0	0
sim.308.014	none	0	0	0	0	0	0	0	0	0	3	5	15	4	5
sim.309.014	none	2	1	7	11	15	18	12	8	8	0	0	0	0	0
sim.31.014	none	0	2	9	1	2	3	8	5	12	1	2	0	0	0
sim.310.014	none	0	0	0	0	0	0	0	0	0	0	0	9	3	4
sim.311.014	none	1	0	0	1	3	1	1	4	3	0	0	0	0	0
sim.312.014	none	0	0	0	0	0	0	0	0	0	0	1	3	7	5
sim.313.014	none	2	2	2	1	1	1	1	0	0	0	0	0	0	0
sim.314.014	none	1	1	0	0	0	0	0	0	0	6	12	12	7	9
sim.315.014	none	0	0	0	0	0	0	0	0	0	0	0	4	4	4
sim.316.014	none	0	0	0	0	0	0	0	0	0	0	0	2	3	1
sim.317.014	none	0	0	0	0	0	0	0	0	0	2	2	7	3	1
sim.318.014	none	0	0	1	2	0	1	1	1	2	0	0	0	0	0
sim.319.014	none	6	2	7	7	2	6	1	15	12	0	0	0	0	0
sim.32.014	none	0	0	0	0	0	0	0	0	0	0	0	1	2	3
sim.320.014	none	19	15	4	0	3	1	1	3	2	0	0	0	0	0
sim.321.014	none	1	1	0	0	0	0	0	0	0	5	0	0	0	0
sim.322.014	none	2	6	9	6	6	8	7	4	4	3	4	0	0	0
sim.323.014	none	7	12	1	0	1	1	1	0	0	0	0	0	0	0
sim.324.014	none	0	0	0	0	0	0	0	0	0	3	0	5	5	3
sim.325.014	none	1	1	3	2	2	2	1	3	2	0	0	9	4	4
sim.326.014	none	0	0	0	1	0	0	0	0	2	0	0	0	1	1
sim.327.014	none	0	0	0	0	0	0	0	0	0	5	7	4	0	1
sim.328.014	none	0	0	0	0	0	0	0	0	0	2	3	0	1	0
sim.329.014	none	1	1	4	3	0	0	0	2	0	0	0	1	1	2
sim.33.014	none	0	0	0	0	0	0	0	0	0	2	7	10	3	1
sim.330.014	none	8	11	5	2	4	6	4	5	6	0	0	0	0	0
sim.331.014	none	0	0	0	0	0	0	0	0	0	8	11	0	1	1
sim.332.014	none	2	3	3	0	3	2	3	1	1	0	0	0	0	0
sim.333.014	none	0	0	6	3	2	2	0	5	2	0	0	0	0	0
sim.334.014	none	4	3	2	3	6	3	3	2	6	3	3	2	8	9
sim.335.014	none	0	0	0	0	0	0	0	0	0	0	2	2	7	4
sim.336.014	none	3	10	3	6	6	5	4	5	9	0	0	0	0	0
sim.337.014	none	0	0	0	0	0	0	0	0	0	9	6	3	6	2
sim.338.014	none	5	2	5	2	4	3	5	2	3	0	0	0	0	0
sim.339.014	none	0	0	0	0	0	0	0	0	0	0	2	0	3	2
sim.34.014	none	0	1	4	5	5	7	10	1	1	1	0	2	1	0
sim.340.014	none	6	12	1	5	5	8	9	0	3	5	3	1	7	4
sim.341.014	none	0	0	0	0	0	0	0	0	0	3	2	8	10	10
sim.342.014	none	0	0	0	0	0	0	0	0	0	2	0	0	1	1
sim.343.014	none	0	0	0	0	0	0	0	1	1	4	3	4	0	0
sim.344.014	none	0	0	0	0	0	0	0	0	0	0	0	1	2	2
sim.345.014	none	2	6	13	10	9	17	8	5	9	0	0	0	0	0
sim.346.014	none	0	0	0	0	0	0	0	0	0	3	7	1	2	0
sim.347.014	none	0	0	0	0	0	0	0	0	0	1	3	2	9	9
sim.348.014	none	0	0	0	0	0	0	0	0	0	0	0	7	2	2
sim.349.014	none	0	0	0	0	0	0	0	0	0	6	11	0	3	2
sim.35.014	none	0	0	0	0	0	0	0	0	0	6	3	0	0	0
sim.350.014	none	2	1	9	3	4	6	4	2	6	0	0	0	0	0
sim.351.014	none	2	9	5	5	3	3	5	5	2	0	0	0	0	0
sim.352.014	none	2	4	3	1	1	1	1	0	0	1	4	2	1	5
sim.353.014	none	0	0	0	0	0	0	0	0	0	0	3	2	1	3
sim.354.014	none	0	0	0	0	0	0	0	0	0	0	4	7	7	11
sim.355.014	none	0	0	0	0	0	0	0	0	0	6	0	9	9	12
sim.356.014	none	0	0	2	0	3	2	2	2	2	6	1	4	0	0
sim.357.014	none	3	1	6	4	4	5	7	9	5	0	0	0	0	0
sim.358.014	none	0	0	0	0	0	0	0	0	0	24	20	3	3	5
sim.359.014	none	1	2	0	0	1	1	3	0	5	0	0	0	0	0
sim.36.014	none	6	6	0	0	5	6	6	2	3	0	0	0	0	0
sim.360.014	none	2	2	1	13	6	7	5	1	1	0	0	0	0	0
sim.361.014	none	0	0	0	0	0	0	0	0	0	6	4	1	4	4
sim.362.014	none	0	0	0	0	0	0	0	0	0	12	4	3	1	0
sim.363.014	none	2	4	0	0	0	0	0	7	8	0	3	3	0	0
sim.364.014	none	2	7	0	1	1	0	1	0	0	0	0	0	0	0
sim.365.014	none	0	0	1	0	0	2	1	5	3	0	0	0	0	0
sim.366.014	none	0	0	0	0	0	0	0	0	0	0	9	7	2	3
sim.367.014	none	5	15	8	8	9	7	10	17	14	0	0	0	0	0
sim.368.014	none	0	0	4	4	4	6	4	2	3	0	0	0	0	0
sim.369.014	none	9	11	0	0	0	0	0	0	0	0	0	0	0	0
sim.37.014	none	0	0	0	0	0	0	0	0	0	0	0	1	1	4
sim.370.014	none	0	0	0	0	0	0	0	0	0	5	10	1	2	5
sim.371.014	none	0	0	0	0	0	0	0	0	0	12	5	1	2	7
sim.372.014	none	0	3	7	0	1	2	1	2	2	0	0	0	0	0
sim.373.014	none	12	12	5	12	8	6	10	8	7	0	0	0	0	0
sim.374.014	none	0	0	2	5	3	4	3	1	1	0	0	0	0	0
sim.375.014	none	0	0	0	0	0	0	0	0	0	0	3	14	8	8
sim.376.014	none	0	0	0	0	0	0	0	0	0	4	7	5	3	2
sim.377.014	none	9	5	7	5	4	7	6	4	2	0	0	0	0	0
sim.378.014	none	5	4	1	1	0	0	0	1	1	0	0	0	0	0
sim.379.014	none	0	0	0	0	0	0	0	0	0	2	1	5	2	6
sim.38.014	none	0	0	0	0	0	0	0	0	0	0	5	7	15	2
sim.380.014	none	0	0	0	0	0	0	0	0	0	1	4	9	7	10
sim.381.014	none	0	0	0	0	0	0	0	0	0	0	0	6	4	1
sim.382.014	none	1	3	2	0	0	1	2	0	3	0	0	0	0	0
sim.383.014	none	0	0	0	0	0	0	0	0	0	0	0	11	6	6
sim.384.014	none	0	0	0	0	0	0	0	0	0	3	4	8	3	2
sim.385.014	none	1	0	0	1	0	1	2	0	0	4	2	0	0	0
sim.386.014	none	0	0	0	0	0	0	0	0	0	0	0	0	2	3
sim.387.014	none	2	8	4	2	1	0	4	6	3	4	2	3	6	4
sim.388.014	none	0	0	0	0	0	0	0	0	0	0	0	6	9	6
sim.389.014	none	0	0	0	0	0	0	0	0	0	0	0	9	5	8
sim.39.014	none	0	0	0	0	0	0	0	0	0	3	4	2	0	0
sim.390.014	none	0	0	0	5	3	3	2	3	3	0	0	0	0	0
sim.391.014	none	0	0	0	0	0	0	0	0	0	2	2	1	2	2
sim.392.014	none	0	0	0	1	1	1	0	1	1	0	0	0	0	0
sim.393.014	none	1	0	0	0	0	0	0	0	0	15	6	1	4	2
sim.394.014	none	0	0	0	0	0	0	0	0	0	8	8	4	7	5
sim.395.014	none	0	0	0	0	0	0	0	0	0	4	1	12	11	12
sim.396.014	none	0	0	0	0	0	0	0	0	0	1	0	7	2	1
sim.397.014	none	0	0	0	0	0	0	0	0	0	5	4	8	2	3
sim.398.014	none	29	17	3	2	8	9	4	6	3	3	2	0	5	1
sim.399.014	none	0	0	1	1	2	4	3	0	0	9	7	8	5	10
sim.4.014	none	7	7	3	4	4	10	8	5	1	0	0	0	0	0
sim.40.014	none	6	1	6	4	1	3	0	2	6	0	0	0	0	0
sim.400.014	none	5	3	3	0	1	1	0	2	1	1	0	1	2	5
sim.401.014	none	8	4	5	1	5	5	6	0	0	0	0	0	0	0
sim.402.014	none	1	3	0	0	0	0	0	0	0	0	0	0	0	0
sim.403.014	none	2	7	12	15	7	10	14	16	18	0	0	0	0	0
sim.404.014	none	6	13	6	9	10	8	7	7	8	0	0	0	0	0
sim.405.014	none	0	0	0	0	0	0	0	0	0	4	1	3	6	3
sim.406.014	none	0	0	0	0	0	0	0	0	0	0	0	1	10	3
sim.407.014	none	0	0	3	4	3	3	6	0	0	0	0	0	0	0
sim.408.014	none	0	0	0	0	0	0	0	0	0	0	6	0	1	1
sim.409.014	none	0	0	7	3	3	3	6	2	1	5	4	9	17	12
sim.41.014	none	1	5	2	3	5	5	7	2	1	0	0	0	0	0
sim.410.014	none	0	0	0	0	0	0	0	0	0	5	2	1	8	4
sim.411.014	none	12	3	7	13	6	9	19	8	12	0	0	0	0	0
sim.412.014	none	9	5	6	1	4	3	3	7	3	0	0	0	0	0
sim.413.014	none	7	7	1	2	5	3	4	1	5	4	6	0	0	0
sim.414.014	none	7	9	3	2	2	4	7	5	8	0	0	0	0	0
sim.415.014	none	9	6	8	1	1	0	2	5	3	0	0	0	0	0
sim.416.014	none	0	0	0	0	0	0	0	0	0	3	3	0	0	0
sim.417.014	none	0	0	0	0	0	0	0	0	0	3	0	8	14	12
sim.418.014	none	0	0	0	0	0	0	0	0	0	3	8	3	0	1
sim.419.014	none	4	2	4	0	2	2	2	0	0	0	0	0	2	1
sim.42.014	none	7	1	1	2	2	4	1	0	1	6	1	0	2	7
sim.420.014	none	0	0	0	0	0	0	0	0	0	8	10	1	7	7
sim.421.014	none	21	17	18	20	18	19	9	16	13	0	0	0	0	0
sim.422.014	none	1	0	4	0	0	0	0	0	0	0	0	0	0	0
sim.423.014	none	0	0	0	0	0	0	0	0	0	9	0	2	2	2
sim.424.014	none	2	7	1	2	2	1	3	3	1	0	1	3	0	0
sim.425.014	none	3	3	4	7	3	5	7	5	14	0	0	0	0	0
sim.426.014	none	1	7	4	7	10	10	5	4	3	0	0	0	0	0
sim.427.014	none	23	19	23	13	15	15	10	20	22	0	0	0	0	0
sim.428.014	none	5	3	3	3	3	1	2	3	4	0	0	0	0	0
sim.429.014	none	2	2	0	0	0	0	0	0	0	0	0	0	0	0
sim.43.014	none	0	0	0	0	0	0	0	0	0	11	7	4	5	12
sim.430.014	none	8	5	8	8	5	4	9	6	4	0	0	0	0	0
sim.431.014	none	0	0	0	0	0	0	0	0	0	5	5	3	1	0
sim.432.014	none	5	9	0	3	0	0	0	1	3	0	0	0	0	0
sim.433.014	none	0	0	0	0	0	0	0	0	0	1	4	0	1	1
sim.434.014	none	0	0	0	0	0	0	0	0	0	7	4	17	7	6
sim.435.014	none	13	11	9	11	8	9	5	10	17	0	0	0	0	0
sim.436.014	none	0	0	0	0	0	0	0	0	0	9	2	0	0	0
sim.437.014	none	0	0	0	0	0	0	0	0	0	0	0	3	8	5
sim.438.014	none	3	5	0	3	0	0	0	5	4	0	0	0	0	0
sim.439.014	none	0	0	2	1	1	1	2	6	4	0	0	0	0	0
sim.44.014	none	8	15	9	6	7	6	10	6	13	0	0	0	0	0
sim.440.014	none	0	0	0	0	0	0	0	0	0	1	3	2	4	7
sim.441.014	none	3	3	0	0	0	0	0	1	1	0	0	1	2	1
sim.442.014	none	0	0	0	1	3	2	2	0	2	0	0	0	0	0
sim.443.014	none	0	0	0	0	0	0	0	0	0	0	0	6	3	0
sim.444.014	none	0	0	4	6	0	0	3	6	6	0	0	0	0	0
sim.445.014	none	0	0	2	0	1	1	4	2	2	0	0	0	0	0
sim.446.014	none	0	0	0	0	0	0	0	0	0	0	7	6	12	19
sim.447.014	none	3	5	16	10	12	13	13	30	19	0	0	0	0	0
sim.448.014	none	2	0	3	1	3	4	4	2	3	0	0	0	0	0
sim.449.014	none	3	0	5	4	3	1	2	1	3	0	0	0	0	0
sim.45.014	none	5	2	1	1	0	0	0	2	0	0	2	0	0	0
sim.450.014	none	3	6	0	0	0	0	0	1	1	0	0	10	10	9
sim.451.014	none	0	0	2	9	2	2	3	1	2	0	0	0	0	0
sim.452.014	none	0	0	0	0	0	0	0	0	0	0	0	21	22	18
sim.453.014	none	5	12	2	2	0	1	1	1	1	0	0	0	0	0
sim.454.014	none	0	0	0	0	0	0	0	0	0	3	3	1	9	3
sim.455.014	none	6	8	2	4	1	1	1	0	2	0	0	0	0	0
sim.456.014	none	0	0	0	0	0	0	0	0	0	0	0	4	4	4
sim.457.014	none	0	0	0	0	0	0	0	0	0	1	1	3	10	6
sim.458.014	none	0	0	1	1	0	0	1	4	2	0	0	0	0	0
sim.459.014	none	0	0	0	0	0	0	0	0	0	9	6	4	2	9
sim.46.014	none	0	0	3	3	2	2	1	6	2	0	0	0	0	0
sim.460.014	none	0	0	0	0	0	0	0	0	0	11	6	3	5	6
sim.461.014	none	7	7	3	2	8	10	6	8	8	0	0	0	0	0
sim.462.014	none	4	2	11	7	10	15	6	5	5	4	3	0	11	6
sim.463.014	none	0	0	2	1	2	2	0	1	3	0	0	0	0	0
sim.464.014	none	2	2	0	0	0	0	0	0	0	0	0	0	0	0
sim.465.014	none	0	0	0	0	0	0	0	0	0	0	0	4	1	2
sim.466.014	none	0	1	1	3	4	4	0	1	0	0	0	0	0	0
sim.467.014	none	0	0	0	0	0	0	0	0	0	5	6	11	3	4
sim.468.014	none	0	0	2	1	0	0	0	3	0	0	0	0	0	0
sim.469.014	none	0	0	0	0	0	0	0	0	0	0	0	12	13	11
sim.47.014	none	4	1	0	1	1	1	1	2	2	0	0	0	0	0
sim.470.014	none	1	0	2	7	11	10	13	6	9	0	0	0	0	0
sim.471.014	none	0	0	0	0	0	0	0	0	0	3	0	4	8	3
sim.472.014	none	8	8	11	2	4	7	6	4	4	0	1	3	4	9
sim.473.014	none	7	2	3	5	2	2	1	3	4	0	0	0	0	0
sim.474.014	none	0	0	2	4	5	5	2	3	5	0	0	0	0	0
sim.475.014	none	0	0	0	0	0	0	0	4	3	0	0	0	0	0
sim.476.014	none	1	0	7	6	9	12	10	3	1	0	0	0	0	0
sim.477.014	none	0	0	0	0	0	0	0	0	0	0	0	0	7	3
sim.478.014	none	0	0	0	0	0	0	0	0	0	0	0	5	10	4
sim.479.014	none	0	0	0	0	0	0	0	0	0	5	3	4	1	1
sim.48.014	none	2	4	4	2	2	1	2	3	0	10	7	8	2	3
sim.480.014	none	0	0	4	2	4	2	6	4	1	0	0	0	3	5
sim.481.014	none	3	0	1	0	1	3	2	2	3	0	0	0	0	0
sim.482.014	none	3	5	1	8	7	5	7	4	6	1	1	8	3	1
sim.483.014	none	3	4	0	0	0	0	0	1	0	0	0	0	0	0
sim.484.014	none	0	0	0	0	0	0	0	0	0	0	2	6	8	4
sim.485.014	none	1	1	4	6	16	11	6	2	2	0	0	5	9	2
sim.486.014	none	7	4	6	3	6	10	6	6	7	0	0	0	0	0
sim.487.014	none	1	5	6	4	3	4	3	0	5	13	6	0	2	0
sim.488.014	none	1	0	5	4	3	6	4	6	1	0	0	0	0	0
sim.489.014	none	0	0	0	0	0	0	0	0	0	12	18	2	6	11
sim.49.014	none	4	5	6	2	1	1	0	3	4	0	0	0	0	0
sim.490.014	none	0	0	0	0	0	0	0	0	0	5	3	0	0	0
sim.491.014	none	6	6	4	13	13	16	19	16	7	6	4	4	13	9
sim.492.014	none	0	0	0	0	0	0	0	0	0	0	1	1	3	3
sim.493.014	none	8	8	9	8	8	11	7	10	13	5	1	3	1	1
sim.494.014	none	0	1	10	8	5	5	3	4	5	0	0	0	0	0
sim.495.014	none	0	0	0	0	0	0	0	0	0	7	6	2	1	0
sim.496.014	none	0	0	0	0	0	0	0	0	0	2	4	0	0	0
sim.497.014	none	0	0	0	0	0	0	0	0	0	8	1	1	5	2
sim.498.014	none	0	0	2	0	3	4	2	0	1	1	4	11	7	11
sim.499.014	none	8	11	11	9	7	8	16	10	9	0	0	0	0	0
sim.5.014	none	6	4	2	2	2	1	5	1	1	0	0	3	6	3
sim.50.014	none	0	5	1	1	2	1	2	4	4	0	0	0	0	0
sim.500.014	none	1	0	0	0	0	0	0	2	2	0	0	0	0	0
sim.501.014	none	0	0	5	3	3	5	4	0	0	0	0	0	0	0
sim.502.014	none	0	0	0	0	0	0	0	0	0	8	10	9	1	1
sim.503.014	none	1	1	1	2	0	0	3	0	2	0	0	0	0	0
sim.504.014	none	6	4	3	2	3	5	2	1	2	0	0	0	0	0
sim.505.014	none	0	0	1	1	0	0	0	1	1	0	0	0	0	0
sim.506.014	none	3	2	1	0	2	2	1	4	0	2	14	1	0	0
sim.507.014	none	11	1	5	7	5	6	4	1	6	0	0	3	0	0
sim.508.014	none	0	0	0	0	0	0	0	0	0	0	0	7	4	2
sim.509.014	none	18	0	8	13	9	11	6	6	11	0	0	0	0	0
sim.51.014	none	4	7	0	0	5	1	3	1	4	0	0	0	0	0
sim.510.014	none	5	3	1	5	1	3	2	0	0	0	0	0	0	0
sim.511.014	none	0	0	0	0	0	0	0	0	0	1	2	0	3	2
sim.512.014	none	0	3	0	0	1	2	0	1	2	0	0	0	0	0
sim.513.014	none	6	12	17	4	6	7	10	3	3	0	0	0	0	0
sim.514.014	none	6	5	7	12	6	8	9	6	10	0	0	0	0	0
sim.515.014	none	6	0	0	0	0	0	0	2	1	0	0	0	0	0
sim.516.014	none	0	0	4	11	1	2	2	2	1	0	0	0	0	0
sim.517.014	none	1	3	3	0	0	2	2	4	1	0	0	0	0	0
sim.518.014	none	5	5	6	11	6	4	7	5	9	0	0	0	0	0
sim.519.014	none	0	0	0	0	0	0	0	0	0	2	1	0	3	8
sim.52.014	none	0	0	0	0	0	0	0	0	0	7	3	3	2	1
sim.520.014	none	1	1	7	9	11	10	5	8	9	0	0	0	0	0
sim.521.014	none	0	0	7	15	9	10	7	7	7	0	0	0	0	0
sim.522.014	none	0	0	0	0	0	0	0	0	0	7	8	0	0	0
sim.523.014	none	7	7	2	2	1	2	2	3	3	0	0	0	0	0
sim.524.014	none	6	8	10	15	15	17	14	9	14	0	2	1	1	1
sim.525.014	none	0	1	0	0	0	0	0	0	0	11	9	6	1	8
sim.526.014	none	3	5	0	0	0	0	0	1	1	0	0	0	0	0
sim.527.014	none	0	0	1	0	1	0	0	0	0	15	11	19	15	11
sim.528.014	none	8	3	0	0	0	0	0	0	0	0	0	0	0	0
sim.529.014	none	3	3	3	9	4	6	1	4	3	0	0	0	0	0
sim.53.014	none	0	0	0	0	0	0	0	0	0	10	5	6	4	4
sim.530.014	none	1	6	1	11	3	5	5	6	4	0	0	0	0	0
sim.531.014	none	3	1	6	2	3	3	6	7	7	0	0	0	0	0
sim.532.014	none	0	0	0	0	0	0	0	0	0	5	4	2	5	2
sim.533.014	none	0	0	3	3	3	1	1	3	2	0	0	0	0	0
sim.534.014	none	0	0	0	0	0	0	0	0	0	1	1	1	1	1
sim.535.014	none	0	0	0	0	0	0	0	0	0	8	9	9	4	3
sim.536.014	none	0	1	0	0	0	0	0	0	0	7	19	3	1	7
sim.537.014	none	0	0	0	0	0	0	0	0	0	2	1	1	0	0
sim.538.014	none	6	1	0	1	0	0	2	0	2	0	0	0	0	0
sim.539.014	none	0	0	0	0	0	0	0	0	0	2	0	9	5	6
sim.54.014	none	0	0	0	0	0	0	0	0	0	2	1	14	15	14
sim.540.014	none	6	5	0	0	0	0	0	0	0	0	0	0	0	0
sim.541.014	none	11	12	4	5	7	12	5	3	4	1	1	4	6	4
sim.542.014	none	6	10	3	10	9	7	4	5	2	5	4	8	9	9
sim.543.014	none	0	0	0	0	0	0	0	0	0	2	7	6	11	5
sim.544.014	none	0	0	10	5	2	4	4	6	2	0	0	0	0	0
sim.545.014	none	16	17	24	9	13	17	9	22	18	0	0	0	0	0
sim.546.014	none	0	3	0	0	0	0	0	0	0	4	0	4	6	5
sim.547.014	none	0	0	0	0	0	0	0	0	0	5	5	7	1	0
sim.548.014	none	0	0	0	0	0	0	0	0	0	14	3	4	9	9
sim.549.014	none	0	1	1	2	2	3	2	2	2	11	6	12	7	11
sim.55.014	none	1	1	2	4	2	1	1	1	2	0	0	0	0	0
sim.550.014	none	0	0	0	0	0	0	0	0	0	1	3	0	4	6
sim.551.014	none	0	0	0	0	0	0	0	0	0	0	0	0	2	2
sim.552.014	none	0	0	0	0	0	0	0	0	0	2	5	2	1	1
sim.553.014	none	0	0	0	0	0	0	0	0	0	6	17	5	5	7
sim.554.014	none	0	0	1	6	3	1	3	2	1	0	0	0	0	0
sim.555.014	none	0	0	0	0	0	0	0	0	0	0	0	5	4	3
sim.556.014	none	8	16	7	12	7	6	5	12	4	0	0	0	0	0
sim.557.014	none	0	0	0	0	0	0	0	0	0	1	4	0	0	0
sim.558.014	none	1	2	1	0	0	0	0	0	1	1	6	0	1	0
sim.559.014	none	4	0	3	2	3	2	2	5	4	0	2	9	3	10
sim.56.014	none	11	15	8	3	3	4	8	1	1	0	0	0	0	0
sim.560.014	none	0	0	0	0	0	0	0	0	0	6	5	0	4	6
sim.561.014	none	0	0	0	0	0	0	0	0	0	12	13	12	12	4
sim.562.014	none	1	0	5	3	4	4	5	1	2	1	0	0	0	0
sim.563.014	none	13	11	5	2	0	0	0	6	5	0	0	0	0	0
sim.564.014	none	0	0	0	0	0	0	0	0	0	7	8	5	10	10
sim.565.014	none	0	0	0	0	0	0	0	0	0	0	0	3	1	4
sim.566.014	none	0	0	0	0	0	0	0	0	0	6	4	0	2	2
sim.567.014	none	0	0	0	0	0	0	0	0	0	1	0	15	8	9
sim.568.014	none	1	0	1	0	0	1	1	6	7	0	0	0	0	0
sim.569.014	none	8	6	3	9	3	4	2	3	1	0	0	0	0	0
sim.57.014	none	0	0	0	0	0	0	0	0	0	3	9	0	0	0
sim.570.014	none	1	2	0	1	1	1	1	3	2	2	3	9	16	15
sim.571.014	none	3	3	3	4	6	5	6	2	3	0	0	1	1	3
sim.572.014	none	1	0	0	0	0	0	0	0	0	3	4	7	1	2
sim.573.014	none	0	0	0	0	0	0	0	0	0	3	2	1	4	0
sim.574.014	none	0	0	0	0	0	0	0	0	0	3	5	0	0	0
sim.575.014	none	0	0	1	1	0	0	0	1	4	7	2	2	7	4
sim.576.014	none	0	0	0	0	0	0	0	0	0	2	1	1	2	1
sim.577.014	none	12	14	1	2	3	3	3	3	4	1	0	2	4	5
sim.578.014	none	0	0	4	1	3	2	7	3	0	0	0	0	0	0
sim.579.014	none	0	0	10	9	7	9	5	5	3	0	0	0	0	0
sim.58.014	none	4	6	5	6	10	8	6	4	7	15	5	0	1	2
sim.580.014	none	0	0	0	0	0	0	0	0	0	0	0	7	3	3
sim.581.014	none	4	1	1	2	1	1	1	2	4	0	0	0	0	0
sim.582.014	none	14	14	17	17	15	17	16	21	20	0	0	0	0	0
sim.583.014	none	7	2	0	0	0	0	0	0	0	10	3	7	9	3
sim.584.014	none	2	2	9	13	7	4	8	11	7	4	6	9	4	3
sim.585.014	none	10	11	14	7	8	9	6	10	8	9	0	10	4	8
sim.586.014	none	0	0	0	0	0	0	0	0	0	12	14	12	3	7
sim.587.014	none	0	0	0	0	0	0	0	0	0	7	3	17	9	9
sim.588.014	none	5	1	0	1	0	0	0	0	0	0	0	0	0	0
sim.589.014	none	22	23	14	13	21	20	18	28	17	2	3	1	3	5
sim.59.014	none	0	0	0	0	0	0	0	0	0	0	0	0	0	4
sim.590.014	none	0	0	0	0	0	0	0	0	0	12	7	0	0	1
sim.591.014	none	0	0	0	0	0	0	0	0	0	0	0	3	3	4
sim.592.014	none	0	0	0	0	0	0	0	0	0	0	0	3	2	5
sim.593.014	none	0	0	0	0	0	0	0	0	0	2	1	1	0	0
sim.594.014	none	0	0	0	0	0	0	0	0	0	3	1	0	0	0
sim.595.014	none	3	1	0	0	2	2	2	0	0	0	0	0	0	0
sim.596.014	none	0	0	0	0	0	0	0	0	0	4	2	0	0	0
sim.597.014	none	5	10	13	8	5	7	5	6	8	0	0	0	0	0
sim.598.014	none	5	0	0	1	3	4	2	1	3	0	0	0	0	0
sim.599.014	none	0	0	0	0	0	0	0	0	0	2	0	0	1	3
sim.6.014	none	4	5	11	2	2	2	2	7	2	0	0	0	0	0
sim.60.014	none	0	0	0	0	0	0	0	0	0	10	14	0	5	1
sim.600.014	none	17	8	10	18	16	17	10	10	10	0	0	0	0	0
sim.601.014	none	8	1	5	2	1	1	1	0	0	0	0	0	0	0
sim.602.014	none	0	0	0	0	0	0	0	0	0	0	0	1	2	3
sim.603.014	none	0	0	0	0	0	0	0	0	0	2	5	0	0	0
sim.604.014	none	0	0	0	0	0	0	0	0	0	3	1	0	0	3
sim.605.014	none	5	5	7	6	7	7	11	18	13	0	0	0	0	0
sim.606.014	none	4	1	1	0	5	1	1	1	1	3	5	6	11	4
sim.607.014	none	0	0	0	0	0	0	0	0	0	0	0	1	2	1
sim.608.014	none	0	0	0	0	0	0	0	0	0	17	7	4	7	5
sim.609.014	none	7	9	21	11	13	15	13	10	12	0	0	0	0	0
sim.61.014	none	0	0	2	0	2	3	0	0	0	0	0	0	0	0
sim.610.014	none	3	3	0	0	0	0	0	0	0	0	0	0	0	0
sim.611.014	none	0	0	0	0	0	0	0	0	0	0	0	0	3	1
sim.612.014	none	0	0	0	0	0	0	0	0	0	1	2	2	5	7
sim.613.014	none	16	10	5	9	19	15	14	7	9	0	0	0	0	0
sim.614.014	none	5	10	2	1	3	2	1	4	5	0	0	0	0	0
sim.615.014	none	0	0	0	1	1	1	3	5	7	0	0	0	0	0
sim.616.014	none	1	6	8	4	5	3	4	7	8	0	0	6	3	5
sim.617.014	none	6	11	6	6	4	3	9	10	5	0	1	1	2	0
sim.618.014	none	3	4	2	4	1	1	2	6	2	0	0	0	0	0
sim.619.014	none	11	11	8	7	13	8	10	9	15	3	3	0	2	0
sim.62.014	none	8	4	2	4	3	4	4	0	0	0	0	0	0	0
sim.620.014	none	4	1	0	0	0	0	0	0	0	0	0	0	0	0
sim.621.014	none	0	0	0	0	0	0	0	0	0	2	3	0	0	0
sim.622.014	none	0	0	0	0	0	0	0	0	0	0	0	4	9	5
sim.623.014	none	0	0	1	1	1	1	0	1	4	4	8	22	6	3
sim.624.014	none	0	0	0	0	0	0	0	0	0	2	0	0	2	0
sim.625.014	none	0	0	0	0	0	0	0	0	0	0	8	1	1	2
sim.626.014	none	3	1	1	2	6	3	0	2	0	4	1	0	0	0
sim.627.014	none	0	0	3	2	2	3	3	0	1	0	0	0	0	0
sim.628.014	none	3	3	1	2	1	1	1	0	1	0	0	0	0	0
sim.629.014	none	0	0	0	0	0	0	0	0	0	5	1	9	5	8
sim.63.014	none	1	1	7	0	0	0	0	0	0	0	0	0	0	0
sim.630.014	none	4	9	10	4	12	13	23	8	4	0	0	0	0	0
sim.631.014	none	0	4	2	3	4	2	1	4	5	0	0	0	0	0
sim.632.014	none	2	4	0	0	0	0	0	0	0	1	2	3	7	0
sim.633.014	none	0	0	0	0	0	0	0	0	0	18	19	4	16	20
sim.634.014	none	0	0	0	0	0	0	0	0	0	8	6	0	4	2
sim.635.014	none	0	0	0	0	0	0	0	0	0	0	9	0	1	1
sim.636.014	none	7	3	1	4	5	7	4	6	6	0	0	0	0	0
sim.637.014	none	2	2	1	2	1	0	3	3	3	0	0	3	2	0
sim.638.014	none	0	0	0	0	0	0	0	0	0	6	1	0	0	0
sim.639.014	none	1	2	1	0	2	1	0	2	5	0	0	0	0	0
sim.64.014	none	0	0	0	0	0	0	0	0	0	12	0	0	0	0
sim.640.014	none	2	0	6	3	1	1	1	4	1	0	0	0	0	0
sim.641.014	none	0	0	2	1	2	3	3	2	3	0	0	0	0	0
sim.642.014	none	0	0	0	0	0	0	0	0	0	2	2	5	11	9
sim.643.014	none	0	0	3	1	0	0	1	0	0	0	0	0	0	0
sim.644.014	none	7	4	1	9	7	6	1	0	2	0	0	0	0	0
sim.645.014	none	1	0	1	1	2	2	4	3	0	0	0	0	0	0
sim.646.014	none	0	0	0	1	7	3	1	2	4	0	0	0	0	0
sim.647.014	none	1	0	6	6	1	0	2	3	2	6	1	1	2	5
sim.648.014	none	0	0	0	0	0	0	0	0	0	0	0	3	0	1
sim.649.014	none	5	13	3	7	4	8	7	9	13	0	0	1	7	2
sim.65.014	none	0	0	0	0	0	0	0	0	0	6	2	6	5	7
sim.650.014	none	5	4	0	1	1	1	2	2	3	0	2	2	10	0
sim.651.014	none	0	0	0	0	0	0	0	0	0	0	4	2	7	4
sim.652.014	none	0	0	0	0	0	0	0	0	0	0	0	6	0	0
sim.653.014	none	3	2	7	2	6	6	10	13	19	1	3	0	0	0
sim.654.014	none	1	1	3	2	1	1	1	1	4	0	0	0	0	0
sim.655.014	none	5	9	11	12	10	10	12	20	14	15	4	15	14	11
sim.656.014	none	0	9	1	2	3	3	2	1	1	9	12	41	14	14
sim.657.014	none	0	0	0	0	0	0	0	0	0	14	2	0	0	0
sim.658.014	none	6	0	5	7	9	8	11	3	6	7	5	11	11	8
sim.659.014	none	0	0	0	0	0	0	0	0	0	11	6	3	5	8
sim.66.014	none	0	0	0	0	0	0	0	0	0	10	5	1	2	4
sim.660.014	none	7	5	1	3	4	7	4	1	0	3	3	0	0	0
sim.661.014	none	0	0	6	5	2	2	3	7	10	0	0	0	0	0
sim.662.014	none	0	0	0	0	0	0	0	0	0	2	3	3	3	2
sim.663.014	none	0	0	0	0	0	0	0	0	0	0	0	1	4	1
sim.664.014	none	3	2	4	8	5	9	5	4	9	0	0	0	0	0
sim.665.014	none	7	10	2	3	3	2	6	3	3	0	0	0	0	0
sim.666.014	none	12	15	5	8	5	5	5	10	8	0	2	11	11	7
sim.667.014	none	1	4	1	2	0	0	0	0	0	0	0	0	0	0
sim.668.014	none	0	3	0	0	0	0	0	0	0	6	3	2	2	4
sim.669.014	none	0	0	2	1	4	8	4	0	0	0	0	0	0	0
sim.67.014	none	4	0	0	2	3	1	4	0	0	0	0	8	8	11
sim.670.014	none	5	9	4	5	3	3	3	3	2	0	0	0	0	0
sim.671.014	none	4	4	5	3	0	0	2	1	0	0	0	0	0	0
sim.672.014	none	1	0	3	1	1	0	2	3	0	0	0	0	0	0
sim.673.014	none	0	0	0	2	2	2	2	2	2	2	2	4	1	0
sim.674.014	none	1	0	2	5	0	1	2	0	0	0	0	0	0	0
sim.675.014	none	0	0	0	0	0	0	0	0	0	4	9	4	4	3
sim.676.014	none	3	5	0	1	4	4	7	6	4	0	0	0	0	0
sim.677.014	none	2	6	1	1	1	2	0	2	3	4	0	9	9	11
sim.678.014	none	5	11	16	19	23	27	25	17	9	0	0	0	0	0
sim.679.014	none	5	1	0	0	0	0	0	0	0	0	2	3	3	3
sim.68.014	none	0	0	1	0	0	0	0	1	4	0	0	0	0	0
sim.680.014	none	0	0	3	1	0	0	1	0	2	0	0	0	0	0
sim.681.014	none	0	0	0	0	0	0	0	0	0	4	2	0	0	0
sim.682.014	none	0	0	0	0	0	0	0	0	0	7	10	6	6	8
sim.683.014	none	0	0	0	0	0	0	0	0	0	6	0	1	0	0
sim.684.014	none	0	0	0	0	0	0	0	0	0	3	3	2	5	3
sim.685.014	none	0	0	0	0	0	0	0	0	0	1	4	0	0	0
sim.686.014	none	0	0	0	0	0	0	0	0	0	0	2	4	1	4
sim.687.014	none	0	0	0	0	0	0	0	0	0	0	2	5	3	5
sim.688.014	none	0	0	0	0	0	0	0	0	0	0	0	3	10	7
sim.689.014	none	0	0	0	0	0	0	0	0	0	5	4	1	0	0
sim.69.014	none	3	5	5	0	2	1	3	5	1	0	0	0	0	0
sim.690.014	none	7	15	0	2	3	5	6	2	2	0	0	0	0	0
sim.691.014	none	3	3	8	6	4	3	3	7	9	0	0	0	0	0
sim.692.014	none	0	0	0	0	0	0	0	0	0	0	0	4	4	2
sim.693.014	none	3	2	2	2	5	4	11	4	6	0	0	0	0	0
sim.694.014	none	0	0	0	0	0	0	0	0	0	13	13	4	16	22
sim.695.014	none	0	0	0	0	0	0	0	0	0	5	6	2	2	6
sim.696.014	none	0	0	3	1	3	1	3	2	1	5	11	2	1	0
sim.697.014	none	0	0	8	8	7	10	2	11	5	0	0	0	3	3
sim.698.014	none	0	0	0	0	0	0	0	0	0	4	8	2	0	0
sim.699.014	none	3	5	0	0	0	0	0	0	0	0	3	0	2	0
sim.7.014	none	0	0	0	0	0	0	0	0	0	1	3	0	0	0
sim.70.014	none	1	1	0	0	0	0	0	1	0	0	2	0	0	0
sim.700.014	none	0	0	0	0	0	0	0	0	0	8	1	0	0	0
sim.701.014	none	0	0	0	0	0	0	0	0	0	0	0	4	2	1
sim.702.014	none	3	3	6	6	9	8	3	6	1	0	0	0	0	0
sim.703.014	none	0	0	0	2	2	2	1	0	0	0	0	0	0	0
sim.704.014	none	0	0	0	0	0	0	0	0	0	0	0	1	2	1
sim.705.014	none	0	0	0	0	0	0	0	0	0	7	8	3	11	6
sim.706.014	none	0	0	0	0	0	0	0	0	0	18	16	16	5	14
sim.707.014	none	0	0	0	0	0	0	0	0	0	4	4	0	0	0
sim.708.014	none	0	0	1	0	0	0	0	1	2	3	3	4	3	4
sim.709.014	none	0	0	0	0	0	0	0	0	0	3	5	8	3	6
sim.71.014	none	0	0	0	0	0	0	0	0	0	0	0	0	5	5
sim.710.014	none	0	0	0	0	0	0	0	0	0	9	13	8	15	8
sim.711.014	none	0	0	0	0	0	0	0	0	0	12	12	4	8	7
sim.712.014	none	2	1	3	0	1	1	1	0	1	0	0	2	2	3
sim.713.014	none	3	7	7	5	9	8	4	2	3	0	0	0	0	0
sim.714.014	none	3	2	0	0	3	4	1	0	0	2	7	1	1	2
sim.715.014	none	0	0	7	8	6	4	7	5	6	0	0	0	0	0
sim.716.014	none	0	0	0	0	0	0	0	0	0	2	0	0	1	2
sim.717.014	none	0	0	2	0	1	0	1	0	0	0	0	0	0	0
sim.718.014	none	0	0	0	0	0	0	0	0	0	17	15	0	5	1
sim.719.014	none	0	0	0	0	0	0	0	0	0	13	1	4	0	0
sim.72.014	none	4	4	0	0	0	0	0	0	0	0	0	0	0	0
sim.720.014	none	0	0	1	1	2	2	2	2	3	0	0	0	0	0
sim.721.014	none	3	4	1	6	7	4	2	1	2	15	15	5	8	9
sim.722.014	none	6	3	2	2	1	1	1	1	2	0	0	0	0	0
sim.723.014	none	0	0	0	0	0	0	0	0	0	2	8	5	1	2
sim.724.014	none	0	0	0	0	0	0	0	0	0	0	0	5	12	8
sim.725.014	none	0	1	2	1	3	5	2	0	0	0	0	0	0	0
sim.726.014	none	1	2	0	0	0	0	0	2	2	0	1	2	4	2
sim.727.014	none	0	0	0	0	0	0	0	0	0	0	0	4	4	1
sim.728.014	none	0	0	0	1	0	0	0	3	0	0	0	0	0	0
sim.729.014	none	3	2	2	3	5	6	1	0	1	0	0	0	0	0
sim.73.014	none	2	5	7	7	6	5	3	10	9	0	0	0	0	0
sim.730.014	none	0	0	0	0	0	0	0	0	0	8	12	1	0	0
sim.731.014	none	0	0	0	0	0	0	0	0	0	3	0	0	0	3
sim.732.014	none	0	0	4	0	0	0	0	1	1	0	0	0	0	0
sim.733.014	none	0	0	0	0	0	0	0	0	0	0	0	1	3	7
sim.734.014	none	0	0	0	0	0	0	0	0	0	9	2	0	1	1
sim.735.014	none	0	0	0	0	0	0	0	0	0	12	3	5	5	5
sim.736.014	none	0	0	0	0	0	0	0	0	0	3	3	4	4	3
sim.737.014	none	5	2	10	6	6	7	3	8	18	0	0	0	0	0
sim.738.014	none	0	0	0	0	0	0	0	0	0	2	0	6	7	5
sim.739.014	none	0	0	0	0	0	0	0	0	0	12	9	0	0	0
sim.74.014	none	0	0	0	0	0	0	0	0	0	0	0	4	3	4
sim.740.014	none	0	0	0	0	0	0	0	0	0	3	3	0	0	0
sim.741.014	none	0	0	1	2	0	0	0	5	0	0	0	0	0	0
sim.742.014	none	37	17	8	15	6	5	10	7	15	0	0	0	0	0
sim.743.014	none	7	1	2	2	4	4	6	1	1	0	0	0	0	0
sim.744.014	none	0	0	0	0	0	0	0	0	0	0	0	12	1	0
sim.745.014	none	5	16	4	8	3	4	2	8	9	1	1	4	7	3
sim.746.014	none	0	0	0	0	0	0	0	0	0	6	5	0	1	1
sim.747.014	none	5	3	3	6	5	7	2	1	2	0	0	0	0	0
sim.748.014	none	0	0	0	0	0	0	0	0	0	7	1	0	0	0
sim.749.014	none	4	2	1	2	2	2	1	1	1	0	0	0	0	0
sim.75.014	none	0	0	2	0	3	5	4	1	0	0	0	0	0	0
sim.750.014	none	1	1	1	9	6	5	11	2	4	0	0	0	0	0
sim.751.014	none	1	1	0	0	0	0	0	0	0	6	8	1	2	1
sim.752.014	none	6	6	14	16	10	9	10	4	10	0	0	0	0	0
sim.753.014	none	2	4	2	9	8	8	4	6	4	0	0	0	0	0
sim.754.014	none	5	7	0	0	0	0	0	0	0	3	2	2	0	1
sim.755.014	none	3	1	1	0	0	0	0	0	0	0	0	0	0	0
sim.756.014	none	3	4	4	3	1	1	0	11	9	0	0	0	0	0
sim.757.014	none	8	4	9	13	6	6	11	12	11	0	0	0	0	0
sim.758.014	none	15	17	5	4	6	10	12	6	8	0	0	0	0	0
sim.759.014	none	0	0	0	0	0	0	0	0	0	0	0	4	10	5
sim.76.014	none	0	0	0	0	0	0	0	0	0	3	2	0	0	0
sim.760.014	none	3	5	0	4	2	3	1	4	6	6	4	0	0	0
sim.761.014	none	3	3	0	0	0	0	0	0	0	0	0	0	0	0
sim.762.014	none	0	0	0	0	0	0	0	0	0	0	0	2	1	2
sim.763.014	none	0	0	0	0	0	0	0	0	0	3	3	0	0	2
sim.764.014	none	6	2	9	6	7	6	8	4	3	0	0	0	0	0
sim.765.014	none	0	0	0	0	0	0	0	0	0	2	1	8	10	8
sim.766.014	none	1	0	7	2	3	2	3	0	0	22	8	8	18	9
sim.767.014	none	0	0	0	4	1	1	1	1	4	0	0	0	0	0
sim.768.014	none	0	3	0	0	0	0	0	2	4	0	0	0	0	0
sim.769.014	none	5	2	0	0	0	0	0	8	3	4	9	2	8	4
sim.77.014	none	0	0	0	0	0	0	0	0	0	0	0	2	1	1
sim.770.014	none	0	0	0	0	0	0	0	0	0	4	0	1	1	4
sim.771.014	none	2	2	0	0	0	0	0	0	0	0	0	0	0	0
sim.772.014	none	0	2	1	1	0	0	1	0	1	0	0	0	0	0
sim.773.014	none	6	8	0	1	6	2	2	1	2	0	0	0	0	0
sim.774.014	none	0	0	2	6	2	3	4	3	1	0	0	0	0	0
sim.775.014	none	1	0	3	2	5	5	4	3	3	0	0	0	0	0
sim.776.014	none	0	0	0	0	0	0	0	0	0	0	0	5	2	4
sim.777.014	none	16	15	10	23	7	11	11	12	17	0	0	0	0	0
sim.778.014	none	2	1	7	4	5	5	9	5	8	0	0	0	0	0
sim.779.014	none	10	14	0	0	0	0	0	0	0	0	0	0	0	0
sim.78.014	none	0	0	0	0	0	0	0	0	0	0	0	4	2	2
sim.780.014	none	0	0	0	0	0	0	0	0	0	0	0	0	4	3
sim.781.014	none	0	0	0	0	0	0	0	0	0	8	6	6	0	1
sim.782.014	none	14	11	3	6	3	4	4	7	5	0	0	0	0	0
sim.783.014	none	0	0	0	0	0	0	0	0	0	18	9	8	6	3
sim.784.014	none	6	6	0	0	0	0	0	0	1	0	0	0	0	0
sim.785.014	none	0	0	0	0	0	0	0	0	0	3	2	1	1	2
sim.786.014	none	1	2	2	6	4	2	1	0	0	0	0	0	0	0
sim.787.014	none	0	0	6	8	7	7	3	1	4	0	0	0	0	0
sim.788.014	none	0	0	0	0	0	0	0	0	0	5	0	0	0	0
sim.789.014	none	10	6	1	1	0	0	1	6	6	1	0	1	0	0
sim.79.014	none	4	4	3	2	4	3	1	4	2	0	0	0	0	0
sim.790.014	none	0	0	0	0	0	0	0	0	0	4	5	8	11	15
sim.791.014	none	2	1	1	0	3	4	3	2	0	0	0	0	0	0
sim.792.014	none	0	0	0	0	0	0	0	0	0	9	18	4	3	4
sim.793.014	none	3	3	0	2	2	1	0	1	0	5	0	9	7	9
sim.794.014	none	0	0	0	0	0	0	0	0	0	3	2	4	4	6
sim.795.014	none	2	6	1	2	1	0	3	1	3	0	0	0	0	0
sim.796.014	none	0	2	4	7	3	2	5	4	3	0	0	0	0	0
sim.797.014	none	1	1	1	0	0	0	1	1	0	0	0	0	0	0
sim.798.014	none	0	0	0	0	0	0	0	0	0	5	15	3	1	4
sim.799.014	none	0	0	2	3	3	4	3	1	0	0	0	0	0	0
sim.8.014	none	7	4	12	6	9	8	16	15	19	0	1	2	3	5
sim.80.014	none	0	0	0	0	0	0	0	0	0	1	5	2	0	0
sim.800.014	none	0	0	0	0	0	0	0	0	0	0	0	2	2	3
sim.801.014	none	0	0	0	0	0	0	0	0	0	0	0	1	4	1
sim.802.014	none	5	6	0	8	6	10	5	5	5	0	0	0	0	0
sim.803.014	none	4	3	2	2	2	3	2	2	2	0	0	0	0	0
sim.804.014	none	2	5	6	4	11	7	7	6	7	0	0	0	0	0
sim.805.014	none	1	1	1	0	1	1	1	5	1	6	1	2	1	3
sim.806.014	none	4	4	0	0	0	0	0	0	0	0	0	0	0	0
sim.807.014	none	2	6	4	13	7	8	11	6	5	9	17	30	6	9
sim.808.014	none	0	0	0	0	0	0	0	0	0	0	0	5	1	1
sim.809.014	none	0	0	0	0	0	0	0	0	0	0	0	10	3	6
sim.81.014	none	0	0	0	0	0	0	0	0	0	0	1	5	5	6
sim.810.014	none	3	1	11	13	21	22	14	16	8	1	0	5	1	1
sim.811.014	none	0	0	4	5	2	1	2	0	1	0	0	0	0	0
sim.812.014	none	2	3	0	0	0	0	0	0	0	4	0	0	0	0
sim.813.014	none	0	0	0	0	0	0	0	0	0	0	4	0	0	0
sim.814.014	none	0	0	0	0	0	0	0	0	0	0	0	13	12	5
sim.815.014	none	0	0	0	0	0	0	0	0	0	0	0	9	0	0
sim.816.014	none	0	0	0	0	0	0	0	0	0	4	2	3	0	1
sim.817.014	none	4	4	7	11	2	2	6	8	3	0	0	0	0	0
sim.818.014	none	0	0	0	0	0	0	0	0	0	3	4	0	0	0
sim.819.014	none	0	0	0	0	0	0	0	0	0	3	2	1	3	3
sim.82.014	none	1	0	4	4	1	0	2	2	6	0	0	0	0	0
sim.820.014	none	0	0	0	0	0	0	0	0	0	2	2	1	2	3
sim.821.014	none	0	0	0	0	0	0	0	0	0	0	1	3	4	7
sim.822.014	none	0	0	0	2	1	1	2	1	2	0	0	0	0	0
sim.823.014	none	0	0	0	0	0	0	0	0	0	3	5	0	0	0
sim.824.014	none	6	1	0	0	0	0	0	0	0	0	0	0	0	0
sim.825.014	none	0	0	0	0	0	0	0	0	0	0	2	1	2	2
sim.826.014	none	0	0	0	0	0	0	0	0	0	2	4	0	3	1
sim.827.014	none	0	0	0	0	0	0	0	0	0	0	0	2	1	2
sim.828.014	none	0	0	0	4	1	2	2	0	0	0	0	0	0	0
sim.829.014	none	9	8	6	7	2	1	3	8	7	2	0	10	2	1
sim.83.014	none	0	0	0	0	0	0	0	0	0	16	11	1	1	1
sim.830.014	none	1	3	2	9	4	6	9	7	4	0	0	0	0	0
sim.831.014	none	0	0	0	0	0	0	0	0	0	0	3	4	2	2
sim.832.014	none	1	1	5	3	1	2	2	3	3	0	0	1	0	1
sim.833.014	none	0	0	0	0	0	0	0	0	0	5	0	3	7	3
sim.834.014	none	0	0	0	0	0	0	0	0	0	0	8	3	6	3
sim.835.014	none	13	6	3	2	0	1	1	1	0	0	0	0	0	0
sim.836.014	none	0	0	0	0	0	0	0	0	0	2	8	6	1	2
sim.837.014	none	0	0	0	0	0	0	0	0	0	1	3	0	1	0
sim.838.014	none	4	6	4	1	0	0	0	2	4	0	0	0	0	0
sim.839.014	none	0	0	0	0	0	0	0	0	0	3	3	0	0	0
sim.84.014	none	0	0	0	0	0	0	0	0	0	2	15	3	1	4
sim.840.014	none	0	0	0	0	0	0	0	0	0	3	8	7	4	2
sim.841.014	none	12	12	3	6	3	3	4	2	1	0	0	0	0	0
sim.842.014	none	6	3	7	4	4	3	9	4	8	0	0	0	0	0
sim.843.014	none	0	0	0	0	0	0	0	0	0	1	0	4	6	3
sim.844.014	none	11	10	8	6	8	7	8	10	8	0	0	0	0	0
sim.845.014	none	3	4	19	6	15	14	12	5	9	0	0	3	2	0
sim.846.014	none	0	0	0	0	0	0	0	0	0	7	7	14	10	5
sim.847.014	none	9	7	9	11	4	7	9	8	7	0	0	0	0	0
sim.848.014	none	1	5	1	0	2	1	4	0	1	0	0	0	0	0
sim.849.014	none	0	0	0	0	0	0	0	0	0	5	7	0	0	0
sim.85.014	none	4	3	7	4	1	1	1	2	5	8	6	0	0	0
sim.850.014	none	10	10	23	12	21	19	17	20	19	0	0	0	0	0
sim.851.014	none	2	2	2	1	3	7	2	10	4	0	0	0	0	0
sim.852.014	none	2	4	8	15	14	7	7	9	3	3	1	1	1	1
sim.853.014	none	2	4	10	6	1	1	1	5	9	0	0	0	0	0
sim.854.014	none	0	0	0	0	0	0	0	0	0	10	7	0	0	2
sim.855.014	none	5	0	0	0	0	0	0	0	0	0	0	0	0	0
sim.856.014	none	0	0	0	0	0	0	0	0	0	4	0	4	1	2
sim.857.014	none	0	3	5	2	6	3	1	1	3	0	0	0	0	0
sim.858.014	none	1	7	10	11	9	9	5	9	6	0	0	0	0	0
sim.859.014	none	0	0	0	0	0	0	0	0	0	1	0	7	8	6
sim.86.014	none	5	9	1	2	0	0	0	4	1	0	6	14	6	9
sim.860.014	none	0	0	0	0	0	0	0	0	0	3	7	3	14	8
sim.861.014	none	0	0	1	0	0	0	0	0	1	0	3	1	0	0
sim.862.014	none	2	8	7	8	6	8	9	8	15	0	0	0	0	0
sim.863.014	none	0	0	0	0	0	0	0	0	0	35	11	14	7	14
sim.864.014	none	3	0	1	2	2	1	1	4	4	0	0	0	0	0
sim.865.014	none	0	3	0	2	1	1	1	0	0	0	0	0	1	1
sim.866.014	none	0	0	5	1	1	0	2	1	2	0	0	0	0	0
sim.867.014	none	0	0	0	0	0	0	0	0	0	0	0	2	3	3
sim.868.014	none	10	13	8	9	2	3	10	4	3	0	0	0	0	0
sim.869.014	none	4	1	0	0	0	0	0	0	0	0	0	0	0	0
sim.87.014	none	0	0	0	0	0	0	0	0	0	5	1	0	0	0
sim.870.014	none	0	0	0	0	0	0	0	0	0	0	0	0	4	4
sim.871.014	none	4	3	0	0	0	0	0	0	0	0	0	0	0	0
sim.872.014	none	0	0	0	0	0	0	0	0	0	0	1	23	9	2
sim.873.014	none	3	1	5	4	4	7	1	2	3	0	0	0	2	4
sim.874.014	none	0	0	0	0	0	0	0	0	0	2	7	4	6	4
sim.875.014	none	0	0	1	0	2	1	2	2	0	0	1	5	2	4
sim.876.014	none	8	1	0	0	0	0	0	0	0	7	14	0	2	0
sim.877.014	none	0	0	0	0	0	0	0	0	0	0	1	0	2	1
sim.878.014	none	0	0	0	0	0	0	0	0	0	2	5	8	4	4
sim.879.014	none	0	0	0	0	0	0	0	0	0	5	4	7	10	10
sim.88.014	none	3	5	3	7	5	6	2	6	2	2	2	0	0	0
sim.880.014	none	5	7	5	2	2	2	4	0	0	0	0	0	0	0
sim.881.014	none	3	11	0	1	1	1	2	0	0	0	0	0	0	0
sim.882.014	none	0	0	0	0	0	0	0	0	0	6	4	0	0	0
sim.883.014	none	0	0	0	0	0	0	0	0	0	11	5	6	12	7
sim.884.014	none	0	0	0	0	0	0	0	0	0	3	5	2	4	8
sim.885.014	none	0	0	0	0	0	0	0	0	0	0	0	3	6	0
sim.886.014	none	1	2	4	5	6	7	5	2	5	0	0	1	0	0
sim.887.014	none	13	11	17	6	5	9	12	7	9	0	0	0	0	0
sim.888.014	none	1	1	0	0	1	1	2	0	0	0	0	0	0	0
sim.889.014	none	0	0	4	1	0	0	0	0	0	0	0	0	0	0
sim.89.014	none	0	0	4	0	6	2	1	0	0	0	0	0	0	0
sim.890.014	none	0	0	0	0	0	0	0	0	0	9	6	11	9	9
sim.891.014	none	0	0	0	0	0	0	0	0	0	6	3	5	4	5
sim.892.014	none	0	0	0	0	0	0	0	0	0	0	0	0	3	2
sim.893.014	none	2	3	2	5	7	5	8	3	4	0	0	0	0	0
sim.894.014	none	0	0	0	0	0	0	0	0	0	2	7	0	0	0
sim.895.014	none	2	1	4	0	0	0	2	0	1	2	0	2	0	1
sim.896.014	none	0	0	0	0	0	0	0	0	0	0	0	3	1	2
sim.897.014	none	0	0	0	0	0	0	0	0	0	3	0	5	5	3
sim.898.014	none	0	0	0	0	0	0	0	0	0	3	6	19	22	16
sim.899.014	none	0	0	0	0	0	0	0	0	0	4	5	17	12	12
sim.9.014	none	2	0	0	0	0	0	0	3	3	0	0	0	0	0
sim.90.014	none	3	4	2	7	9	11	10	1	2	1	2	1	4	0
sim.900.014	none	2	1	8	1	4	2	3	3	1	0	0	0	0	0
sim.901.014	none	20	10	10	10	7	9	5	7	7	0	0	0	0	0
sim.902.014	none	0	0	4	3	0	0	1	0	0	3	0	8	3	6
sim.903.014	none	0	1	4	5	3	3	2	0	0	2	0	0	0	0
sim.904.014	none	4	6	4	2	2	2	2	7	4	0	0	1	0	0
sim.905.014	none	5	5	22	11	14	12	14	7	12	0	0	0	0	0
sim.906.014	none	0	0	0	0	0	0	0	0	0	7	7	11	5	4
sim.907.014	none	3	1	4	4	4	7	5	6	6	0	0	0	0	0
sim.908.014	none	17	7	8	4	8	6	8	7	4	0	0	0	0	0
sim.909.014	none	0	0	0	0	0	0	0	0	0	1	0	5	7	5
sim.91.014	none	11	6	11	3	7	7	4	9	11	0	0	0	0	0
sim.910.014	none	0	0	0	0	0	0	0	0	0	16	1	12	10	11
sim.911.014	none	0	0	0	0	0	0	0	0	0	6	16	5	5	7
sim.912.014	none	3	5	9	6	4	6	3	7	4	0	0	0	0	0
sim.913.014	none	0	0	0	0	0	0	0	0	0	4	3	1	1	1
sim.914.014	none	8	3	7	4	7	8	12	6	7	0	0	0	0	0
sim.915.014	none	0	0	6	3	9	6	4	0	1	0	0	0	0	0
sim.916.014	none	3	1	2	8	6	6	5	8	3	0	0	0	0	0
sim.917.014	none	9	7	21	1	4	4	10	1	5	0	0	0	0	0
sim.918.014	none	0	0	0	0	0	0	0	0	0	0	3	4	3	1
sim.919.014	none	2	1	0	0	0	0	0	0	0	4	5	1	2	1
sim.92.014	none	0	0	7	4	1	1	2	3	1	2	3	21	13	17
sim.920.014	none	1	1	0	6	1	3	6	5	10	0	0	1	1	0
sim.921.014	none	2	10	5	4	9	6	7	2	7	0	0	0	0	0
sim.922.014	none	0	0	0	0	0	0	0	0	0	3	9	10	27	22
sim.923.014	none	0	0	0	0	0	0	0	0	0	4	2	0	0	0
sim.924.014	none	0	0	0	0	0	0	0	0	0	9	7	8	8	10
sim.925.014	none	6	2	1	5	2	1	5	5	4	9	3	2	1	4
sim.926.014	none	2	2	4	2	3	4	4	5	7	0	0	0	0	0
sim.927.014	none	2	9	10	12	13	9	8	9	12	0	6	4	2	5
sim.928.014	none	6	9	8	4	6	7	9	11	7	0	0	0	0	0
sim.929.014	none	0	0	8	4	1	2	2	2	6	0	0	0	0	0
sim.93.014	none	0	0	0	0	0	0	0	0	0	1	4	5	5	5
sim.930.014	none	0	0	0	0	0	0	0	0	0	3	5	0	5	4
sim.931.014	none	4	2	0	0	0	0	0	0	0	8	7	8	11	5
sim.932.014	none	2	9	0	0	0	0	0	0	0	8	11	16	15	14
sim.933.014	none	0	0	0	0	0	0	0	0	0	7	7	11	16	11
sim.934.014	none	1	0	0	0	0	0	0	0	0	7	17	2	5	4
sim.935.014	none	3	1	2	1	3	2	1	5	3	5	2	9	10	7
sim.936.014	none	3	6	4	1	4	7	4	15	10	0	0	0	0	0
sim.937.014	none	3	0	4	6	3	2	1	3	3	0	0	0	0	0
sim.938.014	none	9	6	8	10	6	6	8	2	2	0	0	0	0	0
sim.939.014	none	5	4	2	9	6	6	12	6	9	3	0	2	5	5
sim.94.014	none	2	2	1	1	1	1	2	0	1	3	6	4	5	3
sim.940.014	none	0	0	0	0	0	0	0	0	0	9	14	21	6	6
sim.941.014	none	0	0	0	0	0	0	0	0	0	0	0	2	2	4
sim.942.014	none	7	5	8	3	3	8	8	7	4	0	0	0	0	0
sim.943.014	none	4	7	7	8	12	12	14	11	11	0	0	0	0	0
sim.944.014	none	0	0	0	0	0	0	0	0	0	4	3	16	9	10
sim.945.014	none	7	5	6	5	3	3	0	4	9	0	0	0	0	0
sim.946.014	none	0	0	0	0	0	0	0	0	0	1	3	3	0	0
sim.947.014	none	7	3	5	7	5	4	2	3	1	0	0	0	0	0
sim.948.014	none	0	0	0	0	0	0	0	0	0	2	2	1	1	0
sim.949.014	none	0	0	1	2	2	2	3	1	2	3	1	0	0	1
sim.95.014	none	7	3	0	0	0	0	0	3	1	0	0	0	0	0
sim.950.014	none	12	11	6	3	13	10	7	4	0	6	4	0	0	0
sim.951.014	none	0	0	0	0	0	0	0	0	0	1	4	4	5	1
sim.952.014	none	0	0	0	0	0	0	0	0	0	4	6	5	8	6
sim.953.014	none	3	1	0	0	0	0	0	1	0	0	5	0	0	0
sim.954.014	none	0	0	0	0	0	0	0	0	0	0	1	10	0	2
sim.955.014	none	0	0	0	0	0	0	0	0	0	1	5	1	1	1
sim.956.014	none	0	0	2	1	1	1	0	3	2	2	2	0	0	0
sim.957.014	none	0	0	0	0	0	0	0	0	0	3	2	0	0	0
sim.958.014	none	3	3	5	2	5	3	6	8	8	0	0	0	0	0
sim.959.014	none	0	0	0	0	0	0	0	0	0	0	0	12	12	19
sim.96.014	none	0	0	0	0	0	0	0	0	0	5	12	0	4	0
sim.960.014	none	4	3	20	13	16	12	12	13	12	0	0	0	0	0
sim.961.014	none	3	4	1	2	6	6	4	8	6	0	0	0	0	0
sim.962.014	none	0	0	0	0	0	0	0	0	0	1	3	9	13	13
sim.963.014	none	1	0	5	0	1	1	0	1	1	0	0	0	0	0
sim.964.014	none	0	0	0	0	0	0	0	0	0	3	3	0	3	1
sim.965.014	none	6	8	11	6	7	9	12	1	4	0	0	0	0	0
sim.966.014	none	4	6	0	0	0	0	0	0	0	3	1	3	4	4
sim.967.014	none	0	0	0	0	0	0	0	0	0	0	0	2	3	3
sim.968.014	none	0	0	0	0	1	1	1	1	1	0	0	0	0	0
sim.969.014	none	5	6	6	4	3	2	4	1	3	0	0	0	0	0
sim.97.014	none	4	2	1	1	3	2	1	0	1	0	0	0	0	0
sim.970.014	none	0	2	2	2	4	2	1	0	0	0	0	0	0	0
sim.971.014	none	8	8	14	9	12	14	7	10	12	0	0	0	0	0
sim.972.014	none	0	0	0	0	0	0	0	0	0	11	6	0	0	0
sim.973.014	none	0	0	0	0	0	0	0	0	0	2	4	0	1	1
sim.974.014	none	0	0	0	0	0	0	0	0	0	1	3	4	1	2
sim.975.014	none	1	1	0	0	0	0	0	1	0	0	0	1	7	7
sim.976.014	none	5	1	2	5	4	4	1	0	0	0	0	0	0	0
sim.977.014	none	0	0	0	0	0	0	0	0	0	0	0	0	2	3
sim.978.014	none	0	0	0	0	0	0	0	0	0	5	2	7	3	7
sim.979.014	none	10	8	1	0	1	2	4	0	0	4	1	2	0	0
sim.98.014	none	4	10	0	5	6	7	9	1	2	3	2	0	0	0
sim.980.014	none	0	0	0	0	0	0	0	0	0	3	12	0	9	6
sim.981.014	none	7	2	3	1	2	2	3	1	2	0	0	0	0	0
sim.982.014	none	3	1	2	3	4	5	3	1	0	0	0	0	0	0
sim.983.014	none	3	3	5	5	5	5	7	3	1	0	0	0	0	0
sim.984.014	none	2	1	1	0	0	0	0	0	0	0	0	0	0	0
sim.985.014	none	0	0	0	0	0	0	0	0	0	5	3	6	1	1
sim.986.014	none	0	0	0	0	0	0	0	0	0	0	3	4	1	3
sim.987.014	none	0	0	0	0	0	0	0	0	0	2	4	10	6	5
sim.988.014	none	6	5	5	2	0	0	0	2	3	0	0	0	0	0
sim.989.014	none	0	0	0	0	0	0	0	0	0	4	1	2	4	2
sim.99.014	none	10	4	5	8	2	5	4	4	4	0	0	0	0	0
sim.990.014	none	0	0	0	0	0	0	0	0	0	1	1	5	7	1
sim.991.014	none	5	2	2	4	1	1	5	7	8	0	0	0	0	0
sim.992.014	none	0	0	0	0	0	0	0	0	0	6	2	2	1	4
sim.993.014	none	4	3	9	5	7	7	4	7	10	0	0	0	0	0
sim.994.014	none	3	7	7	6	7	5	10	12	10	0	0	0	0	0
sim.995.014	none	0	0	0	0	0	0	0	0	0	10	13	9	15	11
sim.996.014	none	0	0	0	0	0	0	0	0	0	4	4	0	0	0
sim.997.014	none	3	2	6	8	12	10	13	11	11	0	0	0	0	0
sim.998.014	none	6	4	19	12	6	8	10	7	4	1	0	0	0	0
sim.999.014	none	1	3	3	4	1	1	0	0	0	0	0	0	0	0
