OGS	desc	musDom	gloMor	droWil	droPse	droYak	droMel	droAna	droVir	droMoj	culQui	aedAeg	anoDar	anoSte	anoGam
sim.0.009	none	0	0	0	0	0	0	0	0	0	1	2	1	0	0
sim.1.009	none	0	2	2	3	2	2	4	1	1	0	3	0	0	0
sim.10.009	none	3	0	0	1	0	1	1	2	3	8	11	18	18	10
sim.100.009	none	3	3	2	2	2	2	1	2	1	0	0	0	0	0
sim.101.009	none	1	1	3	0	2	3	1	0	1	0	0	0	0	0
sim.102.009	none	0	0	1	1	2	3	2	2	4	0	0	0	0	0
sim.103.009	none	4	2	4	2	2	4	2	1	1	0	0	0	0	0
sim.104.009	none	4	4	10	5	7	6	4	3	3	5	6	1	3	1
sim.105.009	none	0	0	0	0	0	0	0	0	0	1	1	3	6	6
sim.106.009	none	0	0	4	0	6	4	3	4	2	0	0	0	0	0
sim.107.009	none	2	4	4	2	1	0	2	2	5	0	0	0	0	0
sim.108.009	none	0	0	0	0	0	0	0	0	0	1	2	3	0	0
sim.109.009	none	2	4	7	8	9	11	12	7	10	0	0	0	0	0
sim.11.009	none	0	0	2	6	4	5	5	5	4	2	1	1	0	0
sim.110.009	none	2	5	2	2	3	5	5	2	3	0	0	0	0	0
sim.111.009	none	0	0	0	0	0	0	0	0	0	3	2	0	0	0
sim.112.009	none	0	0	0	0	0	0	0	0	0	7	2	4	8	4
sim.113.009	none	6	5	0	0	1	1	1	1	1	0	0	0	0	0
sim.114.009	none	0	0	1	4	2	3	3	1	0	0	0	0	0	0
sim.115.009	none	0	0	0	0	0	0	0	0	0	1	1	8	19	14
sim.116.009	none	0	0	0	0	0	0	0	0	0	2	3	0	3	3
sim.117.009	none	1	3	5	3	4	3	4	1	1	0	2	0	0	0
sim.118.009	none	1	1	2	1	3	2	3	1	1	2	1	0	0	0
sim.119.009	none	0	0	0	0	0	0	0	0	0	0	0	0	2	3
sim.12.009	none	0	0	0	0	0	0	0	0	0	0	0	0	2	3
sim.120.009	none	0	0	0	0	0	0	0	0	0	3	3	5	3	5
sim.121.009	none	0	0	0	0	0	0	0	0	0	5	2	3	11	5
sim.122.009	none	1	1	2	3	1	3	3	3	2	0	5	0	0	0
sim.123.009	none	0	0	0	0	0	0	0	0	0	0	4	0	0	0
sim.124.009	none	3	3	2	2	2	2	2	5	2	0	0	0	0	0
sim.125.009	none	0	0	0	0	0	0	0	0	0	4	2	2	2	4
sim.126.009	none	4	0	6	6	4	6	5	5	5	9	3	6	6	11
sim.127.009	none	0	0	0	0	0	0	0	0	0	0	2	9	10	10
sim.128.009	none	2	1	5	2	2	2	3	0	3	0	0	0	0	0
sim.129.009	none	6	2	2	0	2	2	1	2	2	0	0	0	0	0
sim.13.009	none	0	0	0	0	0	0	0	0	0	0	2	1	1	1
sim.130.009	none	0	2	1	0	1	1	1	0	0	1	0	0	0	0
sim.131.009	none	0	0	0	0	0	0	0	0	0	8	2	0	0	0
sim.132.009	none	0	0	0	0	0	0	0	0	0	4	2	0	0	0
sim.133.009	none	1	2	4	2	1	2	0	3	5	0	0	0	0	0
sim.134.009	none	0	0	1	2	1	0	1	1	0	0	0	0	0	0
sim.135.009	none	0	0	0	0	0	0	0	0	0	0	1	1	2	3
sim.136.009	none	0	0	0	0	0	0	0	0	0	2	6	4	4	5
sim.137.009	none	9	7	0	3	4	3	3	3	3	3	0	2	0	0
sim.138.009	none	2	1	3	4	5	4	2	2	2	0	0	0	0	0
sim.139.009	none	3	7	5	4	3	3	4	3	2	4	8	14	12	9
sim.14.009	none	1	1	2	0	1	1	1	4	2	0	0	0	0	0
sim.140.009	none	4	7	5	3	1	1	1	3	5	0	0	0	0	0
sim.141.009	none	0	0	0	0	0	0	0	0	0	5	2	7	4	5
sim.142.009	none	0	0	0	0	0	0	0	0	0	1	5	0	0	0
sim.143.009	none	0	0	0	1	1	1	3	1	1	0	0	0	0	0
sim.144.009	none	1	0	1	2	1	1	1	1	5	3	3	12	10	9
sim.145.009	none	0	0	2	1	1	2	2	1	1	0	0	0	0	0
sim.146.009	none	0	0	0	0	0	0	0	0	0	0	2	7	6	6
sim.147.009	none	12	16	4	6	1	2	2	2	1	0	0	0	0	0
sim.148.009	none	2	3	0	5	5	5	6	5	1	0	0	0	0	0
sim.149.009	none	2	1	2	0	0	1	2	1	1	1	1	5	3	1
sim.15.009	none	3	0	1	3	4	2	2	2	2	0	0	0	0	0
sim.150.009	none	7	12	4	7	4	4	4	9	13	0	0	0	0	0
sim.151.009	none	0	0	0	0	0	0	0	0	0	1	8	2	2	2
sim.152.009	none	3	13	4	16	5	6	6	3	10	0	0	0	0	0
sim.153.009	none	0	0	1	0	3	2	1	0	1	1	2	0	0	0
sim.154.009	none	11	13	12	7	8	7	6	11	6	1	4	0	3	3
sim.155.009	none	0	0	0	0	0	0	0	0	0	5	10	11	7	5
sim.156.009	none	0	0	1	4	2	1	3	1	1	0	0	0	0	0
sim.157.009	none	0	0	0	0	0	0	0	0	0	0	1	4	4	4
sim.158.009	none	0	0	0	0	0	0	0	0	0	1	3	3	5	3
sim.159.009	none	0	0	1	1	2	2	4	1	0	0	0	0	0	0
sim.16.009	none	4	8	5	2	3	2	5	1	1	13	17	4	2	1
sim.160.009	none	3	3	0	0	2	2	2	1	2	0	0	0	0	0
sim.161.009	none	14	8	7	8	9	14	11	12	8	2	1	1	2	0
sim.162.009	none	0	1	0	4	2	2	2	2	0	2	1	0	2	1
sim.163.009	none	3	3	1	2	2	2	1	2	5	1	0	0	0	0
sim.164.009	none	3	1	0	0	0	0	0	0	0	0	0	0	0	0
sim.165.009	none	0	0	0	0	0	0	0	0	0	4	2	11	11	8
sim.166.009	none	1	2	1	1	1	1	0	1	2	13	34	6	6	10
sim.167.009	none	1	7	11	12	9	10	14	9	8	0	0	0	0	0
sim.168.009	none	0	1	0	3	1	1	0	1	3	12	11	2	3	7
sim.169.009	none	0	3	2	4	1	1	1	0	1	0	0	0	0	0
sim.17.009	none	2	1	1	2	1	1	0	1	1	0	0	0	0	0
sim.170.009	none	0	0	1	0	0	0	0	2	5	0	0	0	0	0
sim.171.009	none	1	4	1	0	1	1	1	1	0	0	0	0	1	2
sim.172.009	none	3	2	3	3	2	4	3	2	0	0	0	0	0	0
sim.173.009	none	2	0	4	4	3	3	3	2	2	0	0	0	0	0
sim.174.009	none	0	0	0	0	0	0	0	0	0	10	0	0	0	0
sim.175.009	none	0	0	0	0	0	0	0	0	0	2	11	0	0	1
sim.176.009	none	0	0	0	0	0	0	0	0	0	5	3	2	0	0
sim.177.009	none	1	1	4	0	3	1	3	4	9	4	9	2	2	3
sim.178.009	none	5	4	15	8	8	10	14	7	7	4	6	0	0	0
sim.179.009	none	3	3	4	4	6	5	5	3	4	0	0	0	0	0
sim.18.009	none	0	0	1	3	1	1	1	1	2	0	0	0	0	0
sim.180.009	none	6	4	0	1	2	1	1	4	1	0	0	0	0	0
sim.181.009	none	11	6	4	6	7	7	11	6	5	3	0	0	2	1
sim.182.009	none	0	0	0	0	0	0	0	0	0	0	0	3	1	2
sim.183.009	none	0	0	0	0	0	0	0	0	0	6	13	2	2	3
sim.184.009	none	1	1	3	2	1	1	1	2	3	0	0	0	0	0
sim.185.009	none	0	0	0	0	0	0	0	0	0	0	0	2	2	1
sim.186.009	none	3	2	4	4	3	3	5	3	3	1	3	3	0	1
sim.187.009	none	0	0	0	0	0	0	0	0	0	1	3	0	1	1
sim.188.009	none	0	0	0	0	0	0	0	0	0	1	6	0	2	1
sim.189.009	none	0	0	0	0	0	0	0	0	0	1	2	2	0	0
sim.19.009	none	2	1	7	10	11	13	9	9	8	0	0	0	0	0
sim.190.009	none	2	4	2	1	0	0	0	0	0	1	1	0	0	0
sim.191.009	none	6	5	3	3	2	2	1	1	2	0	2	0	0	0
sim.192.009	none	2	6	6	1	2	2	1	4	4	0	0	0	0	0
sim.193.009	none	1	3	4	1	3	2	2	4	4	0	0	0	0	0
sim.194.009	none	2	4	1	3	2	3	1	2	2	9	7	0	0	0
sim.195.009	none	0	0	0	0	0	0	0	0	0	6	3	1	3	2
sim.196.009	none	0	0	0	0	0	0	0	0	0	8	10	0	0	0
sim.197.009	none	8	5	7	9	7	8	6	11	10	0	0	0	0	0
sim.198.009	none	0	0	0	0	0	0	0	0	0	6	5	1	0	0
sim.199.009	none	1	2	1	1	0	3	1	1	5	0	0	0	0	0
sim.2.009	none	4	1	2	3	2	1	1	2	1	0	0	0	0	0
sim.20.009	none	0	0	0	0	0	0	0	0	0	7	0	0	0	0
sim.200.009	none	0	0	0	0	0	0	0	0	0	6	9	5	10	7
sim.201.009	none	0	0	0	0	0	0	0	2	3	8	9	3	6	4
sim.202.009	none	0	0	0	0	0	0	0	0	0	0	0	5	3	0
sim.203.009	none	0	0	0	0	0	0	0	0	0	0	1	1	1	1
sim.204.009	none	6	4	10	3	5	5	7	6	7	1	1	1	1	2
sim.205.009	none	0	0	0	0	0	0	0	0	0	2	1	4	6	6
sim.206.009	none	0	0	1	6	4	3	2	3	2	17	13	4	2	1
sim.207.009	none	6	7	0	1	1	1	1	0	0	0	0	4	2	1
sim.208.009	none	2	0	6	7	3	3	3	2	6	0	0	12	5	4
sim.209.009	none	0	0	0	0	0	0	0	0	0	1	2	8	2	6
sim.21.009	none	0	0	0	0	0	0	0	0	0	0	2	3	0	2
sim.210.009	none	1	3	1	0	1	0	0	4	1	5	8	7	7	8
sim.211.009	none	4	7	12	13	8	7	9	9	5	0	0	0	0	0
sim.212.009	none	1	4	1	3	1	1	1	0	1	0	0	0	0	0
sim.213.009	none	0	0	0	0	0	0	0	0	1	14	15	2	4	4
sim.214.009	none	0	2	4	3	1	2	2	2	1	0	0	0	1	3
sim.215.009	none	5	2	4	6	4	5	3	5	5	3	2	2	6	1
sim.216.009	none	8	2	6	7	3	3	3	6	3	2	1	3	1	2
sim.217.009	none	0	0	0	0	0	0	0	0	0	0	0	3	1	1
sim.218.009	none	7	12	8	9	14	12	16	13	8	0	0	0	0	0
sim.219.009	none	0	0	0	0	0	0	0	0	0	4	1	4	1	1
sim.22.009	none	1	1	4	5	3	3	3	2	2	0	2	2	1	3
sim.220.009	none	0	0	1	2	1	2	1	1	1	0	1	1	0	0
sim.221.009	none	2	1	0	0	0	0	0	0	0	3	2	0	0	0
sim.222.009	none	0	0	0	0	0	0	0	0	0	2	5	0	0	0
sim.223.009	none	6	3	4	1	4	5	1	1	2	0	0	0	0	0
sim.224.009	none	0	0	1	1	2	3	2	0	0	0	0	0	1	0
sim.225.009	none	1	4	1	3	0	0	1	2	3	0	0	2	6	3
sim.226.009	none	0	0	1	1	3	6	5	4	3	0	0	0	0	0
sim.227.009	none	0	0	0	0	0	0	0	0	0	4	3	14	3	6
sim.228.009	none	0	0	0	0	0	0	0	0	0	9	6	0	4	1
sim.229.009	none	0	0	0	0	0	0	0	0	0	1	1	3	6	7
sim.23.009	none	3	2	1	1	2	2	1	0	4	7	4	2	5	1
sim.230.009	none	1	1	6	4	2	3	2	1	4	0	0	0	0	0
sim.231.009	none	0	0	0	0	0	0	0	0	0	6	3	1	1	3
sim.232.009	none	2	1	0	0	0	1	1	2	0	0	0	0	0	0
sim.233.009	none	0	0	0	0	0	0	0	0	0	8	1	0	1	0
sim.234.009	none	9	6	7	8	2	2	5	4	3	0	0	0	0	0
sim.235.009	none	0	0	0	0	0	0	0	0	0	0	2	1	2	1
sim.236.009	none	1	2	1	3	4	2	1	1	2	0	0	0	0	0
sim.237.009	none	0	0	0	0	0	0	0	0	0	0	0	0	2	2
sim.238.009	none	0	0	0	0	0	0	0	2	0	7	2	1	0	1
sim.239.009	none	7	5	10	3	5	7	5	6	7	0	0	3	4	3
sim.24.009	none	8	7	8	10	17	10	5	9	8	0	0	0	0	0
sim.240.009	none	0	0	0	0	0	0	0	0	0	3	0	2	2	4
sim.241.009	none	12	13	6	7	5	6	6	4	1	0	0	0	0	0
sim.242.009	none	0	0	0	0	0	0	0	0	0	1	1	9	12	10
sim.243.009	none	1	1	4	5	2	1	6	4	4	0	0	0	0	0
sim.244.009	none	0	0	0	0	0	0	0	0	0	3	0	2	0	0
sim.245.009	none	0	0	0	0	0	0	0	0	0	2	1	0	4	6
sim.246.009	none	0	0	0	0	0	0	0	0	0	9	2	4	2	5
sim.247.009	none	0	0	0	0	0	0	0	0	0	8	12	1	2	1
sim.248.009	none	4	5	5	8	8	9	9	6	10	0	0	0	0	0
sim.249.009	none	1	5	0	0	0	0	0	0	0	0	0	0	0	0
sim.25.009	none	0	0	0	0	0	0	0	0	0	6	6	2	0	1
sim.250.009	none	1	4	0	0	0	0	1	0	1	0	0	0	0	0
sim.251.009	none	2	1	2	3	6	5	3	2	2	0	0	0	0	0
sim.252.009	none	0	0	0	0	0	0	0	0	0	3	5	0	0	0
sim.253.009	none	0	0	0	1	1	1	1	1	0	0	0	0	0	0
sim.254.009	none	8	3	3	5	2	3	4	5	5	0	0	0	0	0
sim.255.009	none	4	5	0	6	2	2	1	3	5	0	0	3	3	7
sim.256.009	none	0	0	0	0	0	0	0	0	0	1	1	3	2	0
sim.257.009	none	0	0	0	0	0	0	0	0	0	0	3	4	4	3
sim.258.009	none	0	0	0	0	0	0	0	0	0	2	0	3	10	5
sim.259.009	none	0	0	1	0	1	1	1	1	1	0	0	0	0	0
sim.26.009	none	0	0	0	0	0	0	0	0	0	4	2	9	5	5
sim.260.009	none	8	7	3	8	8	8	6	3	6	0	0	0	0	0
sim.261.009	none	3	1	5	4	3	3	5	3	5	3	1	0	4	2
sim.262.009	none	0	0	8	5	6	6	4	4	4	0	1	0	1	1
sim.263.009	none	0	0	0	0	0	0	0	0	0	5	5	0	1	1
sim.264.009	none	3	1	1	0	0	0	0	4	2	1	3	5	2	0
sim.265.009	none	5	5	2	2	1	2	2	4	3	0	0	0	0	0
sim.266.009	none	0	0	1	2	4	4	3	2	4	0	0	0	0	0
sim.267.009	none	0	0	0	0	0	0	0	0	0	3	1	0	0	0
sim.268.009	none	2	1	0	1	5	3	5	0	0	0	0	0	0	0
sim.269.009	none	0	0	0	0	0	0	0	0	0	5	8	3	1	1
sim.27.009	none	0	0	0	0	0	0	0	0	0	3	2	3	2	3
sim.270.009	none	6	3	2	8	8	7	5	5	7	0	0	0	0	0
sim.271.009	none	0	0	0	0	0	0	0	0	0	0	0	2	5	2
sim.272.009	none	1	2	7	4	3	3	6	9	10	0	0	3	2	1
sim.273.009	none	0	2	0	0	0	0	0	1	1	1	3	0	0	0
sim.274.009	none	1	5	1	1	1	0	1	1	1	0	0	0	0	0
sim.275.009	none	4	1	10	2	1	2	2	8	5	0	0	0	0	0
sim.276.009	none	0	0	0	0	0	0	0	0	0	0	0	4	5	3
sim.277.009	none	2	2	4	2	2	1	1	3	5	0	0	0	0	0
sim.278.009	none	2	2	5	2	1	1	2	4	7	0	0	0	0	0
sim.279.009	none	6	6	1	1	1	1	1	1	1	6	7	3	1	0
sim.28.009	none	5	2	2	2	1	1	2	1	2	2	0	0	1	1
sim.280.009	none	9	5	7	2	10	9	5	6	6	2	0	2	1	3
sim.281.009	none	0	0	0	0	0	0	0	0	0	0	0	3	3	1
sim.282.009	none	2	3	0	0	0	0	0	0	0	0	0	0	0	0
sim.283.009	none	4	2	0	0	0	0	0	0	0	0	1	0	1	1
sim.284.009	none	0	0	1	0	1	1	0	1	0	0	0	0	0	0
sim.285.009	none	0	0	1	2	0	0	1	1	4	0	0	0	0	0
sim.286.009	none	1	3	3	2	1	1	1	0	0	0	0	0	0	0
sim.287.009	none	0	0	0	0	0	0	0	0	0	1	5	0	0	0
sim.288.009	none	4	5	0	5	2	2	3	3	3	4	2	1	1	3
sim.289.009	none	9	6	7	14	15	17	15	12	12	1	1	7	1	3
sim.29.009	none	0	2	0	2	2	2	0	0	0	5	11	0	0	0
sim.290.009	none	0	0	0	0	0	0	0	0	0	0	0	1	1	2
sim.291.009	none	1	5	3	7	5	5	7	7	10	0	0	0	0	0
sim.292.009	none	0	0	0	0	0	0	0	0	0	1	0	2	0	1
sim.293.009	none	0	0	0	0	0	0	0	0	0	3	0	4	3	2
sim.294.009	none	5	3	1	0	2	1	3	2	1	2	3	6	1	2
sim.295.009	none	2	0	3	0	2	2	1	2	0	0	0	0	0	0
sim.296.009	none	1	2	2	2	1	2	4	1	4	0	0	0	0	0
sim.297.009	none	0	0	0	1	1	1	3	0	0	0	0	0	0	0
sim.298.009	none	7	3	6	7	10	9	8	7	5	0	0	0	0	0
sim.299.009	none	9	3	5	7	2	3	1	6	3	0	0	0	0	0
sim.3.009	none	0	0	0	0	0	0	0	0	0	4	3	15	7	7
sim.30.009	none	4	8	3	3	4	7	6	3	4	0	0	5	1	2
sim.300.009	none	0	0	0	0	0	0	0	0	0	1	4	3	5	3
sim.301.009	none	0	0	1	0	1	1	1	0	1	0	0	0	0	0
sim.302.009	none	0	0	0	0	0	0	0	0	0	5	9	6	5	6
sim.303.009	none	1	1	0	0	2	2	2	0	1	0	0	0	0	0
sim.304.009	none	1	1	7	1	1	3	3	9	7	0	0	1	1	1
sim.305.009	none	0	0	0	0	0	0	0	0	0	1	0	7	2	2
sim.306.009	none	0	0	0	0	0	0	0	0	0	2	5	4	3	6
sim.307.009	none	0	0	1	0	0	0	0	0	1	0	0	1	7	5
sim.308.009	none	0	0	0	0	0	0	0	0	0	0	0	0	4	4
sim.309.009	none	0	0	0	3	6	6	2	2	1	4	2	9	5	5
sim.31.009	none	0	0	0	0	0	0	0	0	0	3	0	3	1	1
sim.310.009	none	0	0	3	1	4	4	2	3	5	12	10	2	1	0
sim.311.009	none	7	5	1	3	1	2	2	2	2	0	0	0	0	0
sim.312.009	none	0	0	0	0	0	0	0	0	0	1	3	2	1	0
sim.313.009	none	0	0	0	0	0	0	0	0	0	3	3	0	0	0
sim.314.009	none	0	2	1	1	3	4	1	1	1	0	0	0	0	0
sim.315.009	none	1	1	0	1	4	5	5	0	0	0	0	0	0	0
sim.316.009	none	4	0	2	2	4	4	3	1	1	0	0	0	0	0
sim.317.009	none	10	7	2	0	6	4	6	3	1	4	5	0	0	0
sim.318.009	none	5	5	5	7	5	5	7	2	5	0	0	0	0	0
sim.319.009	none	0	0	0	0	0	0	0	0	0	0	0	5	6	11
sim.32.009	none	1	2	1	1	1	2	0	1	2	0	0	0	0	0
sim.320.009	none	0	0	0	0	0	0	0	0	0	0	0	0	3	3
sim.321.009	none	0	0	1	0	0	0	1	2	2	0	0	0	0	0
sim.322.009	none	10	6	7	7	11	8	6	6	4	0	0	0	0	0
sim.323.009	none	1	1	5	6	5	7	9	6	4	0	0	0	0	0
sim.324.009	none	0	0	0	0	0	0	0	0	0	0	0	1	5	1
sim.325.009	none	5	4	2	3	5	6	3	3	2	0	0	0	0	0
sim.326.009	none	0	0	0	0	0	0	0	0	0	1	0	2	5	4
sim.327.009	none	1	7	7	9	6	5	7	2	3	1	0	0	0	0
sim.328.009	none	0	0	0	0	0	0	0	0	0	8	7	0	2	1
sim.329.009	none	4	1	2	0	1	1	2	4	5	0	0	0	0	0
sim.33.009	none	19	17	7	13	12	14	14	10	6	0	0	0	0	0
sim.330.009	none	0	0	0	0	0	0	0	0	0	1	2	5	6	1
sim.331.009	none	0	0	0	0	0	0	0	0	0	18	9	6	2	3
sim.332.009	none	3	2	1	1	1	1	4	3	5	0	1	2	1	0
sim.333.009	none	2	3	6	11	11	11	9	7	9	1	6	6	9	9
sim.334.009	none	1	1	0	0	0	0	0	0	0	2	2	2	2	1
sim.335.009	none	0	0	0	0	0	0	0	0	0	5	4	5	8	7
sim.336.009	none	1	1	1	0	0	0	1	2	3	1	0	0	2	1
sim.337.009	none	1	2	0	1	1	1	1	0	1	0	0	0	0	0
sim.338.009	none	0	0	0	0	0	0	0	0	0	0	0	1	3	1
sim.339.009	none	0	1	1	4	2	3	2	1	1	6	4	8	5	2
sim.34.009	none	2	1	7	3	2	2	6	3	3	0	0	0	0	0
sim.340.009	none	0	0	1	1	1	1	1	1	4	0	0	0	0	0
sim.341.009	none	5	2	2	3	1	1	2	3	3	0	5	5	5	5
sim.342.009	none	4	5	4	6	3	5	3	3	4	0	0	0	0	0
sim.343.009	none	3	2	0	0	1	1	0	0	1	0	0	0	0	0
sim.344.009	none	0	0	0	0	0	0	0	0	0	1	1	5	5	7
sim.345.009	none	1	1	4	1	2	3	1	1	1	0	0	0	0	0
sim.346.009	none	0	0	0	0	0	0	0	0	0	1	1	4	4	5
sim.347.009	none	1	2	2	2	1	1	3	0	0	0	0	0	0	0
sim.348.009	none	9	5	4	5	3	3	4	1	6	0	0	0	0	0
sim.349.009	none	0	0	0	0	0	0	0	1	0	3	1	0	0	0
sim.35.009	none	0	0	0	0	0	0	0	0	0	2	1	1	2	1
sim.350.009	none	0	0	0	0	0	0	0	0	0	7	4	3	2	2
sim.351.009	none	0	0	1	1	1	1	1	6	3	6	1	0	0	0
sim.352.009	none	0	0	0	0	0	0	0	0	0	3	6	0	0	0
sim.353.009	none	0	0	0	0	0	0	0	0	0	5	9	0	0	0
sim.354.009	none	0	0	0	0	0	0	0	0	0	10	9	0	0	0
sim.355.009	none	3	1	1	4	3	2	3	2	3	0	0	0	0	0
sim.356.009	none	0	0	0	0	0	0	0	0	0	1	1	3	2	3
sim.357.009	none	0	0	0	0	1	1	0	2	1	4	3	1	0	0
sim.358.009	none	0	0	0	0	0	0	0	0	0	3	1	0	0	0
sim.359.009	none	6	6	2	1	8	8	5	2	3	4	1	2	1	1
sim.36.009	none	0	0	0	0	0	0	0	0	0	5	6	0	1	3
sim.360.009	none	0	0	0	0	0	0	0	0	0	2	8	0	0	0
sim.361.009	none	4	2	1	1	0	0	2	4	5	0	0	0	0	0
sim.362.009	none	2	9	1	0	2	1	1	1	1	0	0	0	0	0
sim.363.009	none	0	0	0	0	0	0	1	2	2	0	0	0	0	0
sim.364.009	none	0	1	0	0	0	0	0	0	0	1	1	2	1	1
sim.365.009	none	0	0	0	0	0	0	0	0	0	0	0	2	5	8
sim.366.009	none	0	0	3	3	0	3	4	3	2	0	0	0	0	0
sim.367.009	none	0	0	0	0	0	0	0	0	0	3	4	0	0	0
sim.368.009	none	3	2	1	0	1	2	1	0	0	0	0	0	0	0
sim.369.009	none	0	0	0	0	0	0	0	0	0	4	4	0	1	2
sim.37.009	none	0	0	0	0	0	0	0	0	0	0	0	4	3	3
sim.370.009	none	0	0	0	0	0	0	0	0	0	1	5	0	0	0
sim.371.009	none	4	4	2	2	3	1	2	2	3	5	4	7	3	0
sim.372.009	none	3	5	3	1	2	2	3	4	6	0	0	0	0	0
sim.373.009	none	1	6	4	0	1	1	3	0	0	3	0	0	0	0
sim.374.009	none	1	0	4	4	2	4	3	4	4	0	0	0	0	0
sim.375.009	none	0	0	0	0	0	0	0	0	0	0	0	3	5	4
sim.376.009	none	1	1	0	0	1	1	3	2	2	0	0	0	0	0
sim.377.009	none	1	1	1	0	1	2	0	5	0	6	4	8	3	2
sim.378.009	none	2	1	3	4	3	1	3	3	4	0	0	0	0	0
sim.379.009	none	3	2	4	7	4	6	5	1	1	0	0	0	0	0
sim.38.009	none	2	2	1	3	3	4	2	2	1	0	0	0	0	0
sim.380.009	none	1	0	1	0	1	0	1	0	0	0	0	0	0	0
sim.381.009	none	1	0	1	4	2	2	3	0	1	0	0	0	0	0
sim.382.009	none	0	0	0	0	0	0	0	0	0	6	3	4	6	5
sim.383.009	none	0	0	0	0	0	0	0	0	0	4	3	0	1	2
sim.384.009	none	2	6	2	1	4	2	1	6	7	2	2	0	0	0
sim.385.009	none	0	0	0	0	0	0	0	0	0	10	2	12	11	10
sim.386.009	none	0	0	1	1	1	1	0	5	3	2	0	1	2	1
sim.387.009	none	3	3	5	3	4	2	3	4	4	0	0	0	0	0
sim.388.009	none	0	0	0	0	0	0	0	0	0	2	0	2	0	0
sim.389.009	none	14	10	4	3	8	6	5	7	6	0	0	0	0	0
sim.39.009	none	0	0	0	0	0	0	0	0	0	13	2	2	1	1
sim.390.009	none	0	0	0	0	0	0	0	0	0	5	3	5	2	6
sim.391.009	none	1	2	2	5	3	2	3	5	8	4	1	1	0	0
sim.392.009	none	1	1	3	0	0	0	0	4	2	0	0	0	0	0
sim.393.009	none	0	0	0	0	1	1	0	1	1	0	0	0	0	0
sim.394.009	none	0	0	4	10	4	3	5	7	6	0	0	0	0	0
sim.395.009	none	12	3	7	7	4	5	10	9	8	0	0	0	0	0
sim.396.009	none	1	1	0	2	2	3	2	3	3	0	0	0	0	0
sim.397.009	none	13	14	14	11	14	16	10	14	14	0	0	0	0	0
sim.398.009	none	0	0	0	0	0	0	0	0	0	6	1	1	2	1
sim.399.009	none	0	0	0	0	0	0	0	0	0	4	3	0	0	1
sim.4.009	none	0	0	0	0	0	0	0	0	0	0	0	3	1	2
sim.40.009	none	0	0	0	0	0	0	0	0	0	0	0	5	7	6
sim.400.009	none	0	0	0	0	0	0	0	1	3	0	0	0	0	0
sim.401.009	none	3	2	1	9	4	3	2	2	1	2	2	1	1	1
sim.402.009	none	4	4	0	4	5	4	2	0	3	0	0	0	0	0
sim.403.009	none	0	0	0	0	0	0	0	0	0	0	1	2	2	3
sim.404.009	none	2	0	3	3	2	5	2	6	5	0	0	0	0	0
sim.405.009	none	2	4	11	4	4	6	7	10	8	0	0	0	0	0
sim.406.009	none	0	0	0	0	0	0	0	0	0	3	2	1	2	3
sim.407.009	none	2	2	3	3	2	2	1	0	0	0	5	17	5	9
sim.408.009	none	0	0	0	0	0	0	0	0	0	0	5	11	4	5
sim.409.009	none	2	0	1	1	2	2	1	2	1	0	0	0	0	0
sim.41.009	none	11	6	0	3	1	1	1	0	2	6	3	2	1	2
sim.410.009	none	0	0	0	0	0	0	0	0	0	0	2	2	0	0
sim.411.009	none	4	2	2	2	4	3	4	1	4	0	0	0	0	0
sim.412.009	none	3	5	7	5	5	5	6	5	7	0	0	0	0	0
sim.413.009	none	0	0	2	3	4	4	3	1	1	1	2	0	0	0
sim.414.009	none	0	0	0	0	0	0	0	0	0	1	2	3	4	9
sim.415.009	none	0	0	0	0	0	0	0	0	0	2	0	1	2	0
sim.416.009	none	0	1	2	1	3	3	2	1	0	2	7	5	7	3
sim.417.009	none	0	0	0	0	0	0	0	0	0	6	15	1	0	1
sim.418.009	none	0	0	0	1	0	1	2	0	0	0	0	0	0	0
sim.419.009	none	0	0	0	0	0	0	0	0	0	6	1	0	0	2
sim.42.009	none	0	0	1	3	4	2	4	3	0	1	0	2	2	3
sim.420.009	none	0	0	0	0	0	0	0	0	0	0	0	2	1	2
sim.421.009	none	2	1	5	2	4	3	3	3	3	4	4	0	0	0
sim.422.009	none	1	1	0	0	0	0	0	2	2	0	0	0	0	0
sim.423.009	none	2	0	0	3	2	3	0	3	1	0	0	0	0	0
sim.424.009	none	2	3	0	1	2	0	1	0	0	0	0	0	0	0
sim.425.009	none	1	1	0	0	0	0	0	5	1	13	6	6	9	6
sim.426.009	none	5	1	0	2	0	0	0	1	1	0	0	0	0	0
sim.427.009	none	8	7	3	2	5	7	6	2	3	1	1	8	5	5
sim.428.009	none	0	0	0	0	0	0	0	0	0	2	5	4	3	5
sim.429.009	none	0	0	0	0	0	0	0	0	0	1	0	2	7	10
sim.43.009	none	2	2	0	0	0	0	0	1	2	0	0	0	0	0
sim.430.009	none	2	4	8	7	6	8	6	8	9	0	0	0	0	0
sim.431.009	none	0	0	0	0	0	0	0	0	0	4	1	2	2	4
sim.432.009	none	0	0	0	0	0	0	0	0	0	1	4	2	3	3
sim.433.009	none	0	0	0	0	0	0	0	0	0	0	2	6	2	2
sim.434.009	none	4	2	5	5	5	4	3	1	4	0	0	0	0	0
sim.435.009	none	0	0	0	0	0	0	0	0	0	5	2	3	3	2
sim.436.009	none	6	7	14	19	17	15	18	5	12	0	0	0	0	0
sim.437.009	none	0	0	0	0	0	0	0	0	0	0	0	1	1	3
sim.438.009	none	4	5	0	0	0	0	0	0	0	0	0	0	0	0
sim.439.009	none	1	2	2	0	1	1	0	2	1	0	0	0	0	0
sim.44.009	none	1	1	0	0	0	0	0	2	0	0	0	0	0	0
sim.440.009	none	3	3	3	1	2	2	2	3	4	0	2	0	0	0
sim.441.009	none	2	0	2	1	1	1	1	3	4	0	0	0	0	0
sim.442.009	none	10	12	3	1	1	1	1	0	0	0	0	0	0	0
sim.443.009	none	0	0	0	0	0	0	0	0	0	2	2	3	3	4
sim.444.009	none	0	0	0	0	0	0	0	0	0	0	0	2	1	2
sim.445.009	none	0	0	0	0	0	0	0	0	0	0	2	0	2	2
sim.446.009	none	4	2	2	2	1	1	2	1	4	0	0	1	1	3
sim.447.009	none	0	0	0	0	0	0	0	0	0	10	7	1	0	0
sim.448.009	none	0	0	0	0	0	0	0	0	0	1	0	4	0	0
sim.449.009	none	0	1	3	2	5	6	5	5	6	0	0	0	0	0
sim.45.009	none	2	1	1	0	1	1	1	0	1	3	2	0	0	0
sim.450.009	none	0	0	0	0	0	0	0	0	0	3	4	2	1	1
sim.451.009	none	0	0	0	0	0	0	0	0	0	1	4	0	0	0
sim.452.009	none	2	1	2	1	1	2	1	1	1	2	2	0	0	0
sim.453.009	none	0	0	0	0	0	0	0	0	0	10	10	19	21	19
sim.454.009	none	9	4	0	0	0	0	0	0	0	0	0	0	0	0
sim.455.009	none	7	8	9	12	11	9	12	7	9	0	0	0	0	0
sim.456.009	none	0	0	0	0	0	0	0	0	0	0	3	0	1	1
sim.457.009	none	12	8	5	8	7	9	7	8	10	0	0	0	0	0
sim.458.009	none	3	3	1	0	1	1	4	4	4	0	0	1	1	2
sim.459.009	none	0	0	4	6	2	2	5	0	1	0	0	0	0	0
sim.46.009	none	0	0	0	0	0	0	0	0	0	1	3	1	1	1
sim.460.009	none	3	3	6	3	4	2	4	2	1	3	3	2	0	3
sim.461.009	none	6	1	5	6	4	3	4	7	7	0	0	0	0	0
sim.462.009	none	7	11	6	6	2	4	3	9	9	0	0	0	3	3
sim.463.009	none	4	1	2	4	5	3	2	0	0	0	0	0	0	0
sim.464.009	none	0	0	0	0	0	0	0	0	0	2	5	0	0	0
sim.465.009	none	0	0	0	0	0	0	0	0	0	4	0	4	3	3
sim.466.009	none	0	0	4	5	7	5	5	4	4	0	0	0	0	0
sim.467.009	none	2	6	1	0	0	0	0	3	2	3	4	0	0	0
sim.468.009	none	0	0	0	0	0	0	0	0	0	0	1	0	3	1
sim.469.009	none	0	0	1	1	1	1	1	0	2	0	0	0	0	0
sim.47.009	none	0	0	0	0	0	0	0	0	0	2	3	3	2	6
sim.470.009	none	3	3	8	6	5	3	4	6	2	0	0	0	0	0
sim.471.009	none	0	0	0	0	0	0	0	0	0	3	4	0	0	0
sim.472.009	none	4	2	1	4	2	2	2	1	1	0	0	0	0	0
sim.473.009	none	1	5	3	7	15	14	6	9	5	9	5	9	3	4
sim.474.009	none	4	6	1	6	0	0	0	0	0	0	0	0	0	0
sim.475.009	none	2	1	0	3	1	1	0	4	5	0	0	0	0	0
sim.476.009	none	0	0	0	0	0	0	0	0	0	0	3	4	1	2
sim.477.009	none	4	6	2	0	0	1	1	1	1	0	0	0	0	0
sim.478.009	none	1	1	1	1	0	0	1	5	5	0	0	0	0	0
sim.479.009	none	0	0	0	0	0	0	0	0	0	4	5	12	5	8
sim.48.009	none	0	0	0	0	0	0	0	0	0	1	3	3	7	6
sim.480.009	none	0	0	0	0	0	0	0	0	0	2	3	7	5	6
sim.481.009	none	0	0	0	0	0	0	0	0	0	5	4	1	2	1
sim.482.009	none	2	1	5	5	5	4	3	9	7	0	0	0	0	0
sim.483.009	none	1	2	3	1	0	0	2	2	0	0	0	0	0	0
sim.484.009	none	0	0	0	0	0	0	0	0	0	1	0	3	4	6
sim.485.009	none	5	1	0	0	0	0	0	0	0	0	0	0	0	0
sim.486.009	none	0	0	4	2	1	2	1	3	2	0	0	0	0	0
sim.487.009	none	4	2	3	2	1	1	3	0	1	0	0	0	0	0
sim.488.009	none	0	0	0	0	0	0	0	0	0	0	0	2	2	2
sim.489.009	none	0	0	0	0	0	0	0	0	0	0	2	1	0	1
sim.49.009	none	0	0	1	3	0	0	1	0	1	0	0	0	0	0
sim.490.009	none	0	0	5	3	0	0	2	0	0	0	0	0	0	0
sim.491.009	none	0	0	1	0	1	2	3	1	1	8	6	5	7	3
sim.492.009	none	2	2	2	2	4	2	3	1	2	4	7	4	2	2
sim.493.009	none	4	3	1	2	1	0	3	1	2	3	8	1	7	5
sim.494.009	none	0	0	0	0	0	0	0	0	0	3	2	6	8	7
sim.495.009	none	5	1	2	2	3	4	3	1	2	0	0	0	0	0
sim.496.009	none	0	0	0	0	0	0	0	0	0	5	1	0	0	0
sim.497.009	none	1	1	3	0	2	2	2	1	0	2	1	0	1	1
sim.498.009	none	2	3	7	4	4	3	3	3	2	0	0	0	0	0
sim.499.009	none	1	1	1	1	1	2	1	3	2	0	0	0	0	0
sim.5.009	none	1	1	1	5	4	3	5	2	1	1	1	2	9	5
sim.50.009	none	0	0	0	0	0	0	0	0	0	0	0	9	1	3
sim.500.009	none	0	0	0	0	0	0	0	0	0	2	4	2	3	2
sim.501.009	none	13	6	6	1	4	5	3	3	3	0	0	0	0	0
sim.502.009	none	2	1	2	0	0	0	0	0	0	1	1	0	0	0
sim.503.009	none	0	0	0	0	0	0	0	0	0	0	0	3	2	1
sim.504.009	none	4	6	1	1	0	1	1	1	0	0	0	0	0	0
sim.505.009	none	1	2	6	9	7	7	8	5	5	0	0	0	0	0
sim.506.009	none	0	0	0	0	0	0	0	0	0	5	3	7	4	7
sim.507.009	none	0	0	0	0	0	0	0	0	0	1	1	7	1	1
sim.508.009	none	1	1	0	1	1	1	2	1	0	0	0	0	0	0
sim.509.009	none	0	0	1	2	1	2	1	1	0	0	0	0	0	0
sim.51.009	none	1	0	3	0	1	1	0	1	1	0	0	0	0	0
sim.510.009	none	0	0	0	0	0	0	0	0	0	6	3	0	0	0
sim.511.009	none	2	0	0	3	2	2	2	1	4	0	1	0	0	1
sim.512.009	none	0	1	4	2	2	3	1	2	1	1	0	1	1	3
sim.513.009	none	0	0	0	0	0	0	0	0	0	5	3	1	0	0
sim.514.009	none	6	5	0	0	0	0	0	1	1	1	2	2	14	8
sim.515.009	none	7	7	4	5	5	7	5	7	8	3	3	11	7	6
sim.516.009	none	2	2	0	1	1	0	0	2	1	0	0	0	0	0
sim.517.009	none	0	0	0	0	0	0	0	0	0	3	3	0	0	0
sim.518.009	none	0	0	4	2	4	3	2	2	1	1	0	4	3	3
sim.519.009	none	0	0	0	1	3	3	4	2	1	0	0	0	0	0
sim.52.009	none	0	0	0	0	0	0	0	0	0	0	4	4	7	9
sim.520.009	none	1	1	0	0	0	0	0	0	0	2	1	0	0	0
sim.521.009	none	4	8	5	5	3	2	3	7	9	8	1	5	4	2
sim.522.009	none	1	1	1	1	1	1	0	0	0	0	0	0	0	0
sim.523.009	none	1	0	0	0	0	0	0	2	2	1	0	0	3	2
sim.524.009	none	1	0	1	0	0	1	1	0	2	0	0	0	0	0
sim.525.009	none	0	0	0	0	0	0	0	0	0	0	0	2	3	3
sim.526.009	none	6	7	4	4	9	9	6	3	4	0	0	0	0	0
sim.527.009	none	0	2	1	4	5	6	4	5	6	6	2	0	0	0
sim.528.009	none	1	1	2	1	2	1	2	1	1	2	1	1	5	5
sim.529.009	none	0	0	0	0	0	0	0	0	0	6	5	3	5	2
sim.53.009	none	0	0	0	0	0	0	0	0	0	3	4	2	3	3
sim.530.009	none	20	16	6	12	10	11	10	7	8	0	0	0	0	0
sim.531.009	none	0	0	0	0	0	0	0	0	0	1	2	1	5	2
sim.532.009	none	0	0	0	0	0	0	0	0	0	0	7	1	3	3
sim.533.009	none	0	0	2	1	4	5	2	2	1	0	0	0	0	0
sim.534.009	none	1	2	4	1	0	0	0	0	2	0	0	0	0	0
sim.535.009	none	2	1	3	3	5	6	5	2	3	0	0	0	0	0
sim.536.009	none	0	0	1	0	0	0	0	4	2	3	7	0	1	3
sim.537.009	none	3	4	2	3	3	5	4	7	4	5	2	1	1	1
sim.538.009	none	0	1	5	3	8	5	4	12	8	2	2	0	2	2
sim.539.009	none	0	0	0	0	0	0	0	0	0	1	0	2	1	1
sim.54.009	none	0	0	0	0	0	0	0	0	0	8	5	2	2	2
sim.540.009	none	0	0	0	0	0	0	0	0	0	2	0	1	1	0
sim.541.009	none	3	9	5	3	4	6	6	7	10	0	0	0	0	0
sim.542.009	none	0	0	0	0	0	0	0	0	0	0	2	3	1	3
sim.543.009	none	0	0	0	0	0	0	0	0	0	0	0	0	2	4
sim.544.009	none	0	0	0	0	0	0	0	0	0	0	0	0	1	5
sim.545.009	none	0	0	0	0	0	0	0	0	0	2	3	15	12	9
sim.546.009	none	0	0	0	0	0	0	0	0	0	0	1	3	1	3
sim.547.009	none	3	2	0	0	0	0	0	3	1	0	0	0	0	0
sim.548.009	none	14	7	5	3	2	1	1	4	6	0	0	0	0	0
sim.549.009	none	0	0	0	0	0	0	0	0	0	0	0	3	1	2
sim.55.009	none	0	0	1	0	0	1	1	1	2	0	0	0	0	0
sim.550.009	none	4	4	8	5	11	10	5	4	5	1	2	0	0	0
sim.551.009	none	0	0	0	0	0	0	0	0	0	2	0	0	2	0
sim.552.009	none	0	0	3	4	0	1	2	2	1	0	0	0	0	0
sim.553.009	none	1	2	1	0	2	2	0	0	1	0	0	0	0	0
sim.554.009	none	4	0	2	2	4	4	3	5	7	0	0	0	0	0
sim.555.009	none	3	0	2	3	3	2	3	4	5	0	0	0	0	0
sim.556.009	none	4	4	4	7	3	4	11	0	1	0	0	0	0	0
sim.557.009	none	3	6	3	2	4	5	5	2	4	0	0	0	0	0
sim.558.009	none	5	6	4	5	2	2	6	3	10	0	0	0	0	0
sim.559.009	none	2	1	2	4	4	6	3	9	6	0	1	2	3	2
sim.56.009	none	1	2	0	1	1	1	1	0	0	0	0	0	2	1
sim.560.009	none	4	4	6	3	6	6	5	3	3	0	0	0	0	0
sim.561.009	none	0	1	0	1	2	2	4	1	2	0	0	0	0	0
sim.562.009	none	0	0	0	0	0	0	0	0	0	9	3	0	0	0
sim.563.009	none	10	7	2	4	3	4	10	3	3	0	0	0	0	0
sim.564.009	none	0	0	0	0	0	0	0	0	0	2	8	0	0	0
sim.565.009	none	0	0	0	0	0	0	0	0	0	0	0	3	1	0
sim.566.009	none	5	3	14	7	11	11	12	10	14	0	0	0	0	0
sim.567.009	none	0	0	0	0	0	0	0	0	0	0	5	7	9	3
sim.568.009	none	0	0	0	0	0	0	0	0	0	7	3	7	7	8
sim.569.009	none	0	0	0	0	0	0	0	0	0	2	0	1	1	4
sim.57.009	none	3	3	5	4	5	7	2	2	4	0	0	0	0	0
sim.570.009	none	0	0	0	0	0	0	0	0	0	1	3	0	0	0
sim.571.009	none	3	4	3	7	7	5	7	6	6	1	3	0	1	1
sim.572.009	none	0	0	0	0	0	0	0	0	0	3	1	0	0	5
sim.573.009	none	1	9	6	1	6	6	5	2	4	0	0	0	0	0
sim.574.009	none	0	0	2	3	2	2	3	2	2	0	0	0	0	0
sim.575.009	none	1	1	1	1	1	1	1	0	1	0	0	0	0	0
sim.576.009	none	0	0	0	0	0	0	0	0	0	0	3	2	1	1
sim.577.009	none	1	1	6	3	6	8	5	5	4	0	0	0	0	0
sim.578.009	none	0	0	0	0	0	0	0	0	0	2	4	6	6	4
sim.579.009	none	1	5	1	0	0	1	2	0	2	0	0	0	0	0
sim.58.009	none	8	6	4	10	6	6	8	7	8	0	0	0	0	0
sim.580.009	none	0	0	0	0	0	0	0	0	0	4	5	1	0	1
sim.581.009	none	2	2	0	0	0	0	0	1	1	2	5	0	1	1
sim.582.009	none	1	2	0	1	2	2	0	1	0	0	0	0	0	0
sim.583.009	none	3	2	0	0	0	0	0	1	4	0	0	0	0	0
sim.584.009	none	0	0	0	0	0	0	0	0	0	3	6	2	1	1
sim.585.009	none	6	3	5	5	7	7	7	5	3	2	1	0	0	0
sim.586.009	none	0	0	0	0	0	0	0	0	0	13	2	8	4	6
sim.587.009	none	0	0	0	0	0	0	0	0	0	0	0	2	0	2
sim.588.009	none	0	0	0	0	0	0	0	0	0	9	8	17	16	11
sim.589.009	none	0	0	0	4	3	2	0	1	1	0	0	0	0	0
sim.59.009	none	3	5	3	6	4	4	5	4	9	0	0	0	0	0
sim.590.009	none	0	1	1	2	1	1	4	2	3	0	0	0	0	0
sim.591.009	none	1	2	4	0	0	0	0	1	0	0	0	0	0	0
sim.592.009	none	5	1	5	4	2	3	4	4	3	0	0	0	0	0
sim.593.009	none	9	12	6	14	13	12	10	9	10	5	5	0	0	0
sim.594.009	none	0	0	0	0	0	0	0	0	0	2	0	0	1	2
sim.595.009	none	0	0	0	0	0	0	0	0	0	2	1	6	7	5
sim.596.009	none	0	0	1	4	1	1	1	0	1	0	0	0	0	0
sim.597.009	none	4	3	6	2	5	5	9	4	7	0	0	0	0	0
sim.598.009	none	0	0	0	0	0	0	0	0	0	0	0	3	2	0
sim.599.009	none	7	6	6	8	8	6	6	6	5	0	0	0	0	0
sim.6.009	none	0	0	0	0	0	0	0	0	0	3	13	5	4	3
sim.60.009	none	2	1	0	0	0	0	0	0	0	0	0	0	2	3
sim.600.009	none	0	0	0	0	0	0	0	0	0	5	9	0	1	0
sim.601.009	none	6	7	1	2	1	1	4	3	4	0	0	0	0	0
sim.602.009	none	0	0	0	0	0	0	0	0	0	0	0	1	3	5
sim.603.009	none	4	3	2	7	6	5	9	7	5	7	2	7	4	5
sim.604.009	none	6	6	4	4	3	5	10	6	6	7	4	2	0	1
sim.605.009	none	0	0	0	0	0	0	0	0	0	3	2	2	7	1
sim.606.009	none	1	2	1	0	3	2	4	2	1	4	2	3	0	1
sim.607.009	none	2	1	2	1	1	2	3	1	0	1	0	0	0	0
sim.608.009	none	8	1	0	0	0	0	0	0	0	0	0	0	0	0
sim.609.009	none	4	2	1	2	2	2	2	3	0	0	0	0	0	0
sim.61.009	none	0	0	0	0	0	0	0	0	0	0	0	5	2	2
sim.610.009	none	4	2	6	7	5	5	3	7	6	0	0	0	0	0
sim.611.009	none	0	0	0	0	0	0	0	0	0	2	5	0	0	0
sim.612.009	none	0	0	0	0	0	0	0	0	0	0	0	1	3	1
sim.613.009	none	2	3	0	1	1	1	1	0	1	0	0	0	0	0
sim.614.009	none	1	0	1	1	1	1	1	1	2	6	3	15	7	7
sim.615.009	none	0	0	0	0	0	0	0	0	0	1	0	15	11	12
sim.616.009	none	0	0	0	0	0	0	0	0	0	1	0	6	1	3
sim.617.009	none	1	4	0	0	0	0	0	0	0	0	0	0	0	0
sim.618.009	none	0	0	0	0	0	0	0	0	0	1	3	1	2	2
sim.619.009	none	12	4	16	7	9	9	10	6	6	5	3	3	5	6
sim.62.009	none	1	4	1	5	0	0	0	1	1	0	0	0	0	0
sim.620.009	none	3	2	1	2	3	3	4	2	1	0	0	0	0	0
sim.621.009	none	0	0	0	0	0	0	0	0	0	1	0	1	2	2
sim.622.009	none	0	0	0	0	0	0	0	1	3	5	0	1	1	4
sim.623.009	none	0	0	0	0	0	0	0	0	0	3	9	5	7	4
sim.624.009	none	0	0	0	0	0	0	0	0	0	2	0	2	3	3
sim.625.009	none	0	0	0	0	0	0	0	0	0	0	0	4	8	9
sim.626.009	none	0	1	2	2	2	1	0	2	1	0	0	3	0	0
sim.627.009	none	2	1	11	4	4	5	5	2	2	0	0	0	0	0
sim.628.009	none	3	2	4	3	1	1	1	1	2	0	0	0	0	0
sim.629.009	none	8	3	0	3	3	3	3	6	3	1	1	0	0	0
sim.63.009	none	0	0	0	0	0	0	0	0	0	4	6	3	2	3
sim.630.009	none	4	3	2	2	6	4	4	4	2	0	0	0	0	0
sim.631.009	none	0	0	0	0	0	0	0	0	0	6	4	0	0	0
sim.632.009	none	2	1	5	2	0	1	2	3	3	4	3	0	6	4
sim.633.009	none	2	3	6	3	5	4	5	1	0	0	0	0	0	0
sim.634.009	none	0	0	0	0	0	0	0	0	0	0	2	2	5	5
sim.635.009	none	0	0	0	0	0	0	0	0	0	2	2	3	3	4
sim.636.009	none	0	0	0	0	0	0	0	0	0	0	0	2	1	2
sim.637.009	none	1	2	3	2	3	3	1	2	2	0	0	0	0	0
sim.638.009	none	3	1	2	3	3	3	2	2	1	0	0	0	0	0
sim.639.009	none	0	0	4	1	2	3	3	2	3	0	0	0	0	0
sim.64.009	none	0	0	0	0	0	0	0	0	0	3	2	6	0	1
sim.640.009	none	1	0	0	2	1	1	0	0	0	0	0	2	0	0
sim.641.009	none	2	2	3	8	5	5	5	6	4	2	1	0	0	1
sim.642.009	none	2	3	0	0	0	0	0	0	0	0	0	0	0	0
sim.643.009	none	0	0	0	0	0	0	0	0	0	4	3	6	6	3
sim.644.009	none	2	4	2	2	5	4	5	3	3	2	0	2	5	6
sim.645.009	none	0	0	0	0	0	0	0	0	0	0	0	6	9	4
sim.646.009	none	0	0	8	3	4	3	5	1	0	0	0	0	0	0
sim.647.009	none	8	7	6	7	3	3	2	3	3	0	0	0	0	0
sim.648.009	none	0	0	0	0	0	0	0	0	0	1	0	3	2	1
sim.649.009	none	2	3	1	1	1	1	1	1	0	7	0	0	0	0
sim.65.009	none	1	1	3	1	1	1	1	3	1	0	0	0	0	0
sim.650.009	none	1	2	1	2	1	1	3	2	3	0	0	3	4	1
sim.651.009	none	0	0	0	0	0	0	0	0	0	9	2	0	0	0
sim.652.009	none	0	4	0	0	0	0	0	0	0	0	0	0	0	0
sim.653.009	none	0	0	1	3	1	1	1	2	1	0	0	0	0	0
sim.654.009	none	0	1	1	1	1	0	2	1	1	0	0	0	0	0
sim.655.009	none	7	3	4	6	2	1	5	4	6	0	0	0	0	0
sim.656.009	none	0	0	1	1	2	2	2	2	2	0	0	0	0	0
sim.657.009	none	0	0	2	1	1	2	1	0	0	0	0	0	0	0
sim.658.009	none	0	0	0	0	0	0	0	0	0	5	0	0	0	0
sim.659.009	none	0	0	0	0	0	0	0	0	0	2	2	0	0	0
sim.66.009	none	0	1	1	0	1	1	2	1	1	3	3	8	8	9
sim.660.009	none	2	0	1	0	0	0	0	1	2	3	8	0	0	0
sim.661.009	none	5	1	1	1	0	0	0	1	0	2	4	11	15	15
sim.662.009	none	0	0	0	0	0	0	0	0	0	4	4	1	0	0
sim.663.009	none	1	6	1	4	1	1	1	0	0	1	3	0	1	1
sim.664.009	none	0	0	0	0	0	0	0	0	0	3	2	0	1	0
sim.665.009	none	0	0	0	0	0	0	0	0	0	1	2	3	0	0
sim.666.009	none	0	0	0	0	0	0	0	0	0	0	0	5	6	2
sim.667.009	none	0	0	0	0	0	0	0	0	0	2	1	4	4	1
sim.668.009	none	0	0	0	0	0	0	0	0	0	0	0	5	1	6
sim.669.009	none	1	1	0	1	0	1	1	1	1	0	0	0	0	0
sim.67.009	none	0	0	1	4	3	3	3	2	2	0	0	0	0	0
sim.670.009	none	8	13	15	9	7	6	6	16	5	1	1	2	2	0
sim.671.009	none	0	0	0	0	0	0	0	0	0	2	0	2	1	1
sim.672.009	none	10	6	11	15	14	17	17	10	8	0	0	0	0	0
sim.673.009	none	3	2	0	0	0	0	0	1	1	0	0	0	0	0
sim.674.009	none	0	2	2	0	1	1	1	1	1	0	0	0	0	0
sim.675.009	none	0	0	0	0	0	0	0	0	0	2	1	3	0	0
sim.676.009	none	0	0	0	0	0	0	0	0	0	1	3	4	2	3
sim.677.009	none	1	3	5	2	2	4	2	5	2	0	4	0	0	0
sim.678.009	none	0	0	1	5	2	2	2	2	7	8	2	7	9	5
sim.679.009	none	11	13	5	3	11	8	6	3	5	0	0	0	0	0
sim.68.009	none	2	5	1	2	5	6	3	0	1	0	0	0	0	0
sim.680.009	none	1	0	8	5	9	5	7	9	7	0	2	1	3	3
sim.681.009	none	1	2	3	2	2	0	1	0	1	1	0	1	0	0
sim.682.009	none	0	0	0	0	0	0	0	0	0	1	1	5	3	4
sim.683.009	none	2	6	2	0	3	3	2	1	0	1	1	2	0	1
sim.684.009	none	0	0	0	0	0	0	0	0	0	2	1	0	2	3
sim.685.009	none	0	0	1	3	1	1	1	2	1	0	0	0	0	0
sim.686.009	none	0	0	0	0	0	0	0	0	0	2	3	0	0	0
sim.687.009	none	0	0	1	1	1	1	2	2	2	1	2	3	5	4
sim.688.009	none	2	1	1	4	2	2	1	2	1	0	0	0	0	0
sim.689.009	none	4	8	5	5	3	3	3	3	4	0	0	0	0	0
sim.69.009	none	0	0	0	1	0	0	1	2	0	0	0	0	0	0
sim.690.009	none	2	2	1	0	1	0	1	6	3	1	0	1	0	1
sim.691.009	none	0	0	0	0	0	0	0	0	0	3	2	0	1	2
sim.692.009	none	4	6	5	8	7	8	6	5	5	0	0	0	0	0
sim.693.009	none	0	0	0	0	0	0	0	0	0	0	1	5	2	3
sim.694.009	none	0	0	0	0	0	0	0	0	0	0	0	4	9	9
sim.695.009	none	0	0	0	0	0	0	0	0	0	1	2	6	1	1
sim.696.009	none	2	4	0	0	1	0	1	2	1	1	1	1	5	1
sim.697.009	none	0	0	0	0	0	0	0	0	0	1	3	0	1	3
sim.698.009	none	0	0	0	0	0	0	0	0	0	5	2	9	3	4
sim.699.009	none	0	0	0	0	0	0	0	0	0	1	1	0	0	2
sim.7.009	none	0	3	1	0	0	0	0	1	6	0	0	0	0	0
sim.70.009	none	0	0	0	0	0	0	0	0	0	0	0	2	2	3
sim.700.009	none	4	3	3	1	1	2	2	0	1	0	0	0	0	0
sim.701.009	none	1	0	0	1	2	2	0	1	2	0	0	5	2	2
sim.702.009	none	1	0	0	1	1	2	1	1	0	5	6	7	8	3
sim.703.009	none	0	0	0	0	0	0	0	0	0	1	2	0	1	1
sim.704.009	none	1	3	2	10	2	3	3	1	1	0	0	0	0	0
sim.705.009	none	0	0	0	0	0	0	0	0	0	0	0	4	5	7
sim.706.009	none	5	3	3	3	0	0	2	3	3	3	8	0	2	0
sim.707.009	none	0	0	0	0	0	0	0	0	0	2	6	1	3	2
sim.708.009	none	0	0	0	0	0	0	0	0	0	1	2	5	4	4
sim.709.009	none	4	3	0	1	1	0	0	0	1	2	6	3	1	4
sim.71.009	none	2	5	4	3	1	2	4	2	3	0	0	1	1	1
sim.710.009	none	0	0	0	0	0	0	0	0	0	0	0	5	3	1
sim.711.009	none	5	10	2	4	2	3	6	5	5	14	7	1	3	0
sim.712.009	none	0	0	0	0	0	0	0	0	0	0	0	5	3	2
sim.713.009	none	0	0	1	1	0	0	2	1	2	0	0	0	0	0
sim.714.009	none	2	2	4	6	3	2	2	4	4	2	2	2	4	6
sim.715.009	none	8	3	1	3	2	2	2	1	1	0	0	0	0	0
sim.716.009	none	8	6	4	5	6	7	11	2	3	0	0	0	0	0
sim.717.009	none	0	0	0	0	0	0	0	0	0	9	0	1	1	1
sim.718.009	none	0	0	0	0	0	0	0	0	0	3	3	0	0	0
sim.719.009	none	5	3	2	1	1	1	0	0	0	0	0	0	2	5
sim.72.009	none	2	2	2	1	1	1	2	1	2	0	0	0	0	0
sim.720.009	none	0	1	3	2	1	2	5	2	2	0	0	0	0	0
sim.721.009	none	0	0	0	0	0	0	0	1	0	1	0	2	1	1
sim.722.009	none	0	0	0	0	0	0	0	0	0	10	8	2	0	1
sim.723.009	none	0	0	0	0	0	0	0	0	0	1	2	1	0	1
sim.724.009	none	1	0	1	1	0	0	0	0	0	0	1	1	2	0
sim.725.009	none	0	1	1	1	1	0	0	1	2	0	0	3	3	2
sim.726.009	none	5	6	7	4	4	6	5	4	6	4	2	5	4	5
sim.727.009	none	0	0	0	0	0	0	0	0	0	8	2	0	3	1
sim.728.009	none	6	1	7	5	1	2	4	6	8	0	1	0	2	4
sim.729.009	none	1	1	2	0	1	1	2	0	0	0	0	2	2	3
sim.73.009	none	5	0	7	5	8	8	7	1	4	0	0	0	0	0
sim.730.009	none	0	0	0	0	0	0	0	0	0	2	1	6	3	3
sim.731.009	none	0	0	0	0	0	0	0	0	0	0	0	2	2	4
sim.732.009	none	0	0	0	0	0	0	0	0	0	4	3	6	2	5
sim.733.009	none	4	11	4	9	10	8	7	10	8	0	0	0	0	0
sim.734.009	none	4	4	1	3	4	5	2	5	8	2	0	1	6	5
sim.735.009	none	2	3	0	0	0	0	0	0	0	0	0	0	0	0
sim.736.009	none	0	0	0	0	1	3	2	1	3	0	0	0	0	0
sim.737.009	none	2	2	1	1	0	0	1	1	1	0	0	0	0	0
sim.738.009	none	3	1	0	2	1	2	1	4	0	0	0	0	0	0
sim.739.009	none	0	0	0	0	0	0	0	0	0	14	6	3	3	6
sim.74.009	none	0	2	4	4	3	3	5	11	4	0	0	0	0	0
sim.740.009	none	0	0	0	0	0	0	0	0	0	10	13	12	7	5
sim.741.009	none	0	0	0	0	0	0	0	0	0	4	8	2	3	4
sim.742.009	none	4	1	3	3	5	5	4	7	7	0	0	0	0	0
sim.743.009	none	0	0	0	0	0	0	0	0	0	0	0	2	1	1
sim.744.009	none	6	3	3	6	9	7	7	3	3	0	0	0	0	0
sim.745.009	none	4	3	1	1	1	1	0	0	0	0	0	0	0	0
sim.746.009	none	0	0	0	0	0	0	0	0	0	0	0	1	4	1
sim.747.009	none	1	0	1	0	3	2	2	1	1	0	0	0	0	0
sim.748.009	none	0	0	0	0	0	0	0	0	0	2	7	3	2	3
sim.749.009	none	5	9	3	4	2	2	2	1	1	2	1	0	0	0
sim.75.009	none	0	0	2	3	2	2	4	1	0	0	0	0	0	0
sim.750.009	none	0	0	0	0	0	0	0	0	0	3	5	13	6	6
sim.751.009	none	0	0	0	0	0	0	0	0	0	2	1	1	1	2
sim.752.009	none	2	2	4	4	3	3	5	5	3	0	0	0	0	0
sim.753.009	none	6	4	2	2	4	3	3	0	0	0	0	0	0	0
sim.754.009	none	3	0	5	1	6	7	7	5	1	4	5	9	15	15
sim.755.009	none	4	5	2	3	3	2	2	3	4	0	0	0	0	0
sim.756.009	none	0	0	0	0	0	0	0	0	0	1	3	0	1	0
sim.757.009	none	1	1	1	1	2	1	1	3	0	0	0	0	0	0
sim.758.009	none	1	0	1	1	1	2	3	1	0	2	0	0	0	0
sim.759.009	none	5	7	0	2	1	1	1	0	0	0	0	0	0	0
sim.76.009	none	3	5	5	4	5	5	4	4	4	0	0	0	0	0
sim.760.009	none	1	5	0	0	0	0	0	0	0	0	0	0	0	0
sim.761.009	none	6	5	11	8	5	9	13	8	12	0	0	3	3	0
sim.762.009	none	1	0	0	0	0	0	0	0	0	4	1	1	2	2
sim.763.009	none	0	0	0	0	0	0	0	0	0	7	1	0	3	1
sim.764.009	none	0	0	1	1	0	0	3	0	0	0	0	0	0	0
sim.765.009	none	1	1	0	1	2	1	1	1	1	0	0	0	0	0
sim.766.009	none	0	0	0	0	0	0	0	0	0	5	2	4	4	5
sim.767.009	none	0	0	0	0	0	0	0	0	0	6	5	11	16	8
sim.768.009	none	0	0	0	0	0	0	0	0	0	2	1	0	3	6
sim.769.009	none	0	0	0	0	0	0	0	0	0	8	6	0	0	0
sim.77.009	none	1	0	2	1	1	0	0	1	2	0	0	0	0	0
sim.770.009	none	0	1	0	0	3	1	1	2	4	4	4	5	4	3
sim.771.009	none	0	2	0	1	1	0	1	3	1	0	0	0	0	0
sim.772.009	none	9	11	1	6	8	4	10	3	2	0	0	3	1	2
sim.773.009	none	1	4	1	4	1	1	0	1	1	2	1	7	7	6
sim.774.009	none	0	0	0	0	0	0	0	0	0	5	3	2	4	3
sim.775.009	none	5	6	3	3	5	4	6	6	2	2	0	2	2	0
sim.776.009	none	1	5	1	1	2	2	1	2	2	0	0	1	1	1
sim.777.009	none	0	0	0	0	0	0	0	0	0	0	0	4	2	3
sim.778.009	none	0	0	0	0	0	0	0	0	0	3	2	0	0	0
sim.779.009	none	1	0	2	1	0	0	0	2	1	0	0	0	0	0
sim.78.009	none	2	1	0	1	0	0	1	1	2	0	0	0	0	0
sim.780.009	none	0	0	0	0	1	1	2	4	4	0	0	0	0	0
sim.781.009	none	1	3	2	5	7	4	5	2	4	0	0	0	0	0
sim.782.009	none	1	1	0	1	0	0	0	1	1	0	0	0	0	0
sim.783.009	none	0	0	0	0	0	0	0	0	0	1	1	2	1	2
sim.784.009	none	7	2	5	5	4	4	4	3	5	0	0	0	0	0
sim.785.009	none	7	10	3	1	2	2	2	5	7	0	0	0	0	0
sim.786.009	none	3	0	5	7	4	4	5	2	3	0	0	0	0	0
sim.787.009	none	0	0	0	0	0	0	0	0	0	2	2	0	0	0
sim.788.009	none	1	5	1	1	0	0	0	5	3	0	0	0	0	0
sim.789.009	none	5	1	2	1	2	2	2	2	1	0	0	0	0	0
sim.79.009	none	3	0	1	2	2	1	4	0	0	0	0	0	0	0
sim.790.009	none	0	0	0	0	0	0	0	0	0	1	2	2	2	2
sim.791.009	none	0	0	0	0	0	0	2	1	1	0	0	0	0	0
sim.792.009	none	0	0	0	0	0	0	0	0	0	4	3	0	0	0
sim.793.009	none	0	0	0	0	0	0	0	0	0	1	1	2	2	2
sim.794.009	none	0	0	1	1	1	0	0	0	1	8	7	14	12	8
sim.795.009	none	0	2	1	0	1	0	1	0	0	0	0	0	0	0
sim.796.009	none	1	2	2	3	3	2	4	1	3	0	0	0	0	0
sim.797.009	none	0	0	0	0	0	0	0	0	0	7	6	20	30	20
sim.798.009	none	0	0	0	0	0	0	0	0	0	10	6	1	5	2
sim.799.009	none	8	10	3	3	4	3	4	1	1	0	0	0	0	0
sim.8.009	none	0	0	2	1	0	0	1	1	0	0	0	0	0	0
sim.80.009	none	0	0	0	0	0	0	0	0	0	0	1	3	5	3
sim.800.009	none	2	1	5	0	3	2	4	1	1	0	0	0	0	0
sim.801.009	none	6	1	3	3	3	3	5	5	3	0	0	2	1	1
sim.802.009	none	3	1	3	1	8	9	8	3	2	7	5	0	0	0
sim.803.009	none	0	0	0	0	0	0	0	0	0	6	4	0	0	0
sim.804.009	none	0	0	1	2	1	2	3	1	0	2	3	2	1	1
sim.805.009	none	4	5	2	1	1	2	1	1	0	3	5	0	0	0
sim.806.009	none	0	0	0	0	0	0	0	0	0	2	1	3	2	6
sim.807.009	none	5	7	5	5	7	3	8	4	2	0	0	0	0	0
sim.808.009	none	0	0	0	0	0	0	0	0	0	0	0	3	1	1
sim.809.009	none	0	0	0	0	0	0	0	0	0	17	5	0	0	1
sim.81.009	none	3	7	2	5	5	6	5	7	4	1	2	0	0	0
sim.810.009	none	6	4	0	3	1	0	4	6	5	0	0	4	4	3
sim.811.009	none	0	0	1	0	4	3	1	2	1	0	0	0	0	0
sim.812.009	none	2	6	3	3	10	6	9	4	9	1	0	6	8	8
sim.813.009	none	10	5	9	7	6	6	6	6	9	0	0	0	0	0
sim.814.009	none	8	6	5	7	9	10	11	6	8	6	5	2	2	2
sim.815.009	none	3	2	10	3	2	1	5	0	1	1	2	2	0	2
sim.816.009	none	0	0	0	0	0	0	0	0	0	0	0	0	1	3
sim.817.009	none	0	0	4	1	3	3	2	2	2	11	2	7	10	12
sim.818.009	none	0	0	0	0	0	0	0	0	0	15	13	2	3	3
sim.819.009	none	0	0	0	0	0	0	0	0	0	1	0	2	5	1
sim.82.009	none	0	0	0	0	0	0	0	0	0	8	3	2	1	2
sim.820.009	none	0	0	0	0	0	0	0	0	0	11	4	0	1	2
sim.821.009	none	1	2	1	0	2	1	1	0	0	3	1	0	1	2
sim.822.009	none	0	0	0	0	0	0	0	0	0	5	0	6	0	1
sim.823.009	none	0	0	0	0	0	0	0	0	0	3	2	2	3	3
sim.824.009	none	0	0	0	0	0	0	0	0	0	2	1	1	2	0
sim.825.009	none	0	0	0	0	0	0	0	0	0	0	3	11	10	9
sim.826.009	none	0	0	0	0	0	0	0	0	0	1	1	4	3	6
sim.827.009	none	0	0	0	0	0	0	0	0	0	2	2	1	0	0
sim.828.009	none	0	0	0	0	0	0	0	0	0	0	0	3	1	0
sim.829.009	none	0	0	0	0	0	0	0	0	0	0	0	3	1	0
sim.83.009	none	2	5	0	1	3	2	3	3	3	0	0	2	0	0
sim.830.009	none	2	0	2	2	3	2	1	1	3	0	0	0	0	0
sim.831.009	none	6	5	9	6	7	6	5	7	5	0	0	0	0	0
sim.832.009	none	0	0	0	0	0	0	0	0	0	5	6	6	1	4
sim.833.009	none	2	3	3	1	2	2	1	1	1	0	0	0	0	0
sim.834.009	none	4	2	2	3	3	2	2	1	4	0	0	1	0	0
sim.835.009	none	0	0	0	0	0	0	0	0	0	1	2	1	5	2
sim.836.009	none	0	0	2	5	4	6	3	1	1	1	1	1	1	1
sim.837.009	none	4	5	2	0	0	2	0	3	2	0	0	0	0	0
sim.838.009	none	0	0	0	1	1	1	1	0	0	3	4	1	2	0
sim.839.009	none	1	1	1	0	1	1	0	3	2	6	6	7	8	10
sim.84.009	none	0	0	4	1	1	1	2	2	1	2	3	4	1	2
sim.840.009	none	0	0	2	0	0	1	2	1	1	0	0	0	0	0
sim.841.009	none	2	4	1	1	1	1	1	1	1	0	0	0	0	0
sim.842.009	none	0	0	0	0	0	0	0	0	0	2	3	0	0	0
sim.843.009	none	0	0	0	0	0	0	0	0	0	0	0	3	1	0
sim.844.009	none	1	4	0	0	0	0	0	0	0	0	0	0	0	0
sim.845.009	none	0	0	0	0	0	0	0	0	0	1	3	3	2	5
sim.846.009	none	4	0	3	2	0	0	0	1	2	0	0	0	0	0
sim.847.009	none	0	0	0	0	0	0	0	0	0	6	0	0	0	0
sim.848.009	none	6	12	1	0	2	4	2	3	2	2	0	7	2	2
sim.849.009	none	2	1	1	0	1	0	1	0	1	0	0	0	0	0
sim.85.009	none	2	1	7	4	3	3	3	6	4	0	0	0	0	0
sim.850.009	none	0	0	0	0	1	2	0	1	1	1	0	2	2	1
sim.851.009	none	1	3	3	2	6	6	4	1	0	3	3	2	1	2
sim.852.009	none	0	0	0	0	0	0	0	0	0	8	9	6	4	10
sim.853.009	none	15	9	10	13	5	3	3	5	9	0	0	0	0	0
sim.854.009	none	6	4	0	4	1	1	1	1	2	0	0	0	0	0
sim.855.009	none	0	0	0	0	0	0	0	0	0	5	4	3	2	2
sim.856.009	none	0	0	0	0	0	0	0	0	0	0	4	1	0	0
sim.857.009	none	0	0	0	0	0	0	0	0	0	3	2	1	1	1
sim.858.009	none	0	0	2	2	2	3	1	0	0	0	0	0	0	0
sim.859.009	none	3	3	5	6	2	4	5	1	2	0	0	0	0	0
sim.86.009	none	5	3	1	0	2	1	2	3	2	0	0	3	1	1
sim.860.009	none	1	3	1	2	4	4	6	4	5	1	1	11	5	7
sim.861.009	none	0	0	0	0	0	0	0	0	0	13	7	11	10	3
sim.862.009	none	0	0	0	0	0	0	0	0	0	2	3	2	0	1
sim.863.009	none	0	0	0	0	0	0	0	0	0	3	10	5	8	8
sim.864.009	none	0	1	1	0	1	1	1	1	3	0	0	0	0	0
sim.865.009	none	2	1	0	1	0	0	2	1	2	0	0	0	0	0
sim.866.009	none	0	0	0	0	0	0	0	0	0	0	1	3	2	3
sim.867.009	none	0	0	0	0	0	0	0	0	0	5	13	7	6	5
sim.868.009	none	4	10	2	4	5	4	3	4	1	0	0	0	0	0
sim.869.009	none	0	0	0	0	0	0	0	0	0	2	0	8	7	6
sim.87.009	none	0	0	0	1	5	4	4	1	1	0	0	0	0	0
sim.870.009	none	1	1	3	1	1	1	2	4	1	0	0	0	0	0
sim.871.009	none	6	7	9	8	2	2	3	2	1	0	0	0	0	0
sim.872.009	none	2	2	10	2	3	6	6	7	3	1	5	0	0	0
sim.873.009	none	4	1	12	7	11	8	9	6	3	0	0	0	0	0
sim.874.009	none	2	0	5	5	4	5	8	5	7	6	9	8	6	3
sim.875.009	none	1	1	1	1	6	6	8	3	6	1	0	0	0	0
sim.876.009	none	0	0	0	0	0	0	0	0	0	9	4	13	5	10
sim.877.009	none	0	2	4	6	5	5	2	1	4	9	8	3	7	4
sim.878.009	none	1	2	0	0	0	0	0	0	0	1	2	1	0	1
sim.879.009	none	1	4	3	0	4	4	4	3	4	0	0	0	0	0
sim.88.009	none	1	1	1	0	0	1	2	0	0	0	0	0	3	2
sim.880.009	none	0	0	3	3	1	1	1	0	0	5	0	2	4	2
sim.881.009	none	0	0	0	3	1	0	1	0	0	0	0	0	0	0
sim.882.009	none	1	1	6	8	7	9	5	4	6	0	0	0	0	0
sim.883.009	none	1	2	1	5	4	4	0	6	5	0	0	0	0	0
sim.884.009	none	7	8	8	4	7	7	5	4	7	0	0	0	0	0
sim.885.009	none	2	1	1	2	1	1	2	1	0	0	0	3	2	4
sim.886.009	none	0	0	1	2	1	1	1	1	2	0	0	0	0	0
sim.887.009	none	6	4	1	2	5	4	5	3	2	5	2	2	1	0
sim.888.009	none	4	5	4	3	3	3	3	4	6	3	2	3	1	0
sim.889.009	none	6	8	1	1	7	7	7	3	6	0	0	0	0	0
sim.89.009	none	2	1	3	2	0	0	0	2	2	0	0	0	0	0
sim.890.009	none	6	5	8	10	4	4	5	5	7	2	2	0	3	3
sim.891.009	none	0	0	0	1	1	1	1	2	0	0	0	0	0	0
sim.892.009	none	0	0	0	0	0	0	0	0	0	2	9	2	2	3
sim.893.009	none	0	0	2	2	2	0	1	1	1	0	0	0	0	0
sim.894.009	none	1	3	1	4	2	2	1	1	1	9	12	5	0	0
sim.895.009	none	0	0	0	0	0	0	0	0	0	2	1	1	0	0
sim.896.009	none	11	4	4	3	2	0	2	0	2	0	0	0	0	0
sim.897.009	none	0	0	0	0	0	0	0	0	0	0	0	2	4	6
sim.898.009	none	0	0	0	0	0	0	0	0	0	0	3	3	2	3
sim.899.009	none	3	5	6	2	4	7	7	1	2	3	4	1	2	3
sim.9.009	none	0	0	0	0	0	0	0	0	0	3	5	4	3	0
sim.90.009	none	8	12	12	8	7	7	3	7	7	2	1	0	2	1
sim.900.009	none	0	0	0	0	0	0	0	0	0	5	8	7	1	3
sim.901.009	none	3	3	3	2	3	3	2	4	3	6	7	8	6	9
sim.902.009	none	1	3	4	3	0	0	1	1	0	0	0	0	0	0
sim.903.009	none	5	4	2	0	1	1	1	5	3	0	0	0	0	0
sim.904.009	none	0	0	0	0	0	0	0	0	0	1	2	6	3	4
sim.905.009	none	0	2	4	2	2	3	5	1	1	0	8	6	1	3
sim.906.009	none	3	3	0	0	0	0	0	0	0	2	1	1	1	2
sim.907.009	none	1	2	5	3	2	4	2	3	4	0	0	0	0	0
sim.908.009	none	2	1	3	2	2	1	1	0	0	0	0	0	0	0
sim.909.009	none	2	0	3	2	1	1	1	2	3	0	0	0	0	0
sim.91.009	none	0	0	0	0	0	0	0	0	0	4	2	5	8	7
sim.910.009	none	4	2	9	7	4	4	4	5	8	0	0	0	0	0
sim.911.009	none	0	0	0	0	0	0	0	0	0	1	0	1	5	3
sim.912.009	none	0	0	0	0	0	0	0	0	0	3	2	3	1	2
sim.913.009	none	3	2	2	2	3	4	4	2	2	2	1	0	0	0
sim.914.009	none	2	3	0	2	6	7	5	2	2	0	0	0	0	0
sim.915.009	none	0	0	1	4	3	2	2	2	2	0	0	0	0	0
sim.916.009	none	0	0	0	0	0	0	0	0	0	10	5	8	11	6
sim.917.009	none	0	0	0	0	0	0	0	0	0	3	4	0	0	0
sim.918.009	none	0	0	0	0	0	0	0	0	0	1	1	3	2	2
sim.919.009	none	0	0	1	1	1	1	1	3	2	5	4	8	8	15
sim.92.009	none	4	4	0	0	0	0	0	0	0	5	3	1	6	4
sim.920.009	none	0	0	0	0	0	0	0	0	0	1	0	4	2	2
sim.921.009	none	0	0	0	0	0	0	0	0	0	0	0	1	4	3
sim.922.009	none	9	12	3	7	6	3	6	5	5	3	10	18	14	14
sim.923.009	none	0	0	0	0	0	0	0	0	0	4	2	8	4	6
sim.924.009	none	1	4	0	0	0	1	0	3	1	6	5	7	2	2
sim.925.009	none	4	3	6	5	5	6	6	5	5	1	1	0	0	2
sim.926.009	none	1	3	0	0	0	0	0	0	0	0	0	0	0	0
sim.927.009	none	0	0	0	0	0	0	0	0	0	0	1	1	2	0
sim.928.009	none	3	4	0	0	0	0	0	0	0	1	2	2	0	1
sim.929.009	none	9	6	9	8	13	7	7	8	12	0	0	0	0	0
sim.93.009	none	2	6	2	2	0	0	0	0	0	1	1	0	0	0
sim.930.009	none	0	1	0	0	0	0	0	0	0	7	8	10	0	0
sim.931.009	none	3	0	0	0	2	2	2	0	0	3	5	0	0	0
sim.932.009	none	0	0	0	0	0	0	0	0	0	0	0	2	1	1
sim.933.009	none	1	1	4	3	5	5	6	2	4	0	0	0	0	0
sim.934.009	none	0	0	0	0	0	0	0	0	0	2	4	1	0	2
sim.935.009	none	5	3	10	7	12	11	6	3	5	0	0	0	0	0
sim.936.009	none	1	0	11	7	3	6	5	5	8	0	0	0	0	0
sim.937.009	none	1	2	6	8	7	6	5	2	3	0	0	0	0	0
sim.938.009	none	3	5	7	7	5	5	3	6	3	1	4	2	1	0
sim.939.009	none	0	0	0	0	0	0	0	0	0	0	1	5	4	1
sim.94.009	none	0	0	0	0	0	0	0	0	0	2	3	0	1	1
sim.940.009	none	0	0	0	0	0	0	0	0	0	2	2	0	0	0
sim.941.009	none	1	1	3	2	11	10	11	4	2	15	5	1	6	3
sim.942.009	none	4	5	3	2	5	4	3	6	8	0	0	1	2	1
sim.943.009	none	0	0	0	0	0	0	0	0	0	0	0	4	2	3
sim.944.009	none	0	0	0	0	0	0	0	0	0	2	0	4	4	5
sim.945.009	none	0	0	0	0	0	0	0	0	0	2	1	5	12	8
sim.946.009	none	1	0	0	0	2	0	0	1	1	0	0	1	1	3
sim.947.009	none	6	2	7	8	2	3	2	0	1	0	0	0	0	0
sim.948.009	none	0	0	0	0	0	0	0	0	0	0	1	7	3	4
sim.949.009	none	0	0	0	0	0	0	0	0	0	0	0	4	4	2
sim.95.009	none	0	0	0	0	0	0	0	0	0	4	1	4	4	3
sim.950.009	none	2	0	1	0	0	1	1	1	1	0	0	0	1	0
sim.951.009	none	0	0	0	0	0	0	0	0	0	1	0	1	1	2
sim.952.009	none	5	6	10	5	7	6	9	10	8	0	0	0	0	0
sim.953.009	none	11	3	5	4	8	5	7	3	2	0	0	0	0	0
sim.954.009	none	0	0	0	0	0	0	0	0	0	3	5	2	3	4
sim.955.009	none	0	0	0	0	0	0	0	0	0	3	7	6	7	4
sim.956.009	none	8	6	2	1	1	0	1	6	6	0	0	0	0	0
sim.957.009	none	5	5	5	12	9	13	8	6	5	0	0	0	0	0
sim.958.009	none	1	1	1	3	2	1	0	2	1	0	0	0	0	0
sim.959.009	none	2	4	0	3	3	2	2	5	5	6	12	7	8	10
sim.96.009	none	0	0	0	0	0	0	0	0	0	1	2	5	4	2
sim.960.009	none	5	7	6	9	4	4	6	12	18	0	0	0	0	0
sim.961.009	none	1	0	0	1	1	1	1	2	1	0	0	0	0	0
sim.962.009	none	1	3	5	4	1	4	4	5	5	0	0	0	0	0
sim.963.009	none	0	0	0	0	0	0	0	0	0	4	1	2	4	4
sim.964.009	none	0	0	0	0	0	0	0	0	0	1	1	0	0	2
sim.965.009	none	0	0	0	0	0	0	0	0	0	0	9	0	1	1
sim.966.009	none	10	4	6	8	4	5	5	4	10	1	0	0	1	1
sim.967.009	none	0	0	0	1	1	1	2	2	0	0	0	4	3	2
sim.968.009	none	0	0	0	0	0	0	0	0	0	1	1	1	5	5
sim.969.009	none	1	1	0	0	0	0	0	2	1	0	1	2	3	0
sim.97.009	none	5	2	2	5	2	2	3	9	7	1	1	0	0	0
sim.970.009	none	0	0	0	0	0	0	0	0	0	1	3	0	0	0
sim.971.009	none	8	5	7	5	8	10	10	4	6	0	0	0	0	0
sim.972.009	none	0	0	0	0	0	0	0	0	0	0	0	1	4	3
sim.973.009	none	8	7	4	1	1	1	2	1	1	0	0	0	0	0
sim.974.009	none	0	0	0	0	0	0	0	0	0	1	2	4	3	7
sim.975.009	none	1	1	0	0	0	0	0	1	1	1	5	0	2	1
sim.976.009	none	0	0	0	0	0	0	0	0	0	0	6	1	1	0
sim.977.009	none	0	0	0	1	1	1	1	0	0	0	0	0	0	0
sim.978.009	none	5	3	0	0	0	0	0	2	1	0	2	8	6	4
sim.979.009	none	0	0	0	0	0	0	0	0	0	15	10	6	3	2
sim.98.009	none	7	0	1	1	2	2	2	3	5	2	9	9	1	2
sim.980.009	none	1	0	0	2	1	1	1	1	1	0	0	0	0	0
sim.981.009	none	3	1	2	0	2	3	4	0	0	1	1	2	1	1
sim.982.009	none	3	2	2	0	0	0	0	0	1	0	0	4	5	3
sim.983.009	none	0	0	1	0	1	1	1	0	1	0	0	0	0	0
sim.984.009	none	0	0	0	0	0	0	0	0	0	1	2	2	6	4
sim.985.009	none	0	1	7	2	2	3	5	6	4	0	0	0	0	0
sim.986.009	none	8	3	1	1	1	1	3	0	0	0	0	6	1	0
sim.987.009	none	5	2	1	2	2	2	3	3	2	0	0	0	0	0
sim.988.009	none	0	1	1	1	2	1	1	1	0	0	0	0	0	0
sim.989.009	none	3	3	5	7	5	4	4	3	2	9	2	0	0	0
sim.99.009	none	0	0	0	0	0	0	0	0	0	2	4	0	0	0
sim.990.009	none	4	2	4	1	3	2	2	2	5	4	2	0	0	0
sim.991.009	none	0	0	3	3	5	5	8	3	2	0	0	1	0	0
sim.992.009	none	2	7	1	0	0	1	1	1	0	0	0	0	0	0
sim.993.009	none	0	0	0	0	0	0	0	0	0	5	3	0	1	1
sim.994.009	none	3	4	4	9	6	5	11	8	7	1	2	6	6	4
sim.995.009	none	8	8	1	3	6	2	5	3	2	0	0	0	0	0
sim.996.009	none	0	0	5	3	1	1	2	0	0	0	0	0	0	0
sim.997.009	none	0	0	0	0	0	0	0	0	0	1	0	4	2	2
sim.998.009	none	0	0	0	0	0	0	0	0	0	3	7	4	0	0
sim.999.009	none	1	0	0	0	0	0	1	2	1	0	0	0	0	0
