OGS	desc	musDom	gloMor	droWil	droPse	droYak	droMel	droAna	droVir	droMoj	culQui	aedAeg	anoDar	anoSte	anoGam
sim.0.057	none	0	0	0	0	0	0	0	0	0	13	10	79	41	53
sim.1.057	none	0	0	0	0	0	0	0	0	0	11	1	0	0	1
sim.10.057	none	0	0	0	0	0	0	0	0	0	0	0	17	4	3
sim.100.057	none	33	33	84	96	57	48	47	46	55	0	0	0	0	0
sim.101.057	none	4	2	0	0	0	0	0	0	0	0	0	0	0	0
sim.102.057	none	29	13	26	3	4	5	14	11	10	0	0	0	0	0
sim.103.057	none	46	21	91	31	57	45	61	30	45	0	0	0	0	0
sim.104.057	none	52	42	5	19	6	3	4	16	9	0	0	0	0	0
sim.105.057	none	0	0	0	0	0	0	10	0	0	0	0	0	0	0
sim.106.057	none	0	0	0	0	0	0	0	0	0	9	14	28	17	25
sim.107.057	none	0	0	0	0	0	0	0	0	0	11	11	72	59	62
sim.108.057	none	27	16	0	2	0	0	9	12	0	0	0	0	0	0
sim.109.057	none	31	26	0	0	0	0	0	0	0	0	0	0	0	0
sim.11.057	none	17	7	26	15	25	14	26	36	23	0	0	0	0	0
sim.110.057	none	21	2	30	9	0	2	2	4	1	0	0	0	0	0
sim.111.057	none	0	0	0	0	0	0	0	0	0	3	7	0	0	0
sim.112.057	none	0	0	0	0	0	0	0	0	0	14	4	0	0	0
sim.113.057	none	0	7	0	0	0	0	0	0	0	12	3	0	0	0
sim.114.057	none	0	0	0	0	0	0	0	0	0	1	18	7	28	8
sim.115.057	none	18	14	10	16	12	12	12	3	0	0	0	0	0	0
sim.116.057	none	0	0	0	0	0	0	0	0	0	0	0	11	21	21
sim.117.057	none	0	0	0	0	0	0	0	0	0	7	2	7	5	10
sim.118.057	none	0	0	0	0	0	0	0	0	0	7	12	0	0	0
sim.119.057	none	0	0	0	0	0	0	0	0	0	4	21	0	0	0
sim.12.057	none	0	0	0	0	0	0	0	0	0	0	0	13	33	25
sim.120.057	none	0	0	0	0	0	0	0	0	0	3	11	1	1	0
sim.121.057	none	3	7	0	0	0	0	0	0	0	0	0	0	0	0
sim.122.057	none	3	4	0	0	0	0	0	0	0	0	0	0	0	0
sim.123.057	none	18	9	20	8	6	7	7	3	20	0	0	0	0	0
sim.124.057	none	0	0	0	0	0	0	0	0	0	18	0	0	0	0
sim.125.057	none	3	7	2	1	3	7	0	1	5	0	0	0	0	0
sim.126.057	none	0	0	0	0	0	0	0	0	0	12	10	0	0	0
sim.127.057	none	3	2	19	16	13	17	30	25	16	0	0	0	0	0
sim.128.057	none	1	6	16	29	12	8	44	19	26	0	0	0	0	0
sim.129.057	none	3	23	0	0	0	0	0	0	0	0	0	0	0	0
sim.13.057	none	0	0	0	0	0	0	0	0	0	4	5	13	13	19
sim.130.057	none	0	0	0	0	0	0	0	0	0	4	0	47	16	24
sim.131.057	none	14	0	27	5	2	2	3	25	21	0	0	0	0	0
sim.132.057	none	0	0	0	0	0	0	0	0	0	35	43	0	0	0
sim.133.057	none	0	0	0	0	0	0	0	7	5	0	0	0	0	0
sim.134.057	none	0	0	0	0	0	0	0	0	0	0	11	0	0	0
sim.135.057	none	16	14	10	9	12	17	21	9	15	0	0	0	0	0
sim.136.057	none	0	0	0	0	0	0	0	0	0	17	2	0	0	0
sim.137.057	none	17	23	0	13	1	2	0	22	18	0	0	0	0	0
sim.138.057	none	0	0	0	0	0	0	0	0	0	0	0	19	0	0
sim.139.057	none	0	0	0	0	0	0	0	0	0	0	0	10	21	32
sim.14.057	none	0	0	0	0	0	0	0	0	0	0	0	0	6	10
sim.140.057	none	6	4	26	1	13	19	19	35	68	0	0	0	0	0
sim.141.057	none	2	2	0	0	0	0	0	0	0	0	0	0	0	0
sim.142.057	none	0	0	0	0	0	0	0	0	0	1	0	11	5	0
sim.143.057	none	0	0	0	2	2	1	1	4	1	0	0	0	0	0
sim.144.057	none	0	0	0	0	0	0	0	0	0	1	0	0	18	3
sim.145.057	none	0	0	0	0	0	0	0	0	0	0	9	1	41	30
sim.146.057	none	0	0	0	0	0	0	0	0	0	22	23	0	9	0
sim.147.057	none	0	0	0	0	0	0	0	0	0	0	0	5	32	14
sim.148.057	none	35	67	20	32	11	13	13	25	33	0	0	0	0	0
sim.149.057	none	0	0	0	0	0	0	0	0	0	8	0	0	0	0
sim.15.057	none	0	2	11	39	17	24	14	18	35	0	0	0	0	0
sim.150.057	none	23	9	10	2	5	2	3	5	13	0	0	0	0	0
sim.151.057	none	0	0	0	0	0	0	0	0	0	9	1	11	12	10
sim.152.057	none	7	24	17	11	7	5	4	17	30	0	0	0	0	0
sim.153.057	none	0	0	0	0	0	0	0	0	0	15	0	0	4	12
sim.154.057	none	0	0	0	0	0	0	0	0	0	39	38	0	1	0
sim.155.057	none	7	0	8	2	15	13	4	22	3	0	0	0	0	0
sim.156.057	none	0	0	0	0	0	0	0	0	0	38	15	4	20	30
sim.157.057	none	22	22	0	0	0	0	0	0	0	1	16	0	0	0
sim.158.057	none	3	1	1	0	3	1	1	0	0	0	0	0	0	0
sim.159.057	none	0	0	0	0	0	0	0	0	0	36	17	5	24	18
sim.16.057	none	0	0	0	0	0	0	0	0	0	8	6	1	9	4
sim.160.057	none	16	7	12	18	19	11	17	17	26	0	0	0	0	0
sim.161.057	none	15	22	0	0	0	0	0	9	5	0	0	0	0	0
sim.162.057	none	0	0	0	0	0	0	0	0	0	2	18	37	21	23
sim.163.057	none	0	0	0	0	0	0	0	0	0	0	0	20	25	22
sim.164.057	none	20	7	3	2	2	1	7	23	8	0	0	0	0	0
sim.165.057	none	0	0	0	0	0	0	0	0	0	0	0	0	7	12
sim.166.057	none	21	7	29	0	4	2	6	18	8	0	0	0	0	0
sim.167.057	none	1	4	0	0	0	0	0	2	0	0	0	0	0	0
sim.168.057	none	1	0	5	0	9	12	14	16	24	0	0	0	0	0
sim.169.057	none	0	0	0	0	0	0	0	0	0	11	3	0	0	0
sim.17.057	none	0	0	0	0	0	0	0	0	0	0	0	15	1	13
sim.170.057	none	0	0	0	0	0	0	0	0	0	7	41	26	13	22
sim.171.057	none	0	0	0	0	0	0	0	0	0	3	6	0	2	9
sim.172.057	none	0	0	0	0	0	0	0	0	0	0	20	0	13	11
sim.173.057	none	55	21	22	25	22	11	21	46	14	25	8	0	0	0
sim.174.057	none	0	0	0	0	0	0	0	0	0	20	57	18	31	22
sim.175.057	none	0	0	0	0	0	0	0	0	0	9	18	0	0	0
sim.176.057	none	0	0	0	0	0	0	0	0	0	29	8	1	3	2
sim.177.057	none	10	0	5	10	5	0	0	9	0	0	0	0	0	0
sim.178.057	none	12	15	30	32	22	26	11	16	8	0	0	0	0	0
sim.179.057	none	6	5	6	5	2	5	1	0	0	0	0	0	0	0
sim.18.057	none	0	0	0	0	0	0	0	0	0	6	0	7	8	4
sim.180.057	none	0	0	0	0	0	0	0	0	0	12	0	0	0	0
sim.181.057	none	0	0	5	3	11	13	11	4	2	0	11	33	13	17
sim.182.057	none	0	4	0	0	0	0	0	0	0	0	0	0	0	0
sim.183.057	none	0	0	0	0	0	0	0	0	0	0	10	27	6	10
sim.184.057	none	0	0	0	0	0	0	0	0	0	0	6	27	24	16
sim.185.057	none	0	0	0	0	0	0	0	0	0	7	28	18	5	16
sim.186.057	none	0	0	0	0	0	0	0	0	0	9	7	0	0	0
sim.187.057	none	20	5	5	24	24	17	30	20	22	0	0	0	0	0
sim.188.057	none	3	0	0	0	0	0	2	8	6	0	0	0	0	0
sim.189.057	none	0	0	0	0	0	0	0	0	0	4	23	9	18	19
sim.19.057	none	0	0	0	0	0	0	0	0	0	0	0	7	18	24
sim.190.057	none	0	0	0	0	0	0	0	0	0	0	0	10	8	12
sim.191.057	none	29	70	6	12	15	17	40	0	0	12	7	15	5	3
sim.192.057	none	0	0	0	0	0	0	0	0	0	15	10	29	21	13
sim.193.057	none	23	44	22	28	65	52	40	19	20	0	0	0	0	0
sim.194.057	none	7	19	5	0	21	30	21	9	0	0	0	0	0	0
sim.195.057	none	0	0	0	0	0	0	0	0	0	8	25	10	0	6
sim.196.057	none	0	0	0	0	0	0	0	0	0	0	0	5	5	1
sim.197.057	none	0	0	4	1	19	30	10	8	4	0	0	0	0	0
sim.198.057	none	0	0	0	0	0	0	0	0	0	2	7	23	3	9
sim.199.057	none	26	13	0	5	4	4	7	13	0	0	0	0	0	0
sim.2.057	none	33	16	25	7	19	10	17	16	27	0	0	0	0	0
sim.20.057	none	11	1	1	3	2	2	6	12	7	0	0	0	0	0
sim.200.057	none	0	0	0	0	0	0	0	0	0	0	6	0	0	0
sim.201.057	none	0	0	0	0	0	0	0	0	0	0	0	15	8	4
sim.202.057	none	0	0	0	0	0	0	0	0	0	0	7	0	2	10
sim.203.057	none	0	0	0	0	0	0	0	0	0	8	0	13	24	10
sim.204.057	none	0	0	0	0	0	0	0	0	0	0	0	4	8	4
sim.205.057	none	0	0	0	0	0	0	0	0	0	0	20	0	0	0
sim.206.057	none	0	0	4	9	20	15	3	0	0	0	0	0	0	0
sim.207.057	none	0	0	0	0	0	0	0	0	0	14	38	13	0	0
sim.208.057	none	0	0	0	0	0	0	0	0	0	0	0	15	14	7
sim.209.057	none	0	0	0	0	0	0	0	0	0	2	0	11	10	7
sim.21.057	none	0	0	0	0	0	0	0	0	0	6	3	7	4	3
sim.210.057	none	0	10	1	3	0	0	0	10	7	0	0	0	0	0
sim.211.057	none	0	0	0	0	0	0	0	0	0	5	5	14	29	34
sim.212.057	none	0	0	0	0	0	0	0	0	0	0	7	19	2	11
sim.213.057	none	0	2	1	2	1	1	1	1	3	0	0	0	0	0
sim.214.057	none	0	0	0	0	0	0	0	0	0	17	38	25	20	46
sim.215.057	none	0	0	0	0	0	0	0	0	0	0	2	13	1	0
sim.216.057	none	0	0	0	0	0	0	0	0	0	0	0	14	0	0
sim.217.057	none	0	0	0	0	0	0	0	0	0	32	34	5	14	5
sim.218.057	none	32	27	27	51	19	18	19	27	9	0	0	0	0	0
sim.219.057	none	0	0	0	0	0	0	0	0	0	36	16	5	9	10
sim.22.057	none	0	0	0	0	0	1	2	7	6	0	0	0	0	0
sim.220.057	none	0	0	0	0	0	0	0	0	0	12	0	0	0	0
sim.221.057	none	0	0	0	0	0	0	0	0	0	29	5	6	0	0
sim.222.057	none	0	0	0	0	0	0	0	0	0	24	44	90	63	56
sim.223.057	none	2	0	2	0	0	0	0	9	0	0	0	0	0	0
sim.224.057	none	0	0	0	0	0	0	0	0	0	33	74	45	68	37
sim.225.057	none	0	0	0	14	2	4	3	0	0	0	0	0	0	0
sim.226.057	none	0	0	0	0	0	0	0	0	0	13	36	52	62	85
sim.227.057	none	24	22	5	18	21	26	7	5	1	0	0	0	0	0
sim.228.057	none	20	28	1	0	10	13	15	0	0	0	0	0	0	0
sim.229.057	none	0	0	0	0	0	0	0	0	0	1	0	8	0	11
sim.23.057	none	6	4	9	0	0	0	3	4	17	0	0	0	0	0
sim.230.057	none	0	0	0	0	0	0	0	0	0	0	15	0	0	0
sim.231.057	none	0	0	0	0	0	0	0	0	0	16	28	0	0	0
sim.232.057	none	0	0	0	0	0	0	0	0	0	16	37	1	24	22
sim.233.057	none	0	0	0	0	7	16	0	0	0	0	0	0	0	0
sim.234.057	none	56	40	16	12	11	13	0	8	12	0	0	0	0	0
sim.235.057	none	4	0	0	0	0	0	0	0	0	0	0	0	0	0
sim.236.057	none	0	0	0	0	0	0	0	0	0	10	0	35	0	12
sim.237.057	none	0	0	0	0	0	0	0	0	0	19	13	0	0	0
sim.238.057	none	0	0	0	0	0	0	0	0	0	0	14	10	0	0
sim.239.057	none	47	22	8	25	20	32	17	30	27	0	0	0	0	0
sim.24.057	none	4	15	26	13	11	14	20	36	48	0	0	0	0	0
sim.240.057	none	0	0	0	0	0	0	0	0	0	9	11	38	14	11
sim.241.057	none	7	10	36	31	21	13	25	5	1	0	0	0	0	0
sim.242.057	none	0	0	24	19	2	1	0	14	10	0	0	0	0	0
sim.243.057	none	0	0	0	0	0	0	0	0	0	10	24	44	82	69
sim.244.057	none	18	0	36	11	13	18	7	19	6	0	0	0	0	0
sim.245.057	none	0	0	0	0	0	0	0	0	0	28	16	0	4	8
sim.246.057	none	24	35	41	8	48	47	34	24	34	9	0	0	0	0
sim.247.057	none	0	0	0	0	0	0	0	0	0	0	0	28	16	12
sim.248.057	none	9	18	4	50	10	8	25	15	18	0	0	0	0	0
sim.249.057	none	0	0	0	0	0	0	0	0	0	10	5	0	0	0
sim.25.057	none	2	14	4	15	14	7	6	31	34	0	0	0	0	0
sim.250.057	none	0	0	0	0	0	0	0	0	0	0	0	23	0	0
sim.251.057	none	0	0	0	0	0	0	0	0	0	12	46	14	20	15
sim.252.057	none	0	0	0	0	0	0	0	0	0	25	26	5	0	12
sim.253.057	none	23	1	20	15	22	8	3	10	7	0	0	0	0	0
sim.254.057	none	4	6	4	5	7	7	11	3	0	0	0	0	0	0
sim.255.057	none	0	0	0	0	0	0	0	0	0	25	0	2	0	0
sim.256.057	none	0	0	0	0	0	0	0	0	0	0	5	0	0	0
sim.257.057	none	44	33	22	42	16	34	23	26	20	23	11	0	0	0
sim.258.057	none	0	0	0	0	0	0	0	0	0	0	0	12	23	30
sim.259.057	none	0	0	0	0	0	0	0	0	0	20	26	5	22	13
sim.26.057	none	0	0	0	0	0	0	0	0	0	14	6	0	0	0
sim.260.057	none	0	0	2	0	9	8	3	11	3	0	0	0	0	0
sim.261.057	none	0	0	0	0	0	0	0	0	0	41	8	4	12	27
sim.262.057	none	0	0	0	0	0	0	0	0	0	0	17	0	0	0
sim.263.057	none	11	6	0	9	0	0	0	0	0	0	0	0	0	0
sim.264.057	none	20	4	7	11	13	12	8	0	0	0	0	0	0	0
sim.265.057	none	0	0	0	0	0	0	0	0	0	19	28	23	37	17
sim.266.057	none	0	0	3	12	18	17	22	28	38	0	0	0	0	0
sim.267.057	none	0	0	0	0	0	0	0	0	0	50	23	74	52	71
sim.268.057	none	0	0	0	0	0	0	0	0	0	11	11	0	5	2
sim.269.057	none	0	0	0	0	0	0	0	0	0	0	7	1	0	0
sim.27.057	none	0	0	0	0	0	0	0	0	0	25	9	0	0	0
sim.270.057	none	0	0	0	0	0	0	0	0	0	24	31	75	53	49
sim.271.057	none	0	0	1	8	15	8	3	0	0	0	0	0	0	0
sim.272.057	none	0	0	0	0	0	0	0	0	0	0	0	40	20	47
sim.273.057	none	2	0	17	10	6	9	10	14	17	0	0	0	0	0
sim.274.057	none	5	0	6	0	8	9	0	0	0	0	0	0	0	0
sim.275.057	none	0	0	0	0	0	0	0	0	0	0	0	11	8	18
sim.276.057	none	0	0	0	0	0	0	0	0	0	21	8	0	0	0
sim.277.057	none	3	8	3	0	6	6	5	0	5	0	0	0	0	0
sim.278.057	none	0	0	0	0	0	0	0	0	0	9	9	0	12	3
sim.279.057	none	0	6	3	1	0	0	0	4	1	0	0	0	0	0
sim.28.057	none	0	0	0	1	0	0	4	0	0	0	0	0	0	0
sim.280.057	none	0	3	5	22	14	10	5	16	2	0	0	0	0	0
sim.281.057	none	0	0	1	6	17	14	6	2	0	0	0	0	0	0
sim.282.057	none	0	0	0	0	0	0	0	0	0	1	18	36	7	36
sim.283.057	none	4	7	1	3	2	5	0	1	3	0	0	30	9	1
sim.284.057	none	0	0	0	0	0	0	0	0	0	0	20	0	0	0
sim.285.057	none	0	0	0	0	0	0	0	0	0	44	27	0	0	0
sim.286.057	none	12	17	0	0	0	0	0	0	0	0	0	0	0	0
sim.287.057	none	0	3	0	0	0	0	0	0	6	0	0	0	0	0
sim.288.057	none	0	0	0	0	0	0	0	0	0	5	10	0	1	1
sim.289.057	none	0	0	0	0	0	0	0	0	0	0	0	10	5	3
sim.29.057	none	0	0	0	0	0	0	0	0	0	13	5	1	6	2
sim.290.057	none	0	0	0	0	0	0	0	0	0	8	25	0	0	0
sim.291.057	none	0	0	0	0	0	0	0	0	0	6	2	2	1	12
sim.292.057	none	26	41	46	31	19	40	24	58	44	0	0	0	0	0
sim.293.057	none	0	0	0	19	7	6	11	8	3	0	0	0	0	0
sim.294.057	none	11	48	0	0	0	0	0	0	0	0	0	0	0	0
sim.295.057	none	0	0	6	0	3	2	5	4	3	0	0	0	0	0
sim.296.057	none	0	0	0	0	0	0	0	0	0	6	2	56	44	23
sim.297.057	none	0	0	0	0	0	0	0	0	0	0	0	3	1	0
sim.298.057	none	15	18	12	15	0	0	3	26	35	0	0	0	0	0
sim.299.057	none	51	70	39	51	47	61	42	13	36	0	0	0	0	0
sim.3.057	none	0	0	0	0	0	0	0	0	0	17	26	0	16	3
sim.30.057	none	0	0	0	0	0	0	0	0	0	16	14	0	4	5
sim.300.057	none	0	0	0	0	0	0	0	20	10	8	0	11	13	0
sim.301.057	none	21	3	1	0	0	0	0	2	0	0	0	0	0	0
sim.302.057	none	0	0	0	0	0	0	0	0	0	1	10	20	16	13
sim.303.057	none	0	0	0	0	0	0	0	0	0	4	5	0	0	0
sim.304.057	none	8	29	3	1	4	0	1	6	0	0	0	0	0	0
sim.305.057	none	0	0	8	11	22	19	22	0	7	29	41	6	1	7
sim.306.057	none	0	0	0	0	0	0	0	0	0	0	0	3	38	47
sim.307.057	none	0	0	0	0	0	0	0	0	0	15	8	19	35	16
sim.308.057	none	0	0	0	0	0	0	0	0	0	7	0	0	0	0
sim.309.057	none	12	13	0	0	0	0	0	0	0	0	0	0	0	0
sim.31.057	none	0	0	0	0	0	0	0	0	0	18	11	2	8	3
sim.310.057	none	17	15	1	4	0	0	10	0	0	8	0	0	0	0
sim.311.057	none	23	2	0	25	16	19	14	5	1	0	0	0	0	0
sim.312.057	none	46	40	59	32	45	39	33	49	81	17	20	32	53	35
sim.313.057	none	1	2	1	11	7	5	0	0	5	0	0	0	0	0
sim.314.057	none	18	15	11	17	19	15	6	2	7	0	0	0	0	0
sim.315.057	none	0	0	0	0	0	0	0	0	0	29	18	50	55	73
sim.316.057	none	0	0	0	0	0	0	0	0	0	19	4	0	0	0
sim.317.057	none	0	0	0	0	0	0	0	0	0	94	56	17	14	28
sim.318.057	none	20	17	35	18	49	42	31	44	24	0	0	0	0	0
sim.319.057	none	7	6	30	69	35	45	73	59	39	0	0	0	0	0
sim.32.057	none	0	0	0	0	0	0	0	0	0	9	0	15	2	13
sim.320.057	none	19	2	0	0	0	0	0	0	0	0	0	0	0	0
sim.321.057	none	0	5	5	4	9	6	7	5	7	0	0	0	0	0
sim.322.057	none	0	0	0	0	0	0	0	0	0	5	0	34	14	12
sim.323.057	none	6	0	42	14	16	17	18	11	25	0	0	0	0	0
sim.324.057	none	0	0	0	0	0	0	0	0	0	20	31	24	17	39
sim.325.057	none	2	5	0	0	0	0	0	0	0	1	0	9	3	2
sim.326.057	none	0	0	0	0	0	0	0	0	0	5	3	13	23	15
sim.327.057	none	6	2	6	1	0	9	7	5	18	0	0	0	0	0
sim.328.057	none	0	0	0	0	0	0	0	0	0	20	16	8	1	0
sim.329.057	none	20	10	13	15	7	8	5	33	18	7	16	9	19	34
sim.33.057	none	2	33	34	23	37	29	31	56	39	0	0	0	0	0
sim.330.057	none	9	5	79	15	53	35	56	12	25	0	0	0	0	0
sim.331.057	none	0	0	0	0	0	0	0	0	0	0	0	6	2	7
sim.332.057	none	0	0	0	0	0	0	0	0	0	28	9	8	0	0
sim.333.057	none	0	0	0	0	0	0	0	0	0	12	27	24	10	14
sim.334.057	none	0	0	0	0	0	0	0	0	0	18	27	7	37	20
sim.335.057	none	0	0	0	0	0	0	0	0	0	39	22	0	1	4
sim.336.057	none	0	0	0	0	0	0	0	0	0	0	0	8	0	0
sim.337.057	none	10	12	0	0	0	0	0	0	0	0	0	0	0	0
sim.338.057	none	0	0	0	0	0	0	0	0	0	0	0	7	11	7
sim.339.057	none	0	0	0	0	0	0	0	0	0	16	0	0	0	0
sim.34.057	none	3	10	11	1	4	5	9	14	10	0	0	0	0	0
sim.340.057	none	0	0	0	0	0	0	0	0	0	10	10	0	0	0
sim.341.057	none	0	7	0	2	2	1	4	5	6	9	13	22	33	18
sim.342.057	none	19	47	39	31	35	32	33	26	49	0	0	0	0	0
sim.343.057	none	35	26	10	8	13	5	6	10	7	0	0	0	0	0
sim.344.057	none	23	29	0	13	14	14	13	47	31	0	0	0	0	0
sim.345.057	none	0	0	0	0	0	0	0	0	0	0	0	60	18	34
sim.346.057	none	0	0	0	0	0	0	0	0	0	29	5	12	11	13
sim.347.057	none	0	0	0	0	0	0	0	0	0	73	97	59	28	20
sim.348.057	none	0	0	20	3	2	2	15	2	12	0	0	0	0	0
sim.349.057	none	0	0	0	0	0	0	0	0	0	0	8	0	0	0
sim.35.057	none	0	3	8	13	6	9	23	4	3	0	0	0	0	0
sim.350.057	none	16	19	12	7	14	12	18	7	17	0	0	0	0	0
sim.351.057	none	0	0	0	0	0	0	0	0	0	1	0	24	8	21
sim.352.057	none	0	0	0	0	0	0	0	0	0	0	0	6	4	3
sim.353.057	none	5	0	0	0	0	0	0	0	0	0	0	0	0	0
sim.354.057	none	3	14	0	0	2	1	3	1	0	0	0	0	0	0
sim.355.057	none	1	6	0	0	0	0	0	2	1	0	0	0	0	0
sim.356.057	none	0	0	0	0	0	0	0	0	0	7	6	0	0	0
sim.357.057	none	0	0	0	0	0	0	0	0	0	0	0	0	10	2
sim.358.057	none	11	20	47	14	16	18	5	7	14	0	0	0	0	0
sim.359.057	none	0	9	18	12	1	0	1	12	15	0	0	0	0	0
sim.36.057	none	0	0	0	0	0	0	0	0	0	38	23	9	6	6
sim.360.057	none	24	38	34	23	7	7	12	37	34	0	0	0	0	0
sim.361.057	none	44	44	0	1	0	0	0	0	0	0	0	0	0	0
sim.362.057	none	0	0	0	0	0	0	0	0	0	0	5	0	0	0
sim.363.057	none	0	0	0	0	0	0	0	0	0	4	32	0	0	0
sim.364.057	none	0	0	14	4	31	33	21	2	0	0	0	0	0	0
sim.365.057	none	0	0	0	0	0	0	0	0	0	10	4	0	0	0
sim.366.057	none	0	0	0	0	0	0	0	0	0	0	8	23	9	4
sim.367.057	none	0	0	0	0	0	0	0	0	0	0	2	8	18	10
sim.368.057	none	0	0	0	0	0	0	0	0	0	0	0	15	0	8
sim.369.057	none	0	4	29	0	11	5	26	1	12	0	0	0	0	0
sim.37.057	none	2	22	16	5	7	5	22	7	12	0	0	4	24	39
sim.370.057	none	0	0	0	0	0	0	0	0	0	15	5	7	7	10
sim.371.057	none	0	0	0	0	0	0	0	0	0	13	4	0	0	0
sim.372.057	none	1	27	6	8	8	18	12	19	6	0	0	0	0	0
sim.373.057	none	0	0	0	0	0	0	0	0	0	0	0	2	16	17
sim.374.057	none	0	0	0	0	0	0	0	0	0	6	6	10	0	7
sim.375.057	none	0	0	0	0	0	0	0	0	0	3	25	0	0	0
sim.376.057	none	29	24	24	44	30	37	29	33	38	0	0	0	0	0
sim.377.057	none	0	0	0	0	0	0	0	0	0	27	60	0	0	0
sim.378.057	none	0	0	0	0	0	0	0	0	0	19	14	17	15	7
sim.379.057	none	9	5	0	10	4	9	3	7	6	5	8	6	3	1
sim.38.057	none	0	0	0	0	0	0	0	0	0	9	37	15	2	3
sim.380.057	none	0	0	0	0	0	0	0	0	0	0	0	8	10	21
sim.381.057	none	0	0	0	0	0	0	0	0	0	8	2	0	0	0
sim.382.057	none	0	1	16	7	7	21	5	4	2	0	0	0	0	0
sim.383.057	none	0	0	0	0	0	0	0	0	0	0	2	0	3	0
sim.384.057	none	18	20	5	10	2	13	6	8	7	0	0	0	0	0
sim.385.057	none	20	6	38	14	22	25	22	23	17	0	0	2	0	0
sim.386.057	none	4	29	3	18	10	12	22	3	10	0	0	0	0	0
sim.387.057	none	0	0	0	0	0	0	0	0	0	0	0	17	9	12
sim.388.057	none	0	0	0	0	0	0	0	0	0	59	32	26	21	29
sim.389.057	none	23	4	11	17	30	21	27	6	14	0	0	0	0	0
sim.39.057	none	0	0	0	0	0	0	0	0	0	53	54	14	21	44
sim.390.057	none	14	23	12	10	29	34	25	51	14	0	0	0	0	0
sim.391.057	none	18	23	10	12	0	1	9	0	2	0	0	0	0	0
sim.392.057	none	7	12	2	0	0	0	3	0	0	0	0	0	0	0
sim.393.057	none	18	44	27	4	4	4	7	1	5	0	0	0	0	0
sim.394.057	none	0	0	0	0	0	0	0	0	0	10	8	1	0	0
sim.395.057	none	0	0	5	1	0	0	0	0	0	0	0	0	0	0
sim.396.057	none	21	34	2	0	0	0	0	11	0	0	0	0	0	0
sim.397.057	none	0	0	0	0	0	0	0	0	0	0	0	1	11	10
sim.398.057	none	0	0	0	0	0	0	0	0	0	0	0	9	17	25
sim.399.057	none	0	0	0	1	1	6	6	9	1	0	0	0	0	0
sim.4.057	none	0	0	0	0	0	0	0	0	0	8	11	2	5	11
sim.40.057	none	0	0	0	0	0	0	0	0	0	8	3	3	10	2
sim.400.057	none	0	0	0	0	0	0	0	0	0	0	0	0	3	12
sim.401.057	none	0	1	15	20	12	4	8	0	0	0	0	0	0	0
sim.402.057	none	3	1	20	19	15	29	9	18	39	0	8	1	14	17
sim.403.057	none	19	9	41	57	47	38	40	53	54	0	0	0	0	0
sim.404.057	none	0	0	0	0	0	0	0	0	0	0	0	7	6	25
sim.405.057	none	0	0	0	0	0	0	0	0	0	13	16	0	0	0
sim.406.057	none	0	0	0	0	0	0	0	0	0	13	30	44	50	53
sim.407.057	none	9	3	0	0	0	0	0	0	0	0	0	0	0	0
sim.408.057	none	13	34	0	0	0	0	0	0	0	0	0	0	0	0
sim.409.057	none	0	0	0	0	0	0	0	0	0	29	28	22	26	29
sim.41.057	none	27	6	16	0	14	9	16	13	6	0	0	0	0	0
sim.410.057	none	0	0	2	12	1	1	2	3	0	0	0	0	0	0
sim.411.057	none	0	0	0	0	0	0	0	0	0	52	22	12	5	4
sim.412.057	none	0	3	3	2	3	0	11	10	14	0	0	0	0	0
sim.413.057	none	0	0	0	0	0	0	0	0	0	2	7	1	7	0
sim.414.057	none	0	0	0	0	0	0	0	0	0	59	39	0	7	11
sim.415.057	none	0	0	0	0	0	0	0	0	0	27	21	23	7	22
sim.416.057	none	0	0	0	0	0	0	0	0	0	6	0	22	13	9
sim.417.057	none	35	31	10	37	17	14	36	24	10	0	0	0	0	0
sim.418.057	none	0	0	0	0	0	0	0	4	4	0	0	0	0	0
sim.419.057	none	6	14	20	9	23	26	37	27	22	0	0	0	0	0
sim.42.057	none	13	34	44	24	2	4	4	5	13	2	32	0	14	10
sim.420.057	none	8	20	0	0	4	9	6	6	7	0	0	0	0	0
sim.421.057	none	6	0	0	0	0	0	0	0	0	0	0	0	0	0
sim.422.057	none	2	2	25	4	24	14	11	8	11	0	0	0	0	0
sim.423.057	none	1	7	0	0	0	0	0	0	0	2	0	0	0	0
sim.424.057	none	8	12	3	7	1	1	10	18	28	0	0	0	0	0
sim.425.057	none	0	0	0	0	0	0	0	0	0	0	0	0	14	6
sim.426.057	none	0	0	0	0	0	0	0	0	0	6	3	11	5	17
sim.427.057	none	2	5	42	28	26	30	35	44	24	0	0	0	0	0
sim.428.057	none	0	0	0	0	0	0	0	0	0	21	7	0	0	4
sim.429.057	none	2	1	2	1	4	6	8	0	2	0	0	0	0	0
sim.43.057	none	0	0	0	0	0	0	0	0	0	0	0	6	7	5
sim.430.057	none	10	20	0	0	0	0	0	0	0	0	0	0	0	0
sim.431.057	none	0	0	0	0	0	0	0	0	0	31	35	0	0	0
sim.432.057	none	22	26	13	8	6	0	2	2	5	0	0	0	0	0
sim.433.057	none	5	0	16	24	3	5	16	3	3	0	0	0	0	0
sim.434.057	none	0	0	0	0	0	0	0	0	0	3	0	2	0	0
sim.435.057	none	4	8	9	29	8	2	21	1	14	0	0	0	0	0
sim.436.057	none	0	0	0	15	4	8	8	0	0	0	0	0	0	0
sim.437.057	none	0	3	4	0	2	0	0	4	8	0	0	0	0	0
sim.438.057	none	3	11	25	10	10	14	1	1	2	0	0	0	0	0
sim.439.057	none	0	0	13	0	12	18	4	7	7	0	0	0	0	0
sim.44.057	none	32	7	22	17	24	20	8	20	28	0	0	28	11	4
sim.440.057	none	0	0	0	0	0	0	0	0	0	1	7	39	28	26
sim.441.057	none	12	38	29	18	38	16	24	22	12	0	0	0	0	0
sim.442.057	none	13	27	17	16	18	23	16	8	7	0	0	0	0	0
sim.443.057	none	10	7	0	0	0	0	0	2	0	0	0	0	0	0
sim.444.057	none	7	0	9	1	0	0	0	0	0	0	0	0	0	0
sim.445.057	none	0	8	6	14	11	14	11	4	4	0	0	0	0	0
sim.446.057	none	0	0	0	0	0	0	0	0	0	0	18	0	0	0
sim.447.057	none	24	22	36	44	20	19	10	39	62	0	0	0	0	0
sim.448.057	none	0	0	0	0	0	0	0	0	0	14	12	0	0	0
sim.449.057	none	42	6	5	23	20	13	21	17	25	0	0	0	0	0
sim.45.057	none	17	19	10	11	3	0	7	3	10	0	0	0	0	0
sim.450.057	none	0	0	0	0	0	0	0	0	0	3	9	13	0	3
sim.451.057	none	0	0	0	0	0	0	0	0	0	31	23	16	16	16
sim.452.057	none	13	9	0	7	2	2	0	3	2	0	0	0	0	0
sim.453.057	none	1	6	10	4	22	7	19	3	1	0	0	0	0	0
sim.454.057	none	3	4	5	8	2	2	4	3	7	0	2	0	0	0
sim.455.057	none	0	0	0	0	0	0	0	0	0	9	10	0	0	6
sim.456.057	none	5	0	0	0	0	0	0	0	0	0	0	0	0	0
sim.457.057	none	0	0	0	0	0	0	0	0	0	0	0	0	1	16
sim.458.057	none	0	0	0	0	0	0	0	0	0	6	10	13	44	82
sim.459.057	none	0	0	0	0	0	0	0	0	0	14	17	24	42	44
sim.46.057	none	8	2	0	0	0	0	0	0	0	0	0	0	0	0
sim.460.057	none	0	0	0	7	0	0	1	0	0	0	0	0	0	0
sim.461.057	none	0	0	0	0	0	0	0	0	0	0	5	20	21	36
sim.462.057	none	0	0	0	0	0	0	0	0	0	10	0	0	0	0
sim.463.057	none	40	22	0	4	10	10	8	5	12	0	0	0	0	0
sim.464.057	none	0	6	57	17	38	25	43	25	13	0	0	0	14	23
sim.465.057	none	0	0	1	1	3	1	3	3	7	0	0	0	0	0
sim.466.057	none	6	12	11	8	7	12	24	5	3	0	0	0	0	0
sim.467.057	none	0	0	0	0	0	0	0	0	0	2	0	30	9	1
sim.468.057	none	20	15	62	67	71	74	40	67	103	0	0	0	0	0
sim.469.057	none	0	0	0	0	0	0	0	0	0	2	12	12	11	3
sim.47.057	none	0	0	0	0	0	0	0	0	0	0	0	22	27	10
sim.470.057	none	0	0	0	0	0	0	0	0	0	0	0	0	11	17
sim.471.057	none	0	0	0	0	0	0	0	0	0	26	20	36	19	2
sim.472.057	none	0	0	0	0	0	0	0	0	0	0	0	47	24	26
sim.473.057	none	0	0	0	0	0	0	0	0	0	10	18	9	12	11
sim.474.057	none	0	0	0	0	0	0	0	0	0	0	10	24	0	14
sim.475.057	none	0	0	0	0	0	0	0	0	0	0	16	14	19	16
sim.476.057	none	4	0	5	7	3	0	8	3	5	0	0	0	0	0
sim.477.057	none	4	0	12	13	22	19	20	15	16	0	0	0	0	0
sim.478.057	none	0	0	16	16	5	5	20	19	15	0	0	0	0	0
sim.479.057	none	0	0	0	0	0	0	0	0	0	2	4	12	8	28
sim.48.057	none	0	0	0	0	0	0	0	0	0	14	9	7	4	4
sim.480.057	none	4	15	29	15	11	2	20	17	28	0	0	0	0	0
sim.481.057	none	18	15	15	21	11	15	11	17	9	0	0	0	0	0
sim.482.057	none	0	0	0	0	0	0	0	0	0	2	4	0	0	0
sim.483.057	none	0	0	0	0	0	0	0	0	0	7	0	0	0	0
sim.484.057	none	0	0	0	0	0	0	0	0	0	0	0	2	15	27
sim.485.057	none	0	0	0	0	0	0	0	0	0	17	5	0	0	0
sim.486.057	none	0	0	0	0	0	0	0	0	0	6	1	0	0	0
sim.487.057	none	12	13	41	60	32	38	38	33	32	0	0	0	0	0
sim.488.057	none	12	6	0	0	3	1	0	1	1	0	0	0	0	0
sim.489.057	none	17	22	22	22	32	38	17	16	17	0	0	0	0	0
sim.49.057	none	2	0	3	20	3	4	0	18	13	0	0	0	0	0
sim.490.057	none	0	0	3	20	7	12	11	4	9	0	0	0	0	0
sim.491.057	none	0	0	0	0	0	0	0	0	0	36	53	36	35	27
sim.492.057	none	6	0	0	0	0	0	0	4	8	0	0	0	0	0
sim.493.057	none	20	0	1	0	16	6	7	4	9	0	0	0	0	0
sim.494.057	none	0	0	0	0	0	0	0	0	0	0	0	23	12	10
sim.495.057	none	0	0	0	0	0	0	0	0	0	0	4	17	10	42
sim.496.057	none	0	0	0	0	0	0	0	0	0	8	0	0	0	0
sim.497.057	none	8	7	0	4	21	16	1	0	4	0	0	0	0	0
sim.498.057	none	8	0	7	20	3	1	3	1	3	0	0	0	0	0
sim.499.057	none	34	30	24	9	20	21	7	11	18	0	0	6	3	3
sim.5.057	none	0	0	0	0	0	0	0	0	0	0	0	8	2	5
sim.50.057	none	0	3	20	7	9	14	4	12	6	0	0	0	0	0
sim.500.057	none	0	0	21	7	10	37	32	19	11	0	0	0	0	0
sim.501.057	none	0	0	0	8	0	0	0	7	2	0	0	0	0	0
sim.502.057	none	0	0	0	0	0	0	0	0	0	12	16	23	4	11
sim.503.057	none	11	13	2	3	25	14	10	11	33	0	0	0	0	0
sim.504.057	none	0	0	0	0	0	0	0	0	0	6	1	0	0	0
sim.505.057	none	0	0	0	0	0	0	0	0	0	5	15	21	9	21
sim.506.057	none	0	0	0	0	0	0	0	0	0	32	50	44	19	17
sim.507.057	none	0	0	0	0	0	0	0	0	0	7	1	0	0	0
sim.508.057	none	8	16	15	24	32	24	37	50	20	0	0	0	0	0
sim.509.057	none	0	0	0	0	0	0	0	0	0	1	18	40	49	65
sim.51.057	none	5	4	1	3	7	11	0	13	9	0	0	0	0	0
sim.510.057	none	0	0	0	0	0	0	0	0	0	0	0	1	16	20
sim.511.057	none	0	0	0	0	0	0	0	0	0	5	5	4	7	1
sim.512.057	none	13	5	17	21	52	75	59	6	2	0	0	0	0	0
sim.513.057	none	0	0	0	0	0	0	0	0	0	14	20	2	20	27
sim.514.057	none	12	35	59	18	22	23	51	29	78	0	0	0	0	0
sim.515.057	none	2	0	15	1	17	16	11	18	15	0	0	0	0	0
sim.516.057	none	0	0	0	0	0	0	0	0	0	0	9	0	0	0
sim.517.057	none	43	34	16	9	29	25	19	10	11	0	0	0	0	0
sim.518.057	none	0	0	3	13	15	10	24	7	3	0	0	0	0	0
sim.519.057	none	0	0	0	0	0	0	0	0	0	8	5	21	7	19
sim.52.057	none	0	0	0	0	0	0	0	0	0	7	73	59	12	21
sim.520.057	none	12	4	15	8	4	6	12	13	4	0	0	0	0	0
sim.521.057	none	26	24	5	15	18	14	8	21	24	0	0	0	0	0
sim.522.057	none	0	12	0	0	0	0	0	0	0	0	0	0	0	0
sim.523.057	none	0	0	0	0	0	0	0	0	0	6	9	0	0	0
sim.524.057	none	4	3	27	22	31	57	27	15	45	0	0	0	0	0
sim.525.057	none	15	32	42	26	54	51	39	33	53	0	0	0	0	0
sim.526.057	none	19	10	0	2	1	4	11	2	1	0	0	0	0	0
sim.527.057	none	0	8	33	23	61	48	38	14	33	0	0	0	0	0
sim.528.057	none	3	3	0	0	0	0	0	2	0	0	0	0	0	0
sim.529.057	none	0	0	0	0	0	0	0	0	0	1	0	9	3	4
sim.53.057	none	0	2	4	10	1	5	16	5	16	0	0	0	0	0
sim.530.057	none	0	0	11	5	8	15	4	5	3	0	0	0	0	0
sim.531.057	none	0	0	0	0	0	0	0	0	0	0	0	20	19	22
sim.532.057	none	0	0	0	0	0	0	0	0	0	0	0	18	8	10
sim.533.057	none	17	2	4	11	6	13	15	4	2	0	0	0	0	0
sim.534.057	none	0	0	0	0	0	0	0	0	0	10	3	1	9	7
sim.535.057	none	0	0	42	15	38	20	22	12	16	0	0	0	0	0
sim.536.057	none	0	0	0	0	0	0	0	0	0	0	0	5	7	7
sim.537.057	none	0	0	0	0	0	0	0	0	0	4	11	0	3	0
sim.538.057	none	0	0	0	0	0	0	0	0	0	29	28	40	62	47
sim.539.057	none	61	29	18	30	13	11	24	16	18	0	0	0	0	0
sim.54.057	none	11	14	2	0	11	7	11	12	7	0	0	0	0	0
sim.540.057	none	0	0	0	0	0	0	0	0	0	12	25	0	0	0
sim.541.057	none	3	6	29	6	0	0	2	34	27	0	0	0	0	0
sim.542.057	none	0	0	0	0	0	0	0	0	0	12	49	0	2	6
sim.543.057	none	0	0	0	0	0	0	0	0	0	0	1	18	16	24
sim.544.057	none	0	0	0	11	1	1	8	1	1	0	0	0	0	0
sim.545.057	none	0	0	0	0	0	0	0	0	0	0	0	11	4	0
sim.546.057	none	0	0	0	0	0	0	0	0	0	38	81	29	5	7
sim.547.057	none	4	1	0	0	3	1	2	5	29	0	0	0	0	0
sim.548.057	none	23	5	17	9	19	16	5	12	12	0	0	0	0	0
sim.549.057	none	101	79	92	71	70	78	51	61	98	0	0	0	0	0
sim.55.057	none	0	0	0	3	0	0	0	0	4	0	0	0	0	0
sim.550.057	none	0	2	2	1	0	4	2	17	41	0	0	0	0	0
sim.551.057	none	0	0	18	12	5	7	9	0	0	0	0	0	0	0
sim.552.057	none	2	0	0	2	0	0	0	10	0	34	42	31	28	70
sim.553.057	none	13	24	13	16	17	12	11	13	5	0	0	0	0	0
sim.554.057	none	0	0	0	0	0	0	0	0	0	38	18	5	10	17
sim.555.057	none	0	0	0	0	0	0	0	0	0	37	8	0	0	0
sim.556.057	none	0	0	0	0	0	0	0	0	0	14	5	0	0	0
sim.557.057	none	0	0	0	0	0	0	0	0	0	13	13	0	0	0
sim.558.057	none	0	0	0	0	0	0	0	0	0	6	9	12	19	31
sim.559.057	none	9	5	5	20	14	24	14	13	7	0	0	0	0	0
sim.56.057	none	0	0	0	0	0	0	0	0	0	6	0	0	11	11
sim.560.057	none	0	0	0	0	0	0	0	0	0	0	0	5	12	12
sim.561.057	none	13	2	8	2	0	0	6	0	2	0	0	0	0	0
sim.562.057	none	0	0	0	0	0	0	0	0	0	0	0	15	8	2
sim.563.057	none	0	0	0	0	0	0	0	0	0	1	0	9	16	24
sim.564.057	none	5	10	0	0	3	1	7	8	11	0	0	0	0	0
sim.565.057	none	0	0	7	2	4	1	1	0	5	0	0	0	0	0
sim.566.057	none	0	0	0	0	0	0	0	0	0	19	11	21	9	4
sim.567.057	none	19	13	23	13	19	15	15	25	46	0	0	0	0	0
sim.568.057	none	0	0	2	12	0	1	0	4	7	0	0	0	0	0
sim.569.057	none	0	0	0	0	0	0	0	0	0	6	13	12	10	20
sim.57.057	none	0	0	0	0	0	0	0	0	0	10	19	17	2	5
sim.570.057	none	0	0	0	0	0	0	0	0	0	18	0	20	31	43
sim.571.057	none	0	0	0	0	0	0	0	0	0	2	2	3	0	0
sim.572.057	none	0	0	0	0	0	0	0	0	0	44	15	0	0	0
sim.573.057	none	0	0	0	0	0	0	0	0	0	18	8	18	39	47
sim.574.057	none	0	8	4	0	2	6	3	0	0	0	0	0	0	0
sim.575.057	none	0	4	2	4	1	1	2	0	0	0	0	0	0	0
sim.576.057	none	0	0	0	0	0	0	0	0	0	0	21	18	18	21
sim.577.057	none	3	30	0	0	0	0	0	0	0	10	1	12	15	9
sim.578.057	none	0	0	1	5	2	6	9	6	7	0	0	0	0	0
sim.579.057	none	0	0	0	0	0	0	0	0	0	0	2	6	14	0
sim.58.057	none	45	24	44	34	27	41	27	22	34	0	0	0	0	0
sim.580.057	none	39	113	88	43	50	51	64	89	94	0	0	0	0	0
sim.581.057	none	0	0	0	0	0	0	0	0	0	6	0	0	0	0
sim.582.057	none	13	29	21	16	3	4	1	5	5	0	0	0	0	0
sim.583.057	none	0	0	0	0	0	2	0	12	17	0	0	0	0	0
sim.584.057	none	0	0	13	5	0	0	6	0	11	0	0	0	0	0
sim.585.057	none	0	0	0	0	0	0	0	0	0	7	0	0	0	0
sim.586.057	none	0	0	0	0	0	0	0	0	0	20	17	2	18	4
sim.587.057	none	0	0	0	0	0	0	0	0	0	53	47	4	12	9
sim.588.057	none	0	0	0	0	0	0	0	0	0	6	3	2	27	22
sim.589.057	none	4	2	22	8	23	28	11	18	44	0	0	0	0	0
sim.59.057	none	26	33	0	11	1	8	1	9	12	0	0	0	0	0
sim.590.057	none	0	0	0	0	0	0	0	0	0	0	0	1	18	4
sim.591.057	none	0	0	0	0	0	0	0	0	0	6	29	21	55	36
sim.592.057	none	0	0	0	0	0	0	0	0	0	32	12	2	26	17
sim.593.057	none	0	0	0	0	0	0	0	0	0	3	4	0	0	0
sim.594.057	none	0	0	0	0	0	0	0	0	0	0	0	14	1	2
sim.595.057	none	5	4	6	43	6	7	9	17	28	0	0	0	0	0
sim.596.057	none	0	0	0	0	0	0	0	0	0	41	13	47	68	37
sim.597.057	none	43	39	4	12	5	3	14	10	3	0	0	0	0	0
sim.598.057	none	0	0	0	2	8	6	7	5	10	0	0	0	0	0
sim.599.057	none	0	0	0	0	0	0	0	0	0	6	34	14	9	4
sim.6.057	none	26	16	17	11	20	13	18	8	13	11	14	3	3	1
sim.60.057	none	30	64	10	10	9	10	9	0	1	0	0	0	0	0
sim.600.057	none	0	0	0	0	0	0	0	0	0	24	22	0	0	0
sim.601.057	none	22	4	0	5	13	19	12	4	3	0	0	0	0	0
sim.602.057	none	11	9	3	9	0	1	0	8	28	0	1	32	22	34
sim.603.057	none	0	0	0	0	0	0	0	0	0	3	0	13	11	3
sim.604.057	none	0	0	0	0	0	0	0	0	0	21	24	17	29	20
sim.605.057	none	5	20	1	22	14	14	8	15	16	0	0	24	73	49
sim.606.057	none	19	42	15	7	10	22	22	0	0	0	0	0	0	0
sim.607.057	none	40	62	0	4	0	0	5	2	0	0	0	0	0	0
sim.608.057	none	0	0	0	0	0	0	0	0	0	0	0	0	4	5
sim.609.057	none	0	0	0	0	0	0	0	0	0	0	4	39	80	45
sim.61.057	none	0	0	11	15	16	10	20	0	3	10	4	3	5	1
sim.610.057	none	8	7	0	0	5	1	0	0	0	0	0	0	0	0
sim.611.057	none	10	16	8	5	2	1	0	1	0	0	0	0	0	0
sim.612.057	none	0	0	0	0	0	0	0	0	0	0	1	13	16	23
sim.613.057	none	15	12	0	1	0	0	0	13	10	3	0	5	7	4
sim.614.057	none	0	0	0	0	11	10	1	0	0	0	0	0	0	0
sim.615.057	none	25	8	21	2	5	3	1	10	3	0	0	0	0	0
sim.616.057	none	6	11	8	3	7	5	7	8	7	0	0	0	0	0
sim.617.057	none	0	0	0	0	0	0	0	0	0	3	0	8	3	7
sim.618.057	none	0	0	0	0	0	0	0	0	0	14	14	13	42	25
sim.619.057	none	22	18	25	24	21	18	12	14	3	0	0	0	0	0
sim.62.057	none	21	30	28	6	23	35	25	10	19	0	0	0	0	0
sim.620.057	none	0	0	0	0	0	0	0	0	0	20	17	63	72	76
sim.621.057	none	0	0	0	0	0	0	0	0	0	0	0	6	0	0
sim.622.057	none	0	0	0	0	0	0	0	0	0	0	0	1	3	3
sim.623.057	none	0	0	0	0	0	0	0	0	0	13	5	53	21	21
sim.624.057	none	0	0	0	0	0	0	0	0	0	0	0	10	0	0
sim.625.057	none	12	17	30	23	14	22	7	23	39	0	0	0	0	0
sim.626.057	none	0	0	0	0	0	0	0	0	0	9	15	20	27	33
sim.627.057	none	0	0	0	0	0	0	0	0	0	11	15	33	41	31
sim.628.057	none	0	0	0	0	0	0	0	0	0	30	3	8	1	3
sim.629.057	none	0	0	0	0	0	0	0	0	0	36	8	34	17	8
sim.63.057	none	0	0	0	0	0	0	0	0	0	5	29	44	11	26
sim.630.057	none	0	0	14	2	4	2	2	18	20	0	0	0	0	0
sim.631.057	none	0	0	0	0	0	0	0	0	0	28	0	0	0	0
sim.632.057	none	20	15	11	13	21	28	23	18	11	0	0	0	0	0
sim.633.057	none	0	0	18	0	4	10	9	12	13	0	0	0	0	0
sim.634.057	none	0	0	0	0	0	0	0	0	0	0	0	0	4	21
sim.635.057	none	31	4	32	19	14	9	4	12	6	0	0	0	0	0
sim.636.057	none	0	0	0	0	0	0	0	0	0	10	0	0	0	0
sim.637.057	none	22	26	0	1	7	3	2	3	0	0	0	0	0	0
sim.638.057	none	0	0	0	0	0	0	0	0	0	10	2	4	0	4
sim.639.057	none	0	0	0	0	0	0	0	0	0	9	0	0	13	17
sim.64.057	none	10	0	4	1	1	1	5	13	21	0	0	0	0	0
sim.640.057	none	5	0	0	0	0	0	0	0	0	0	0	0	0	0
sim.641.057	none	0	0	0	0	0	0	0	0	0	0	0	10	6	10
sim.642.057	none	0	0	0	0	0	0	0	0	0	69	6	26	5	10
sim.643.057	none	39	44	14	7	5	4	4	38	22	0	0	0	0	0
sim.644.057	none	23	10	5	9	0	0	0	33	14	0	0	0	0	0
sim.645.057	none	0	0	0	0	0	0	0	0	0	0	7	4	1	4
sim.646.057	none	0	0	0	0	0	0	0	0	0	25	67	5	3	17
sim.647.057	none	0	0	0	0	0	0	0	0	0	0	0	2	0	3
sim.648.057	none	0	0	0	0	0	0	0	0	0	0	0	0	5	3
sim.649.057	none	4	8	19	13	11	4	16	0	10	0	0	4	11	3
sim.65.057	none	0	0	0	0	0	0	0	0	0	10	16	0	0	0
sim.650.057	none	0	0	0	0	0	0	0	0	0	42	13	4	12	24
sim.651.057	none	0	0	0	0	0	0	0	0	0	0	1	7	14	13
sim.652.057	none	0	0	0	0	0	0	0	0	0	17	25	8	9	4
sim.653.057	none	0	0	0	0	0	0	0	0	0	0	0	12	2	12
sim.654.057	none	0	0	0	0	0	0	0	0	0	3	6	19	11	16
sim.655.057	none	0	0	0	0	0	0	0	0	0	0	0	20	9	6
sim.656.057	none	0	0	0	0	0	0	0	0	0	5	8	1	0	0
sim.657.057	none	0	0	0	0	0	0	0	0	0	0	0	1	3	0
sim.658.057	none	29	43	11	2	3	2	5	4	11	0	0	0	0	0
sim.659.057	none	0	1	1	10	17	25	14	6	0	0	0	0	0	0
sim.66.057	none	0	0	0	0	0	0	0	0	0	44	36	37	14	36
sim.660.057	none	0	0	0	0	0	0	0	0	0	0	0	0	2	16
sim.661.057	none	0	0	0	0	0	0	0	0	0	44	27	29	3	12
sim.662.057	none	0	0	0	0	0	0	0	0	0	4	27	1	0	0
sim.663.057	none	0	0	11	25	6	5	10	13	1	3	2	10	13	19
sim.664.057	none	19	17	32	15	19	17	41	18	49	0	0	0	0	0
sim.665.057	none	10	8	0	0	0	0	0	0	0	0	0	0	0	0
sim.666.057	none	0	2	12	10	12	3	5	3	6	0	0	0	0	0
sim.667.057	none	13	5	30	7	16	20	11	9	12	0	0	0	0	0
sim.668.057	none	0	0	0	0	0	0	0	0	0	26	16	14	54	34
sim.669.057	none	0	0	0	0	0	0	0	0	0	14	15	28	0	0
sim.67.057	none	24	57	29	54	33	35	14	25	28	0	0	0	0	0
sim.670.057	none	1	0	7	12	19	10	6	6	2	0	0	0	0	0
sim.671.057	none	2	16	0	13	0	0	2	13	29	2	12	0	0	0
sim.672.057	none	0	0	0	0	0	0	0	0	0	0	0	1	6	19
sim.673.057	none	0	0	0	0	0	0	0	0	0	20	7	0	0	0
sim.674.057	none	31	46	17	24	27	29	17	12	9	0	0	23	19	18
sim.675.057	none	0	6	5	33	49	32	40	3	9	0	0	0	0	0
sim.676.057	none	0	0	0	0	0	0	0	0	0	22	11	67	11	11
sim.677.057	none	0	0	0	0	0	0	0	0	0	1	13	1	35	9
sim.678.057	none	9	6	2	0	1	1	2	4	0	0	0	0	0	0
sim.679.057	none	0	0	0	0	0	0	0	0	0	1	50	13	5	12
sim.68.057	none	5	10	0	0	0	0	0	2	9	0	0	0	0	0
sim.680.057	none	0	0	0	2	3	2	23	5	15	0	0	0	0	0
sim.681.057	none	0	0	0	0	0	0	0	0	0	0	0	8	0	0
sim.682.057	none	0	0	0	0	0	0	0	0	0	8	27	0	0	0
sim.683.057	none	0	0	0	0	0	0	0	0	0	1	4	0	6	11
sim.684.057	none	3	0	9	16	5	25	16	11	14	0	0	0	0	0
sim.685.057	none	0	0	0	0	0	0	0	0	0	0	0	8	0	0
sim.686.057	none	2	1	14	22	27	32	20	4	5	0	0	0	0	0
sim.687.057	none	15	12	47	50	23	25	35	49	50	0	0	0	0	0
sim.688.057	none	0	0	0	0	0	0	0	0	0	7	2	0	17	6
sim.689.057	none	0	0	0	0	0	0	0	0	0	21	23	22	40	22
sim.69.057	none	0	0	0	0	0	0	0	0	0	20	31	19	18	5
sim.690.057	none	0	0	0	0	0	0	0	0	0	37	41	38	65	63
sim.691.057	none	3	12	16	10	24	28	21	4	0	0	0	0	0	0
sim.692.057	none	10	12	7	8	17	22	23	16	5	0	0	0	0	0
sim.693.057	none	99	102	59	19	33	35	32	52	48	0	0	0	0	0
sim.694.057	none	0	0	0	0	0	0	0	0	0	22	9	30	61	42
sim.695.057	none	0	0	0	0	0	0	0	0	0	0	0	18	6	8
sim.696.057	none	18	5	0	6	5	11	10	0	0	0	0	0	0	0
sim.697.057	none	0	0	0	4	12	12	3	2	3	0	0	0	0	0
sim.698.057	none	0	0	0	0	0	0	0	0	0	0	0	28	3	3
sim.699.057	none	0	0	14	4	0	0	2	29	24	0	0	0	0	0
sim.7.057	none	5	0	0	2	3	2	1	15	9	0	0	0	0	0
sim.70.057	none	8	1	0	4	0	0	2	1	1	0	0	0	0	0
sim.700.057	none	0	0	0	0	0	0	0	0	0	25	2	28	13	8
sim.701.057	none	0	0	0	0	0	0	0	0	0	16	49	0	0	0
sim.702.057	none	0	0	0	0	0	0	0	0	0	6	3	16	11	0
sim.703.057	none	3	0	22	2	1	3	0	3	9	0	0	0	0	0
sim.704.057	none	79	134	107	82	55	71	64	56	106	0	0	0	0	0
sim.705.057	none	12	5	0	0	0	0	0	0	0	11	14	0	15	0
sim.706.057	none	1	7	23	9	8	10	17	9	8	0	0	0	0	0
sim.707.057	none	33	48	0	23	10	3	4	18	11	0	0	0	0	0
sim.708.057	none	12	10	2	0	0	0	0	0	0	0	25	3	7	34
sim.709.057	none	2	41	36	34	19	18	24	4	5	0	0	0	0	0
sim.71.057	none	0	0	0	0	0	0	0	0	0	24	3	5	4	26
sim.710.057	none	0	0	0	0	0	0	0	0	0	14	6	0	2	0
sim.711.057	none	11	6	2	1	6	11	3	16	8	41	69	56	50	54
sim.712.057	none	0	0	0	0	0	0	0	0	0	0	0	1	3	1
sim.713.057	none	0	0	0	0	0	0	0	0	0	10	2	0	0	0
sim.714.057	none	0	0	27	0	0	0	0	0	0	0	0	0	0	0
sim.715.057	none	0	0	0	0	0	0	0	0	0	3	14	25	10	13
sim.716.057	none	21	4	12	7	0	4	9	4	17	0	0	0	0	0
sim.717.057	none	0	0	0	0	0	0	0	0	0	3	0	1	0	0
sim.718.057	none	0	0	0	0	0	0	0	0	0	6	0	0	0	0
sim.719.057	none	0	0	0	0	0	0	0	0	0	4	4	11	15	4
sim.72.057	none	0	0	0	0	0	0	0	0	0	11	3	0	17	10
sim.720.057	none	0	0	0	0	0	0	0	0	0	24	21	12	6	11
sim.721.057	none	37	36	18	19	5	7	14	56	37	0	0	0	0	0
sim.722.057	none	7	2	6	9	25	9	3	8	19	0	0	0	0	0
sim.723.057	none	0	0	0	0	0	0	0	0	0	9	10	0	0	0
sim.724.057	none	0	0	0	0	0	0	0	0	0	18	11	9	3	5
sim.725.057	none	6	8	5	0	10	8	3	11	10	43	61	17	16	26
sim.726.057	none	25	43	26	32	10	10	0	0	0	0	0	0	0	0
sim.727.057	none	58	31	5	16	10	15	5	11	7	0	0	0	0	0
sim.728.057	none	0	0	0	0	0	0	0	0	0	0	0	27	9	6
sim.729.057	none	9	10	0	3	0	0	0	0	0	0	0	0	0	0
sim.73.057	none	0	0	0	0	0	0	0	0	0	34	15	4	9	10
sim.730.057	none	35	40	64	10	23	14	18	12	4	0	0	0	0	0
sim.731.057	none	4	6	30	11	23	33	21	16	23	0	0	0	0	0
sim.732.057	none	37	33	0	0	0	0	0	5	2	0	0	0	0	0
sim.733.057	none	0	0	0	0	0	0	0	0	0	18	21	6	0	9
sim.734.057	none	1	14	41	14	31	38	43	19	33	0	0	0	0	0
sim.735.057	none	0	0	0	0	0	0	0	0	0	0	0	19	54	41
sim.736.057	none	12	10	19	8	3	0	6	0	0	0	0	0	0	0
sim.737.057	none	27	29	18	5	36	38	18	35	13	0	0	0	0	0
sim.738.057	none	0	0	0	0	0	0	0	0	0	0	0	49	17	7
sim.739.057	none	0	0	0	0	0	0	0	0	0	9	8	44	26	20
sim.74.057	none	4	2	4	0	6	7	3	9	2	0	0	0	0	0
sim.740.057	none	0	0	0	0	0	0	0	0	0	0	0	10	4	0
sim.741.057	none	9	12	3	0	0	0	0	12	0	25	34	15	4	5
sim.742.057	none	0	0	0	0	0	0	0	0	0	0	8	0	0	0
sim.743.057	none	0	0	0	0	0	0	0	0	0	9	0	0	0	0
sim.744.057	none	0	0	0	0	0	0	0	0	0	26	7	0	0	0
sim.745.057	none	0	0	0	0	0	0	0	0	0	55	43	9	24	31
sim.746.057	none	0	0	0	0	0	0	0	0	0	0	0	4	9	9
sim.747.057	none	3	0	4	3	7	0	5	5	4	0	0	0	0	0
sim.748.057	none	33	2	23	11	18	6	15	17	16	0	0	0	0	0
sim.749.057	none	0	0	0	0	0	0	0	0	0	15	20	15	11	31
sim.75.057	none	0	15	2	2	0	1	1	8	3	0	0	0	0	0
sim.750.057	none	18	1	71	19	19	18	44	47	55	0	0	0	0	0
sim.751.057	none	0	0	0	0	0	0	0	0	0	2	10	73	60	38
sim.752.057	none	8	17	0	0	0	0	0	2	0	0	0	0	0	0
sim.753.057	none	0	0	13	5	13	7	7	3	3	0	0	0	0	0
sim.754.057	none	20	10	8	23	2	8	3	6	0	0	0	0	0	0
sim.755.057	none	0	13	11	2	3	0	0	43	7	0	0	0	0	0
sim.756.057	none	1	7	13	16	22	15	17	36	38	0	0	0	0	0
sim.757.057	none	0	0	0	0	0	0	0	0	0	11	27	26	39	36
sim.758.057	none	0	0	0	0	0	0	0	0	0	0	0	0	4	1
sim.759.057	none	0	0	0	0	0	0	0	0	0	2	2	0	6	3
sim.76.057	none	4	7	2	6	5	9	3	12	19	0	0	0	0	0
sim.760.057	none	0	0	0	0	0	0	0	0	0	24	4	31	2	13
sim.761.057	none	0	0	0	0	0	0	0	0	0	26	11	0	0	0
sim.762.057	none	0	0	0	0	0	0	0	0	0	53	37	0	0	0
sim.763.057	none	46	19	16	23	37	43	22	23	5	0	0	0	0	0
sim.764.057	none	0	0	0	0	0	0	0	0	0	12	0	0	0	0
sim.765.057	none	0	0	0	0	0	0	0	0	0	0	0	20	13	12
sim.766.057	none	3	1	0	2	0	0	7	6	5	0	0	0	0	0
sim.767.057	none	0	0	0	0	0	0	0	0	0	17	10	0	0	0
sim.768.057	none	0	0	20	21	31	26	34	18	5	0	0	0	0	0
sim.769.057	none	0	0	0	0	0	0	0	0	0	22	1	0	0	0
sim.77.057	none	0	0	0	0	0	0	0	0	0	15	0	5	0	0
sim.770.057	none	17	19	2	15	4	3	8	0	0	0	0	0	0	0
sim.771.057	none	8	36	29	10	10	20	14	0	0	0	0	0	0	0
sim.772.057	none	0	0	0	0	0	0	0	0	0	18	20	0	0	0
sim.773.057	none	0	0	0	0	0	0	0	0	0	24	11	3	62	79
sim.774.057	none	0	0	0	0	0	0	0	2	10	0	0	0	0	0
sim.775.057	none	0	0	0	0	0	0	0	0	0	0	0	1	4	2
sim.776.057	none	35	28	0	0	0	0	0	15	1	0	0	0	0	0
sim.777.057	none	0	0	0	0	0	0	0	0	0	56	21	23	14	5
sim.778.057	none	0	0	0	0	0	0	0	0	0	12	11	4	21	28
sim.779.057	none	0	0	0	0	0	0	0	0	0	15	12	22	21	21
sim.78.057	none	0	0	0	0	0	0	0	0	0	19	18	0	0	0
sim.780.057	none	0	0	0	0	0	0	0	0	0	25	34	14	43	35
sim.781.057	none	4	20	15	0	4	3	4	0	3	0	0	0	0	0
sim.782.057	none	0	0	0	0	0	0	0	0	0	42	6	9	1	3
sim.783.057	none	17	1	21	4	1	3	2	0	1	0	0	0	0	0
sim.784.057	none	0	0	0	0	0	0	0	0	0	5	15	0	0	0
sim.785.057	none	2	11	0	0	0	0	0	0	0	0	0	0	0	0
sim.786.057	none	10	3	7	21	13	7	11	14	5	0	0	0	0	0
sim.787.057	none	18	20	12	42	60	49	21	22	10	0	0	0	0	0
sim.788.057	none	0	0	4	2	8	12	10	7	6	0	0	0	0	0
sim.789.057	none	10	7	0	0	0	0	0	0	0	0	0	0	0	0
sim.79.057	none	0	0	0	0	0	0	0	0	0	14	15	13	24	14
sim.790.057	none	0	0	0	0	11	14	10	0	0	0	0	0	0	0
sim.791.057	none	0	0	0	0	0	0	0	0	0	7	6	0	0	0
sim.792.057	none	8	4	0	0	0	0	0	0	0	0	0	0	0	0
sim.793.057	none	0	0	0	0	0	0	0	0	0	0	1	18	19	29
sim.794.057	none	0	0	0	0	0	0	0	0	0	0	6	50	45	48
sim.795.057	none	42	38	25	42	24	25	26	31	14	0	0	0	0	0
sim.796.057	none	20	6	12	1	12	3	7	5	0	24	43	0	0	0
sim.797.057	none	0	0	0	0	0	0	0	0	0	6	2	0	0	0
sim.798.057	none	0	0	0	0	0	0	0	0	5	0	0	0	0	0
sim.799.057	none	0	0	0	0	0	0	0	0	0	0	0	21	4	7
sim.8.057	none	0	0	0	6	8	11	20	0	0	0	0	0	0	0
sim.80.057	none	13	1	28	26	18	24	26	11	31	0	0	0	0	0
sim.800.057	none	0	0	19	5	5	7	6	14	0	0	0	0	0	0
sim.801.057	none	0	0	15	42	14	13	9	16	9	0	0	0	0	0
sim.802.057	none	0	0	0	0	2	1	0	1	9	0	0	0	0	0
sim.803.057	none	0	0	0	0	5	2	1	4	5	11	0	0	0	0
sim.804.057	none	0	0	0	2	3	8	3	11	8	0	0	0	0	0
sim.805.057	none	22	34	12	19	7	16	13	22	3	0	0	0	0	0
sim.806.057	none	0	0	0	0	0	0	0	0	0	20	32	6	64	39
sim.807.057	none	0	0	0	0	0	0	0	0	0	26	18	0	6	0
sim.808.057	none	10	2	0	4	0	0	0	5	5	0	0	2	34	20
sim.809.057	none	0	1	2	0	0	1	9	3	1	0	0	0	0	0
sim.81.057	none	0	16	1	9	0	0	0	5	9	0	0	0	0	0
sim.810.057	none	10	19	6	2	5	6	8	13	8	0	0	0	0	0
sim.811.057	none	33	65	31	54	22	27	54	35	48	10	32	8	9	10
sim.812.057	none	10	11	0	0	0	0	0	0	1	0	0	0	0	0
sim.813.057	none	0	0	2	0	11	17	5	10	9	0	0	0	0	0
sim.814.057	none	0	0	0	0	0	0	0	0	0	0	0	0	3	7
sim.815.057	none	0	0	0	0	0	0	0	0	0	0	0	3	6	1
sim.816.057	none	0	0	0	0	0	0	0	0	0	0	29	10	0	8
sim.817.057	none	0	0	0	0	0	0	0	0	0	0	0	0	4	2
sim.818.057	none	0	0	5	8	5	8	3	12	2	0	0	0	0	0
sim.819.057	none	0	0	0	0	0	0	0	0	0	2	7	0	0	0
sim.82.057	none	34	15	42	29	35	35	31	2	7	0	0	0	0	0
sim.820.057	none	0	0	0	0	0	0	0	0	0	2	24	0	0	0
sim.821.057	none	0	0	0	0	0	0	0	0	0	20	12	50	16	19
sim.822.057	none	13	9	1	10	8	10	9	22	14	0	0	0	0	0
sim.823.057	none	1	0	0	0	8	9	6	3	3	0	0	0	0	0
sim.824.057	none	0	0	0	0	0	0	0	0	0	0	0	7	10	0
sim.825.057	none	27	4	44	16	35	28	11	12	7	2	0	0	4	6
sim.826.057	none	0	0	0	0	0	0	0	0	0	36	47	4	0	0
sim.827.057	none	0	0	0	0	0	0	0	0	0	56	20	42	63	49
sim.828.057	none	0	0	0	0	0	0	0	0	0	14	22	4	1	1
sim.829.057	none	66	34	13	5	1	2	3	20	22	0	0	0	0	0
sim.83.057	none	9	3	0	0	0	0	0	0	0	0	0	0	0	0
sim.830.057	none	23	43	25	7	1	0	7	3	2	0	0	0	0	0
sim.831.057	none	0	0	0	0	0	0	0	0	0	11	40	0	0	0
sim.832.057	none	0	0	0	0	0	0	0	0	0	52	36	11	1	5
sim.833.057	none	0	0	0	0	0	0	0	0	0	45	16	7	13	11
sim.834.057	none	0	0	0	0	0	0	0	0	0	0	0	3	18	10
sim.835.057	none	8	0	4	3	3	1	1	4	8	0	0	0	0	0
sim.836.057	none	1	19	3	21	13	8	26	17	6	0	0	0	0	0
sim.837.057	none	14	4	2	13	6	10	15	15	10	0	0	0	0	0
sim.838.057	none	26	16	0	0	0	0	0	7	11	0	0	0	0	0
sim.839.057	none	0	0	0	0	0	0	0	0	0	1	8	0	2	9
sim.84.057	none	6	2	3	0	0	0	0	0	0	0	0	0	0	0
sim.840.057	none	12	7	14	8	13	24	6	16	4	0	0	0	0	0
sim.841.057	none	18	4	2	10	18	21	37	15	6	0	0	0	0	0
sim.842.057	none	15	28	2	0	0	0	0	2	8	0	0	0	0	0
sim.843.057	none	39	10	21	9	21	25	24	19	12	0	0	0	0	0
sim.844.057	none	1	0	5	0	0	0	0	3	0	0	0	0	0	0
sim.845.057	none	6	20	0	0	0	0	0	0	0	0	0	0	0	0
sim.846.057	none	18	4	32	9	12	12	15	6	8	0	0	0	0	0
sim.847.057	none	0	0	0	0	0	0	0	0	0	2	0	32	37	60
sim.848.057	none	0	0	0	0	0	0	0	0	0	12	1	0	0	0
sim.849.057	none	0	0	0	0	0	0	0	0	0	0	0	13	17	17
sim.85.057	none	7	4	7	4	1	3	4	10	4	0	0	0	0	0
sim.850.057	none	38	29	3	7	16	21	24	26	19	25	26	0	0	0
sim.851.057	none	10	8	14	7	0	1	0	5	4	0	0	0	0	0
sim.852.057	none	0	0	17	18	15	17	12	13	4	0	0	0	0	0
sim.853.057	none	0	0	0	0	0	0	0	0	0	5	13	0	0	0
sim.854.057	none	0	7	0	0	0	0	0	0	0	0	0	0	0	0
sim.855.057	none	18	6	3	5	4	6	10	6	8	0	0	0	0	0
sim.856.057	none	8	0	0	0	0	0	0	0	0	0	0	0	0	0
sim.857.057	none	0	0	0	0	0	0	0	0	0	50	33	0	11	6
sim.858.057	none	0	0	0	0	0	0	0	0	0	5	59	2	0	0
sim.859.057	none	0	0	10	3	0	0	0	4	4	0	0	0	0	0
sim.86.057	none	28	21	36	51	27	29	56	68	24	0	0	0	0	0
sim.860.057	none	39	38	9	16	9	11	7	14	6	0	0	0	0	0
sim.861.057	none	0	4	0	0	0	0	0	0	0	0	0	0	0	0
sim.862.057	none	0	8	18	5	17	17	6	13	9	0	0	0	0	0
sim.863.057	none	38	16	26	7	5	10	14	24	24	0	0	0	0	0
sim.864.057	none	13	14	64	84	74	70	52	31	50	0	0	0	0	0
sim.865.057	none	0	0	0	0	0	0	0	0	0	19	5	8	2	1
sim.866.057	none	7	7	0	0	0	1	6	0	6	0	0	0	0	0
sim.867.057	none	0	0	0	0	0	0	0	0	0	16	15	3	8	10
sim.868.057	none	0	0	2	0	0	0	0	10	4	0	0	0	0	0
sim.869.057	none	0	0	0	0	0	0	0	0	0	15	24	19	21	16
sim.87.057	none	0	3	34	16	11	18	28	38	34	0	0	0	0	0
sim.870.057	none	0	0	0	0	0	0	0	0	0	1	4	21	40	17
sim.871.057	none	0	0	0	0	0	0	0	0	0	11	23	0	0	0
sim.872.057	none	5	17	21	22	10	8	21	24	36	0	0	0	0	0
sim.873.057	none	0	0	0	0	0	0	0	0	0	8	44	3	28	26
sim.874.057	none	0	0	0	0	0	0	0	0	0	30	26	11	4	2
sim.875.057	none	24	11	20	11	9	15	6	5	10	0	0	0	0	0
sim.876.057	none	0	0	0	0	0	0	0	0	0	9	16	32	0	0
sim.877.057	none	0	0	0	0	0	0	0	0	0	0	0	21	0	0
sim.878.057	none	0	0	0	0	0	0	0	0	0	0	27	22	24	21
sim.879.057	none	0	0	0	0	0	0	0	0	0	6	0	18	1	8
sim.88.057	none	0	0	0	0	0	0	0	0	0	0	11	4	0	5
sim.880.057	none	2	2	0	9	5	3	9	2	4	0	0	0	0	0
sim.881.057	none	14	7	27	7	6	3	10	0	0	0	0	0	0	0
sim.882.057	none	8	1	14	6	0	3	5	0	1	22	30	17	30	19
sim.883.057	none	0	0	0	0	0	0	0	0	0	37	83	11	38	27
sim.884.057	none	0	0	0	0	0	0	0	0	0	6	22	2	15	30
sim.885.057	none	0	0	0	0	0	0	0	0	0	9	21	12	2	5
sim.886.057	none	0	0	0	0	0	0	0	0	0	54	7	0	3	1
sim.887.057	none	0	0	0	0	0	0	0	0	0	27	6	1	13	14
sim.888.057	none	0	0	0	0	0	0	0	0	0	0	0	10	24	1
sim.889.057	none	0	0	8	0	7	1	0	0	0	0	0	0	0	0
sim.89.057	none	0	0	0	0	0	0	0	0	0	30	11	24	32	24
sim.890.057	none	0	0	5	0	8	12	2	4	0	0	0	0	0	0
sim.891.057	none	0	20	3	0	0	0	0	0	0	0	0	0	0	0
sim.892.057	none	0	0	0	0	0	0	0	0	0	2	9	0	0	4
sim.893.057	none	0	0	0	0	0	0	0	0	0	0	4	22	23	23
sim.894.057	none	0	0	0	0	0	0	0	0	0	7	0	0	0	0
sim.895.057	none	32	11	15	10	8	16	21	22	15	0	0	0	0	0
sim.896.057	none	0	0	0	0	0	0	0	0	0	18	8	4	6	12
sim.897.057	none	0	0	0	0	0	0	0	0	0	0	0	32	9	17
sim.898.057	none	0	0	0	0	0	0	0	0	0	16	3	5	7	4
sim.899.057	none	0	0	3	0	5	3	4	0	0	0	0	0	0	0
sim.9.057	none	17	30	13	18	7	22	11	13	27	0	0	0	0	0
sim.90.057	none	18	17	1	15	11	3	21	12	11	0	0	0	0	0
sim.900.057	none	10	30	32	6	34	33	14	44	41	0	0	0	0	0
sim.901.057	none	21	16	10	30	17	16	28	24	36	0	0	0	0	0
sim.902.057	none	6	17	26	10	17	15	13	37	30	0	0	0	0	0
sim.903.057	none	0	0	0	0	0	0	0	0	0	9	11	1	13	26
sim.904.057	none	0	0	0	0	0	0	0	0	0	15	5	33	13	32
sim.905.057	none	0	0	0	0	0	0	0	0	0	0	0	14	0	11
sim.906.057	none	0	0	0	0	0	0	0	0	0	12	6	0	0	0
sim.907.057	none	0	0	0	0	0	0	0	0	0	4	0	0	0	0
sim.908.057	none	0	0	0	0	0	0	0	0	0	0	0	11	34	31
sim.909.057	none	0	0	0	0	0	0	0	0	0	5	8	10	23	27
sim.91.057	none	32	14	0	0	10	13	4	37	23	0	0	0	0	0
sim.910.057	none	0	0	0	0	0	0	0	0	0	0	33	0	0	1
sim.911.057	none	0	0	0	0	0	0	0	0	0	82	57	22	0	0
sim.912.057	none	0	0	0	0	0	0	0	0	0	0	0	12	1	7
sim.913.057	none	52	70	0	13	5	1	27	17	17	0	0	0	0	0
sim.914.057	none	0	0	0	0	0	0	0	0	0	0	0	11	8	9
sim.915.057	none	0	0	0	0	0	0	0	0	0	3	20	61	90	24
sim.916.057	none	0	0	0	0	0	0	0	0	0	31	20	0	5	4
sim.917.057	none	0	0	0	0	0	0	0	0	0	5	25	0	0	0
sim.918.057	none	0	0	0	0	0	0	0	0	0	30	0	0	0	0
sim.919.057	none	0	0	14	1	26	24	7	0	0	0	0	0	0	0
sim.92.057	none	36	29	13	15	0	0	4	8	14	0	0	0	0	0
sim.920.057	none	9	4	18	0	3	4	23	20	6	0	0	4	4	5
sim.921.057	none	0	0	0	0	0	0	0	0	0	9	16	0	0	0
sim.922.057	none	19	17	33	5	0	1	1	10	18	0	0	0	0	0
sim.923.057	none	14	4	9	57	77	58	19	36	22	0	0	0	0	0
sim.924.057	none	0	0	0	0	0	0	0	0	0	0	9	0	0	3
sim.925.057	none	2	5	0	0	0	0	0	4	8	0	0	0	0	0
sim.926.057	none	30	24	30	5	11	28	16	21	20	0	0	0	0	0
sim.927.057	none	0	0	0	0	0	0	0	0	0	22	2	0	0	0
sim.928.057	none	0	0	0	0	0	0	0	0	0	22	4	1	0	0
sim.929.057	none	0	0	0	0	0	0	0	0	0	0	0	1	9	10
sim.93.057	none	1	0	5	11	11	14	13	0	0	0	0	0	0	0
sim.930.057	none	0	0	0	0	0	0	0	0	0	55	21	68	47	13
sim.931.057	none	13	5	0	0	0	0	0	0	0	0	0	0	0	0
sim.932.057	none	0	0	0	0	0	0	0	0	0	27	37	0	5	21
sim.933.057	none	10	14	10	18	20	18	9	22	32	0	0	0	0	0
sim.934.057	none	0	0	0	0	0	0	0	0	0	6	0	0	0	0
sim.935.057	none	39	4	0	0	0	0	0	0	0	0	0	0	1	0
sim.936.057	none	0	0	0	0	0	0	0	0	0	0	11	10	0	0
sim.937.057	none	54	26	5	0	8	7	10	22	8	0	0	0	0	0
sim.938.057	none	24	27	24	9	9	10	7	11	33	0	0	0	0	0
sim.939.057	none	8	8	16	9	15	3	23	5	11	0	0	0	0	0
sim.94.057	none	0	0	6	14	1	1	4	2	4	2	7	0	0	0
sim.940.057	none	0	0	0	0	0	0	0	0	0	17	38	28	48	64
sim.941.057	none	0	0	0	0	0	0	0	0	0	6	3	1	5	6
sim.942.057	none	3	7	0	0	0	0	0	0	0	0	0	0	0	0
sim.943.057	none	0	0	0	14	8	3	9	2	3	0	0	0	0	0
sim.944.057	none	0	0	0	0	0	0	1	4	1	0	0	0	0	0
sim.945.057	none	31	25	7	3	11	8	3	5	4	0	0	0	0	0
sim.946.057	none	0	0	0	0	0	0	0	0	0	30	26	21	21	16
sim.947.057	none	0	0	10	2	3	5	1	6	15	0	0	0	0	0
sim.948.057	none	0	0	5	5	14	11	7	25	23	0	0	0	0	0
sim.949.057	none	0	0	0	0	0	0	0	0	0	0	3	1	22	11
sim.95.057	none	8	7	0	0	0	0	0	0	0	0	0	0	5	0
sim.950.057	none	13	10	5	1	0	0	1	3	3	0	0	0	0	0
sim.951.057	none	2	0	8	6	15	14	6	0	0	0	0	0	0	0
sim.952.057	none	34	39	19	5	11	3	14	0	7	0	0	0	0	0
sim.953.057	none	0	0	0	0	0	0	0	0	0	0	0	2	4	22
sim.954.057	none	0	0	0	0	0	0	0	0	0	0	0	0	2	4
sim.955.057	none	0	0	0	0	0	0	0	0	0	18	24	6	30	24
sim.956.057	none	0	0	0	0	0	0	0	0	0	2	12	0	0	0
sim.957.057	none	0	0	0	0	0	0	0	0	0	34	20	10	0	0
sim.958.057	none	3	5	0	0	0	0	0	9	12	0	0	0	0	0
sim.959.057	none	36	70	24	31	14	5	17	22	34	0	0	0	0	0
sim.96.057	none	0	0	19	7	9	6	5	1	6	0	12	6	6	5
sim.960.057	none	11	26	0	0	0	0	0	0	0	0	0	0	0	0
sim.961.057	none	47	11	26	8	11	20	11	17	14	0	0	0	0	0
sim.962.057	none	7	9	6	10	6	10	18	10	19	0	0	0	0	0
sim.963.057	none	0	0	0	0	0	0	0	0	0	24	11	8	7	15
sim.964.057	none	0	0	0	0	0	0	0	0	0	6	10	0	13	3
sim.965.057	none	0	0	0	0	0	0	0	3	7	0	0	0	0	0
sim.966.057	none	0	1	44	46	18	36	16	25	12	0	0	0	0	0
sim.967.057	none	0	0	0	0	0	0	0	0	0	9	18	11	2	1
sim.968.057	none	0	0	0	0	0	0	0	0	0	28	21	16	4	9
sim.969.057	none	0	0	0	0	0	0	0	0	0	50	30	0	1	0
sim.97.057	none	0	0	0	0	0	0	0	0	0	0	0	21	13	8
sim.970.057	none	3	9	20	6	0	10	3	27	3	0	0	0	0	0
sim.971.057	none	0	0	0	0	0	0	0	0	0	17	7	0	0	0
sim.972.057	none	0	0	0	0	0	0	0	0	0	0	0	5	31	21
sim.973.057	none	0	0	0	0	0	0	0	0	0	28	45	18	27	28
sim.974.057	none	0	0	0	0	0	0	0	0	0	18	14	14	2	15
sim.975.057	none	0	0	0	0	0	0	0	0	0	37	5	22	4	4
sim.976.057	none	17	15	30	59	22	17	31	10	7	0	0	0	0	0
sim.977.057	none	0	0	0	0	0	0	0	0	0	8	3	0	0	0
sim.978.057	none	0	0	0	0	0	0	0	0	0	15	49	9	24	7
sim.979.057	none	0	0	0	0	0	0	0	0	0	5	0	9	0	8
sim.98.057	none	0	0	0	0	0	0	0	0	4	0	0	0	0	0
sim.980.057	none	31	50	11	20	10	12	14	11	8	0	0	0	0	0
sim.981.057	none	9	19	48	18	10	13	2	41	67	2	0	0	0	0
sim.982.057	none	0	12	0	5	6	10	5	7	9	0	0	0	0	0
sim.983.057	none	31	14	18	15	6	9	9	14	12	0	0	0	0	0
sim.984.057	none	1	11	27	14	5	8	17	2	2	0	0	0	0	0
sim.985.057	none	33	32	3	19	17	12	14	1	0	0	0	0	0	0
sim.986.057	none	3	2	7	3	10	4	3	6	15	0	0	0	0	0
sim.987.057	none	0	0	0	0	0	0	0	0	0	0	0	4	13	5
sim.988.057	none	0	0	0	0	0	0	0	0	0	97	40	8	18	16
sim.989.057	none	0	0	6	14	3	4	5	0	1	0	0	0	0	0
sim.99.057	none	0	0	0	0	0	0	0	0	0	37	25	16	15	19
sim.990.057	none	0	0	0	0	0	0	0	0	0	0	4	25	8	4
sim.991.057	none	7	22	9	23	17	7	11	4	5	0	0	25	49	24
sim.992.057	none	0	0	0	0	0	0	0	0	0	3	7	0	12	2
sim.993.057	none	5	4	0	0	0	0	0	0	0	0	0	0	0	0
sim.994.057	none	23	8	52	37	53	51	25	39	35	0	0	0	0	0
sim.995.057	none	20	37	7	13	15	20	5	7	3	0	0	0	0	0
sim.996.057	none	0	3	5	5	34	28	15	0	6	0	0	0	0	0
sim.997.057	none	7	17	17	4	10	23	7	6	4	0	0	0	0	0
sim.998.057	none	0	4	18	26	30	32	23	4	5	0	0	0	0	0
sim.999.057	none	2	8	9	5	20	21	16	0	9	0	0	0	0	0
