OGS	desc	musDom	gloMor	droWil	droPse	droYak	droMel	droAna	droVir	droMoj	culQui	aedAeg	anoDar	anoSte	anoGam
sim.0.114	none	61	19	185	141	198	202	138	116	159	0	0	0	0	0
sim.1.114	none	0	0	7	25	26	27	42	1	13	0	0	0	0	0
sim.10.114	none	0	0	0	0	0	0	0	0	0	157	97	51	38	23
sim.100.114	none	11	53	25	45	44	24	32	52	41	0	0	0	0	0
sim.101.114	none	112	101	59	60	24	54	43	71	40	0	0	0	0	0
sim.102.114	none	7	1	49	26	62	62	7	49	2	0	0	0	0	0
sim.103.114	none	0	0	0	0	0	0	0	0	0	0	0	10	11	3
sim.104.114	none	0	0	0	0	0	0	0	0	0	76	31	0	8	6
sim.105.114	none	2	45	41	38	48	51	91	15	31	0	0	0	0	0
sim.106.114	none	0	0	0	0	0	0	0	0	0	0	0	7	6	0
sim.107.114	none	10	1	20	21	0	0	0	3	3	0	0	0	0	0
sim.108.114	none	0	0	0	0	0	0	0	0	0	0	0	19	3	3
sim.109.114	none	0	0	0	0	0	0	0	0	0	0	0	0	28	0
sim.11.114	none	36	27	29	13	64	41	42	76	67	0	0	0	0	0
sim.110.114	none	95	126	104	130	88	123	72	76	90	0	0	0	0	0
sim.111.114	none	0	0	4	0	0	0	0	40	37	0	0	0	0	0
sim.112.114	none	0	0	0	0	0	0	0	0	0	53	30	1	7	6
sim.113.114	none	0	0	0	0	0	0	0	0	0	0	0	31	24	27
sim.114	none.114	11	0	0	0	0	0	0	0	0	0	0	0	0	0
sim.115.114	none	0	0	0	0	0	0	0	0	0	122	65	20	6	0
sim.116.114	none	26	80	19	26	10	24	3	6	9	0	0	0	0	0
sim.117.114	none	73	64	140	89	88	98	115	93	31	0	0	0	0	0
sim.118.114	none	0	0	0	0	0	0	0	0	0	0	0	88	65	56
sim.119.114	none	0	0	0	0	0	0	0	0	0	1	23	20	11	5
sim.12.114	none	36	0	37	11	29	33	34	34	42	0	0	0	0	0
sim.120.114	none	50	5	0	29	35	51	34	22	18	0	0	0	0	0
sim.121.114	none	0	0	0	0	0	0	0	0	0	19	0	0	0	0
sim.122.114	none	1	0	0	21	3	0	1	25	14	0	0	0	0	0
sim.123.114	none	0	2	34	20	14	14	10	66	97	0	0	0	0	0
sim.124.114	none	0	0	0	0	0	0	0	0	0	25	4	7	4	4
sim.125.114	none	0	13	36	13	45	46	38	37	42	0	0	0	0	0
sim.126.114	none	0	0	0	0	0	0	0	0	0	5	27	31	0	0
sim.127.114	none	0	0	0	0	0	0	0	0	0	4	15	22	0	0
sim.128.114	none	0	0	0	0	0	0	0	0	0	21	35	0	0	0
sim.129.114	none	128	44	48	78	48	37	56	50	49	0	0	0	0	0
sim.13.114	none	0	0	1	0	4	16	12	0	0	0	0	0	0	0
sim.130.114	none	8	20	33	0	6	8	4	47	10	0	0	0	0	0
sim.131.114	none	0	0	0	0	0	0	0	0	0	0	0	13	0	0
sim.132.114	none	0	0	3	11	0	2	6	0	0	0	0	0	0	0
sim.133.114	none	0	0	0	0	0	0	0	0	0	12	0	55	22	26
sim.134.114	none	28	30	15	45	67	66	25	12	37	0	0	0	0	0
sim.135.114	none	0	0	0	0	0	0	0	0	0	14	27	0	0	0
sim.136.114	none	0	0	0	0	0	0	0	0	0	73	49	88	94	33
sim.137.114	none	0	0	0	0	0	0	0	0	0	0	0	66	83	43
sim.138.114	none	0	0	0	0	0	0	0	0	0	4	0	6	0	0
sim.139.114	none	0	0	0	0	0	0	0	0	0	27	46	32	28	29
sim.14.114	none	0	0	0	0	0	0	0	0	0	18	35	23	8	18
sim.140.114	none	0	0	0	0	0	0	0	0	0	123	148	16	16	34
sim.141.114	none	0	0	0	0	0	0	0	0	0	25	0	0	1	24
sim.142.114	none	35	10	2	41	12	11	17	32	14	0	0	0	0	0
sim.143.114	none	35	22	11	22	57	40	46	8	26	0	0	0	0	0
sim.144.114	none	0	0	0	0	0	0	0	0	0	13	27	47	34	43
sim.145.114	none	2	14	14	13	18	5	6	0	10	0	0	0	0	0
sim.146.114	none	0	0	0	0	0	0	0	0	0	18	5	12	18	23
sim.147.114	none	0	0	0	0	0	0	0	0	0	24	7	13	0	0
sim.148.114	none	0	0	0	0	0	0	0	0	0	18	64	8	2	1
sim.149.114	none	0	0	0	0	0	0	0	0	0	14	0	4	10	66
sim.15.114	none	0	0	21	4	8	31	6	15	0	0	0	0	0	0
sim.150.114	none	35	20	17	33	39	57	48	3	6	0	0	0	0	0
sim.151.114	none	0	0	0	0	0	0	0	0	0	53	63	62	24	11
sim.152.114	none	0	0	0	0	0	0	0	0	0	84	60	18	28	20
sim.153.114	none	0	0	0	0	0	0	0	0	0	6	6	71	35	59
sim.154.114	none	3	28	28	24	26	32	8	11	1	0	0	0	0	0
sim.155.114	none	0	0	0	0	0	0	0	0	0	29	0	35	26	42
sim.156.114	none	44	88	70	74	69	107	22	93	79	0	0	0	0	0
sim.157.114	none	11	11	15	45	10	8	28	47	34	0	0	0	0	0
sim.158.114	none	6	16	6	5	26	11	16	56	51	0	0	0	0	0
sim.159.114	none	0	0	0	0	0	0	0	0	0	42	21	7	1	16
sim.16.114	none	0	0	0	0	0	0	0	0	0	0	0	3	8	16
sim.160.114	none	0	0	0	0	0	0	0	0	0	14	16	0	0	0
sim.161.114	none	0	0	0	0	0	0	0	0	0	0	0	49	50	39
sim.162.114	none	0	0	0	0	0	0	0	0	0	0	0	31	44	65
sim.163.114	none	0	0	0	0	0	0	0	0	0	51	5	0	0	0
sim.164.114	none	79	106	25	25	83	86	30	68	48	0	0	6	20	9
sim.165.114	none	0	0	0	0	0	0	0	0	0	5	20	0	0	0
sim.166.114	none	0	0	0	0	0	0	0	0	0	0	1	9	1	13
sim.167.114	none	3	10	30	36	24	14	19	12	12	4	17	6	0	0
sim.168.114	none	0	0	0	0	0	0	0	0	0	42	12	0	0	0
sim.169.114	none	38	29	0	4	0	0	1	0	1	0	0	0	0	0
sim.17.114	none	25	21	0	8	7	16	15	29	11	0	0	0	0	0
sim.170.114	none	30	41	5	19	31	52	22	19	1	0	0	0	0	0
sim.171.114	none	30	23	125	112	42	87	17	135	98	0	0	0	0	0
sim.172.114	none	0	0	0	0	0	0	0	0	0	11	39	92	23	12
sim.173.114	none	0	0	0	0	0	0	0	0	0	0	0	15	0	0
sim.174.114	none	22	68	16	43	26	34	35	21	11	0	0	0	0	0
sim.175.114	none	0	0	0	0	0	0	0	0	0	19	5	9	27	25
sim.176.114	none	60	10	33	100	28	30	31	17	8	0	0	0	0	0
sim.177.114	none	0	0	0	0	0	0	0	0	0	40	2	129	82	100
sim.178.114	none	0	0	0	0	0	0	0	0	0	21	20	0	0	0
sim.179.114	none	0	0	0	0	0	0	0	0	0	0	0	39	7	29
sim.18.114	none	1	6	10	32	9	6	20	45	30	0	0	0	0	0
sim.180.114	none	88	127	30	0	9	6	10	7	8	0	0	0	0	0
sim.181.114	none	0	0	0	0	0	0	0	0	0	1	16	0	0	0
sim.182.114	none	0	2	0	0	0	0	0	0	0	67	35	0	0	0
sim.183.114	none	0	12	9	0	0	1	14	4	21	0	0	0	0	0
sim.184.114	none	0	0	0	4	24	38	42	9	3	0	0	0	0	0
sim.185.114	none	0	0	0	0	0	0	0	0	0	12	71	92	90	56
sim.186.114	none	0	0	0	0	0	0	0	0	0	9	29	82	118	68
sim.187.114	none	0	0	0	0	0	0	0	0	0	9	12	0	0	0
sim.188.114	none	0	0	0	0	0	0	0	0	0	110	107	18	7	6
sim.189.114	none	0	0	0	0	0	0	0	0	0	72	51	68	41	28
sim.19.114	none	10	17	8	37	14	21	17	80	70	0	0	0	0	0
sim.190.114	none	0	0	0	0	0	0	0	0	0	50	78	15	66	107
sim.191.114	none	0	0	0	0	0	0	0	0	0	5	17	8	5	5
sim.192.114	none	0	0	0	0	0	0	0	0	0	8	12	11	9	3
sim.193.114	none	0	0	0	0	0	0	0	0	0	51	23	52	73	19
sim.194.114	none	0	0	0	0	0	0	0	0	0	75	38	32	31	27
sim.195.114	none	22	36	200	87	46	42	71	110	68	0	0	0	0	0
sim.196.114	none	0	0	0	0	0	0	0	0	0	4	0	0	0	0
sim.197.114	none	0	0	0	1	0	2	1	5	1	0	0	0	0	0
sim.198.114	none	0	0	0	0	0	0	0	0	0	89	65	19	0	0
sim.199.114	none	1	0	43	38	58	43	94	30	11	0	0	0	0	0
sim.2.114	none	0	0	0	0	0	0	0	0	0	0	0	25	3	20
sim.20.114	none	6	28	0	0	17	17	17	0	2	0	0	0	0	0
sim.200.114	none	81	29	13	1	0	0	0	4	22	0	0	0	0	0
sim.201.114	none	0	0	0	0	0	0	0	0	0	0	18	0	0	0
sim.202.114	none	17	68	51	34	169	134	138	30	26	0	0	0	0	0
sim.203.114	none	160	89	34	3	19	12	11	21	30	0	0	0	0	0
sim.204.114	none	0	0	0	0	0	0	0	0	0	16	7	0	0	0
sim.205.114	none	0	0	0	0	0	0	0	0	0	62	52	24	15	5
sim.206.114	none	10	0	1	1	3	6	8	0	3	0	0	13	12	31
sim.207.114	none	0	0	0	0	0	0	0	0	0	0	1	10	24	54
sim.208.114	none	0	0	0	0	0	0	0	0	0	2	59	22	0	0
sim.209.114	none	0	0	0	0	0	0	0	0	0	0	4	0	0	0
sim.21.114	none	0	0	0	0	0	0	0	0	0	0	0	56	57	11
sim.210.114	none	10	14	7	16	5	1	0	14	6	0	0	0	0	0
sim.211.114	none	0	0	0	0	0	0	0	0	0	0	50	18	35	16
sim.212.114	none	0	0	0	0	0	0	0	0	0	62	81	48	118	212
sim.213.114	none	8	35	0	0	0	0	0	0	0	0	0	0	0	0
sim.214.114	none	0	0	0	0	0	0	0	0	0	65	59	22	34	9
sim.215.114	none	15	36	0	0	0	0	0	19	31	0	0	0	0	0
sim.216.114	none	49	57	7	5	0	0	0	21	23	0	0	0	0	0
sim.217.114	none	0	0	0	0	0	0	0	0	0	6	10	24	29	30
sim.218.114	none	34	18	13	4	4	2	11	26	14	0	0	0	0	0
sim.219.114	none	55	25	15	19	20	16	18	3	10	0	0	0	0	0
sim.22.114	none	0	0	0	0	0	0	0	0	0	37	110	19	10	45
sim.220.114	none	27	1	46	21	19	3	16	17	23	0	0	0	0	0
sim.221.114	none	5	0	0	0	0	0	0	0	0	0	0	0	0	0
sim.222.114	none	46	7	67	47	45	63	30	26	88	0	0	0	0	0
sim.223.114	none	0	0	0	0	0	0	0	0	0	0	0	4	50	18
sim.224.114	none	0	0	0	0	0	0	0	0	0	0	96	130	28	28
sim.225.114	none	20	11	7	4	24	46	39	31	43	0	0	0	0	0
sim.226.114	none	25	5	58	114	81	99	58	89	137	0	0	0	0	0
sim.227.114	none	0	0	48	8	5	4	12	0	0	0	0	0	0	0
sim.228.114	none	0	0	0	0	0	0	0	0	0	13	31	38	70	55
sim.229.114	none	4	0	0	0	0	0	0	0	0	0	0	0	0	0
sim.23.114	none	0	0	0	0	0	0	0	0	0	10	6	10	15	3
sim.230.114	none	0	0	0	0	0	0	0	0	0	0	0	25	0	0
sim.231.114	none	0	0	0	0	0	0	0	0	0	30	5	40	41	34
sim.232.114	none	0	0	0	0	0	0	0	0	0	54	31	28	64	42
sim.233.114	none	0	0	0	0	0	0	0	0	0	38	28	4	28	15
sim.234.114	none	0	0	0	0	0	0	0	0	0	31	0	0	0	0
sim.235.114	none	0	0	0	0	0	0	0	0	0	0	0	17	43	19
sim.236.114	none	18	1	49	52	59	56	58	94	113	0	0	0	0	0
sim.237.114	none	0	0	0	0	0	0	0	0	0	0	2	0	5	0
sim.238.114	none	0	0	0	0	0	0	0	0	0	8	2	0	0	0
sim.239.114	none	0	0	0	0	0	0	0	0	0	49	26	0	26	41
sim.24.114	none	0	0	0	0	0	0	0	0	0	0	0	3	1	0
sim.240.114	none	3	8	25	21	21	35	49	20	28	0	0	0	0	0
sim.241.114	none	0	0	0	0	0	0	0	0	0	5	9	39	5	13
sim.242.114	none	95	72	3	38	2	1	28	42	44	0	0	0	0	0
sim.243.114	none	0	0	0	0	0	0	0	0	0	20	6	7	1	12
sim.244.114	none	0	0	0	0	0	0	0	0	0	0	8	0	0	0
sim.245.114	none	0	0	0	0	0	0	0	0	0	0	9	0	14	11
sim.246.114	none	0	0	0	0	0	0	0	0	0	0	0	82	81	99
sim.247.114	none	0	0	0	0	0	0	0	0	0	53	33	68	52	34
sim.248.114	none	0	0	0	0	0	0	0	0	0	8	0	0	0	0
sim.249.114	none	0	0	0	0	0	0	0	0	0	0	0	69	68	54
sim.25.114	none	95	159	153	111	123	89	85	101	77	0	0	0	0	0
sim.250.114	none	0	0	0	0	0	0	0	0	0	101	19	0	0	0
sim.251.114	none	11	10	0	0	0	0	0	0	1	0	0	0	0	0
sim.252.114	none	0	0	26	11	0	0	4	33	17	0	0	0	0	0
sim.253.114	none	0	0	0	0	0	0	0	0	0	4	59	0	0	0
sim.254.114	none	0	0	0	0	0	0	0	0	0	0	0	18	88	28
sim.255.114	none	0	0	0	0	0	0	0	0	0	0	47	8	46	41
sim.256.114	none	1	10	0	0	0	0	0	5	0	0	0	0	0	0
sim.257.114	none	0	0	0	0	0	0	0	0	0	0	0	18	24	11
sim.258.114	none	10	14	0	22	5	12	25	22	16	0	0	0	0	0
sim.259.114	none	49	65	11	48	20	19	13	80	24	0	0	0	0	0
sim.26.114	none	0	0	0	0	0	0	0	0	0	35	11	29	25	38
sim.260.114	none	0	0	0	0	0	0	0	0	0	22	22	0	0	0
sim.261.114	none	0	0	0	0	0	0	0	0	0	80	22	41	117	86
sim.262.114	none	46	23	12	37	21	25	36	38	28	0	0	0	0	0
sim.263.114	none	0	0	0	0	0	0	0	0	0	51	84	55	62	68
sim.264.114	none	18	35	2	23	0	6	2	24	27	0	0	0	0	0
sim.265.114	none	0	7	0	8	4	3	0	0	0	0	0	0	0	0
sim.266.114	none	0	0	0	0	0	0	0	0	0	4	0	71	15	11
sim.267.114	none	36	14	8	8	18	10	10	34	4	0	0	0	0	0
sim.268.114	none	0	0	0	0	0	0	0	0	0	2	8	0	0	0
sim.269.114	none	0	0	0	0	0	0	0	0	0	0	43	40	10	29
sim.27.114	none	0	0	0	0	0	0	0	0	0	0	0	16	5	0
sim.270.114	none	62	14	1	9	16	5	5	8	9	0	0	0	0	0
sim.271.114	none	0	0	0	0	0	0	0	0	0	0	0	27	25	0
sim.272.114	none	0	0	0	0	0	0	0	0	0	0	0	22	21	14
sim.273.114	none	0	0	0	0	0	0	0	0	0	21	37	0	1	7
sim.274.114	none	0	0	0	0	0	0	0	0	0	27	3	14	3	0
sim.275.114	none	0	0	0	0	0	0	0	0	0	62	1	32	29	41
sim.276.114	none	71	68	24	61	38	36	82	33	59	0	0	0	0	0
sim.277.114	none	27	13	0	2	2	6	0	4	6	0	0	0	0	0
sim.278.114	none	0	0	0	0	0	0	0	0	0	33	0	0	0	0
sim.279.114	none	0	0	0	18	0	0	0	8	5	0	0	0	0	0
sim.28.114	none	0	0	0	0	0	0	0	0	0	0	0	0	0	4
sim.280.114	none	74	65	46	181	109	132	96	148	114	0	0	0	0	0
sim.281.114	none	65	33	129	58	55	51	66	114	82	0	0	0	0	0
sim.282.114	none	0	0	0	0	0	0	0	0	0	0	0	38	8	0
sim.283.114	none	0	0	0	0	0	0	0	0	0	42	27	84	105	82
sim.284.114	none	0	0	0	0	0	0	0	0	0	4	0	6	8	24
sim.285.114	none	16	16	20	12	36	23	34	35	37	0	0	0	0	0
sim.286.114	none	136	114	143	92	97	85	81	43	15	0	0	0	0	0
sim.287.114	none	22	34	15	40	4	10	23	7	20	0	0	0	0	0
sim.288.114	none	0	0	0	0	0	0	0	0	0	7	40	0	0	0
sim.289.114	none	73	8	28	39	40	48	51	27	26	0	0	24	0	0
sim.29.114	none	2	0	11	0	24	48	11	1	11	0	0	0	0	0
sim.290.114	none	0	8	0	0	0	0	0	7	12	0	0	0	0	0
sim.291.114	none	57	33	15	0	11	9	13	21	28	0	0	0	0	0
sim.292.114	none	0	0	0	0	0	0	0	0	0	19	31	43	55	29
sim.293.114	none	0	0	0	0	0	0	0	0	0	15	17	99	48	54
sim.294.114	none	0	0	0	0	0	0	0	0	0	22	78	0	0	0
sim.295.114	none	0	0	0	0	0	0	0	0	0	0	0	80	56	12
sim.296.114	none	9	21	0	0	0	0	0	0	0	0	0	0	0	0
sim.297.114	none	0	0	3	0	0	1	6	8	11	0	0	0	0	0
sim.298.114	none	4	0	10	13	9	25	9	2	10	0	0	0	0	0
sim.299.114	none	0	0	0	0	0	0	0	0	0	11	13	56	14	1
sim.3.114	none	0	0	16	0	6	20	13	5	0	0	1	0	0	0
sim.30.114	none	0	0	0	0	0	0	0	0	0	0	0	8	0	32
sim.300.114	none	0	0	0	0	0	0	0	0	0	25	22	0	7	8
sim.301.114	none	21	6	0	0	0	0	0	0	0	0	0	0	0	0
sim.302.114	none	0	0	0	0	0	0	0	0	0	12	5	4	0	0
sim.303.114	none	48	82	40	20	84	78	49	48	102	0	0	0	0	0
sim.304.114	none	75	83	9	27	5	4	7	32	41	0	0	0	0	0
sim.305.114	none	0	0	0	0	0	0	0	0	0	0	0	25	14	6
sim.306.114	none	0	0	0	0	0	0	0	0	0	29	0	0	0	0
sim.307.114	none	15	29	23	23	64	30	18	46	20	0	0	0	0	0
sim.308.114	none	3	2	6	1	0	0	0	9	3	0	0	0	0	0
sim.309.114	none	0	0	0	0	0	0	0	0	0	55	65	8	0	0
sim.31.114	none	0	0	0	0	0	0	0	0	0	28	6	0	4	24
sim.310.114	none	53	27	8	6	0	0	0	6	0	0	0	0	0	0
sim.311.114	none	0	0	0	0	0	0	0	0	0	14	61	44	12	28
sim.312.114	none	0	0	46	34	86	64	55	5	16	0	0	0	0	0
sim.313.114	none	9	7	0	0	0	0	0	1	13	0	0	0	0	0
sim.314.114	none	0	3	17	73	33	29	38	24	19	0	0	0	0	0
sim.315.114	none	43	27	0	0	0	0	0	0	0	0	0	0	0	0
sim.316.114	none	0	0	0	0	0	0	0	0	0	66	47	25	36	21
sim.317.114	none	38	62	47	19	28	27	12	32	32	0	0	0	0	0
sim.318.114	none	0	0	35	9	33	45	32	33	31	0	0	0	0	0
sim.319.114	none	0	0	0	23	17	5	2	5	0	0	0	0	0	0
sim.32.114	none	0	0	0	0	0	0	0	0	0	0	0	27	3	3
sim.320.114	none	1	2	16	64	78	64	30	23	20	0	0	0	0	0
sim.321.114	none	9	16	19	72	16	31	17	51	41	0	0	0	0	0
sim.322.114	none	0	0	0	0	0	0	0	0	0	0	0	6	20	0
sim.323.114	none	0	0	0	0	0	0	0	0	0	9	0	0	0	0
sim.324.114	none	0	0	8	11	36	17	23	15	6	0	0	0	0	0
sim.325.114	none	8	4	0	0	0	0	0	1	9	0	0	0	0	0
sim.326.114	none	50	29	2	17	5	1	14	0	0	0	0	0	0	0
sim.327.114	none	0	0	0	0	0	0	0	0	0	0	0	22	6	23
sim.328.114	none	25	53	68	21	19	19	27	14	33	0	0	0	0	0
sim.329.114	none	53	25	70	33	52	35	39	39	94	0	0	0	0	0
sim.33.114	none	0	0	0	0	0	0	0	0	0	0	22	1	0	0
sim.330.114	none	19	26	50	47	78	100	47	93	86	0	0	0	0	0
sim.331.114	none	77	71	129	48	92	51	66	107	74	0	0	0	0	0
sim.332.114	none	0	0	0	0	0	0	0	0	0	82	120	0	37	5
sim.333.114	none	77	75	20	20	52	40	23	73	61	0	0	0	0	0
sim.334.114	none	0	0	0	0	0	0	0	0	0	30	45	0	20	3
sim.335.114	none	10	53	61	60	41	47	107	91	92	0	0	0	0	0
sim.336.114	none	0	0	0	0	0	0	0	0	0	17	0	0	0	0
sim.337.114	none	0	0	0	0	0	0	0	0	0	151	144	52	75	50
sim.338.114	none	17	7	2	10	0	0	4	7	4	0	0	0	0	0
sim.339.114	none	0	0	0	0	0	0	0	0	0	23	26	85	52	24
sim.34.114	none	0	0	0	0	0	0	0	0	0	58	0	0	0	0
sim.340.114	none	12	0	0	13	1	2	0	11	19	0	0	0	0	0
sim.341.114	none	0	0	0	0	0	0	0	0	0	0	7	35	26	100
sim.342.114	none	50	57	40	47	68	77	60	130	102	0	0	0	0	0
sim.343.114	none	82	19	39	5	32	40	15	32	29	0	0	0	0	0
sim.344.114	none	0	0	18	9	6	2	5	40	62	0	0	0	0	0
sim.345.114	none	0	0	0	0	0	0	0	0	0	44	40	0	0	0
sim.346.114	none	0	0	0	0	0	0	0	0	0	12	21	18	39	87
sim.347.114	none	0	0	0	0	0	0	0	0	0	0	0	0	36	10
sim.348.114	none	0	0	0	0	0	0	0	0	0	10	0	1	32	9
sim.349.114	none	0	0	0	0	0	0	0	0	0	10	5	30	85	96
sim.35.114	none	0	0	0	0	0	0	0	0	0	75	85	39	73	33
sim.350.114	none	7	0	15	1	1	3	0	0	0	0	0	0	0	0
sim.351.114	none	0	0	0	0	0	0	0	0	0	13	48	0	0	0
sim.352.114	none	0	0	0	0	0	0	0	0	0	60	4	121	161	182
sim.353.114	none	0	0	0	0	0	0	0	0	0	0	0	52	13	39
sim.354.114	none	0	0	0	0	0	0	0	0	0	2	58	18	9	7
sim.355.114	none	0	0	0	0	0	0	0	0	0	59	44	56	41	24
sim.356.114	none	72	20	6	30	8	33	24	84	72	0	0	0	0	0
sim.357.114	none	7	3	17	21	19	16	26	15	17	0	0	0	0	0
sim.358.114	none	0	0	0	0	0	0	0	0	0	5	39	23	65	54
sim.359.114	none	0	0	0	0	0	0	0	0	0	49	52	0	0	0
sim.36.114	none	0	0	0	0	0	0	0	0	0	11	7	0	0	0
sim.360.114	none	21	50	58	11	20	8	26	44	49	0	0	0	0	0
sim.361.114	none	0	0	0	0	0	0	0	0	0	4	13	28	0	0
sim.362.114	none	0	0	0	0	0	0	0	0	0	0	2	3	47	38
sim.363.114	none	0	0	0	0	0	0	0	0	0	23	5	10	31	12
sim.364.114	none	49	31	0	4	33	8	3	0	0	0	0	0	0	0
sim.365.114	none	71	68	86	89	140	127	135	69	82	0	0	0	0	0
sim.366.114	none	31	40	11	19	42	31	28	36	60	0	0	0	0	0
sim.367.114	none	15	15	17	3	38	36	28	39	21	0	0	0	0	0
sim.368.114	none	68	57	60	22	8	15	37	6	14	0	0	0	0	0
sim.369.114	none	69	79	16	13	114	109	69	42	33	0	0	0	0	0
sim.37.114	none	0	0	0	0	0	0	0	0	0	63	53	2	23	23
sim.370.114	none	0	0	0	0	0	0	0	0	0	0	7	0	2	7
sim.371.114	none	0	0	0	0	0	0	0	0	0	5	0	0	0	0
sim.372.114	none	0	0	83	22	17	9	44	27	47	0	0	0	0	0
sim.373.114	none	32	7	10	0	13	7	7	39	51	0	0	0	0	0
sim.374.114	none	0	0	31	6	17	16	21	24	13	0	0	0	0	0
sim.375.114	none	0	0	0	0	0	0	0	0	0	23	5	41	44	14
sim.376.114	none	10	8	10	20	15	13	37	37	44	0	0	0	0	0
sim.377.114	none	0	0	0	0	0	0	0	0	0	4	9	10	10	6
sim.378.114	none	0	0	0	0	0	0	0	0	0	10	17	0	0	0
sim.379.114	none	0	0	0	0	0	0	0	0	0	0	0	0	24	18
sim.38.114	none	0	0	0	0	0	0	0	0	0	78	43	14	3	10
sim.380.114	none	0	0	21	46	38	21	41	53	55	0	0	0	0	0
sim.381.114	none	6	1	3	11	21	33	3	35	10	0	0	0	0	0
sim.382.114	none	0	0	0	0	0	0	0	0	0	71	9	0	13	22
sim.383.114	none	27	16	16	2	1	0	13	13	10	0	0	0	0	0
sim.384.114	none	0	0	0	0	0	0	0	0	0	21	61	3	13	25
sim.385.114	none	41	73	44	31	18	1	52	12	8	0	0	0	0	0
sim.386.114	none	0	0	0	0	0	0	0	0	0	2	24	29	39	33
sim.387.114	none	0	0	0	0	0	0	0	0	0	2	26	0	0	0
sim.388.114	none	0	0	0	0	0	0	0	0	0	14	10	0	0	0
sim.389.114	none	0	0	0	0	0	0	0	0	0	142	58	26	73	34
sim.39.114	none	6	14	0	0	0	0	0	0	0	0	0	0	0	0
sim.390.114	none	0	0	0	13	0	0	2	0	1	0	0	0	0	0
sim.391.114	none	22	36	22	23	44	43	35	43	35	0	0	0	0	0
sim.392.114	none	0	0	0	0	0	0	0	0	0	21	38	0	22	67
sim.393.114	none	87	63	160	157	130	150	149	131	140	0	0	0	0	0
sim.394.114	none	21	6	0	8	23	33	3	10	3	0	0	0	0	0
sim.395.114	none	0	0	0	0	0	0	0	0	0	0	0	25	43	30
sim.396.114	none	0	0	0	0	5	2	14	6	11	0	0	0	0	0
sim.397.114	none	0	0	0	0	0	0	0	0	0	6	0	17	0	14
sim.398.114	none	0	0	0	0	0	0	0	0	0	62	33	36	14	22
sim.399.114	none	15	8	5	14	2	4	7	0	0	0	0	0	0	0
sim.4.114	none	0	0	16	25	19	9	2	3	10	0	0	0	0	0
sim.40.114	none	0	0	60	12	2	0	4	15	20	0	0	0	0	0
sim.400.114	none	0	0	0	0	0	0	0	0	0	0	0	26	7	24
sim.401.114	none	41	27	18	35	47	16	64	7	2	0	0	0	0	0
sim.402.114	none	0	0	10	0	4	0	7	10	0	103	66	20	56	52
sim.403.114	none	0	0	0	0	0	0	0	0	0	15	1	0	0	0
sim.404.114	none	12	15	12	0	4	2	10	23	0	0	0	0	0	0
sim.405.114	none	15	18	18	42	37	20	33	31	46	0	0	0	0	0
sim.406.114	none	0	0	0	0	0	0	0	0	0	58	0	0	0	0
sim.407.114	none	0	8	13	10	0	11	8	3	0	0	0	0	0	0
sim.408.114	none	0	0	0	0	0	0	0	0	0	18	0	0	0	0
sim.409.114	none	0	7	0	0	0	0	0	0	0	0	0	0	0	0
sim.41.114	none	0	0	0	0	0	0	0	0	0	14	5	60	0	14
sim.410.114	none	0	0	0	0	0	0	0	0	0	42	41	0	4	11
sim.411.114	none	0	0	26	28	64	40	37	20	29	0	0	0	0	0
sim.412.114	none	0	0	0	0	0	0	0	0	0	9	49	0	56	17
sim.413.114	none	34	52	61	42	14	31	6	31	17	0	0	0	0	0
sim.414.114	none	136	125	113	87	157	159	167	87	45	0	0	0	0	0
sim.415.114	none	11	93	70	54	15	27	24	54	15	0	0	0	0	0
sim.416.114	none	7	22	49	7	11	17	21	27	33	0	0	0	0	0
sim.417.114	none	53	80	17	71	63	58	74	25	0	0	0	0	0	0
sim.418.114	none	8	47	41	28	35	27	28	13	4	0	0	0	0	0
sim.419.114	none	0	0	0	0	0	0	0	0	0	39	0	0	0	0
sim.42.114	none	0	0	0	0	0	0	0	0	0	0	0	19	0	0
sim.420.114	none	0	0	0	0	0	0	0	0	0	56	50	89	90	103
sim.421.114	none	0	0	0	0	0	0	0	0	0	69	92	61	40	63
sim.422.114	none	30	4	0	0	0	1	0	3	5	0	0	0	0	0
sim.423.114	none	0	0	7	1	2	2	0	4	9	0	0	0	0	0
sim.424.114	none	0	0	0	0	0	0	0	0	0	0	0	21	48	74
sim.425.114	none	0	0	0	0	0	0	0	0	0	2	5	0	0	0
sim.426.114	none	0	0	0	0	0	0	0	0	0	32	8	19	6	0
sim.427.114	none	38	5	0	0	0	0	0	6	7	0	0	0	0	0
sim.428.114	none	77	52	83	127	78	72	34	33	87	0	0	0	0	0
sim.429.114	none	0	0	0	4	26	23	1	0	4	0	0	0	0	0
sim.43.114	none	0	0	0	0	11	10	0	15	32	0	0	0	0	0
sim.430.114	none	0	0	0	0	0	0	0	0	0	0	14	75	0	2
sim.431.114	none	0	0	0	0	0	0	0	0	0	0	0	11	11	3
sim.432.114	none	0	0	0	0	0	0	0	0	0	86	173	54	141	84
sim.433.114	none	0	0	33	23	36	26	11	0	0	0	0	0	0	0
sim.434.114	none	15	0	11	14	15	6	12	21	62	0	0	0	0	0
sim.435.114	none	0	0	0	0	0	0	0	0	0	0	28	38	68	92
sim.436.114	none	0	0	0	0	0	0	0	0	0	62	76	97	72	37
sim.437.114	none	0	0	0	0	0	0	0	0	0	25	40	0	3	8
sim.438.114	none	0	0	0	0	0	0	0	0	0	21	15	26	17	19
sim.439.114	none	0	0	0	0	0	0	0	0	0	0	0	22	0	3
sim.44.114	none	0	0	0	0	0	0	0	0	0	1	0	93	45	24
sim.440.114	none	0	0	0	0	0	0	0	0	0	0	0	5	29	8
sim.441.114	none	0	0	0	0	0	0	0	0	0	0	20	99	48	61
sim.442.114	none	0	0	0	0	0	0	0	0	0	7	61	0	0	0
sim.443.114	none	19	43	30	14	8	17	14	46	8	0	0	0	0	0
sim.444.114	none	0	0	0	0	0	0	0	0	0	11	32	60	108	71
sim.445.114	none	0	0	0	0	0	0	0	0	0	49	51	11	54	22
sim.446.114	none	0	0	0	0	0	0	0	0	0	0	0	108	14	1
sim.447.114	none	7	5	44	26	39	54	32	43	63	0	0	0	0	0
sim.448.114	none	43	40	72	34	104	71	97	15	36	11	24	29	3	13
sim.449.114	none	5	0	1	12	0	1	1	17	15	0	0	0	0	0
sim.45.114	none	0	0	0	0	0	0	0	0	0	65	91	99	51	56
sim.450.114	none	92	54	116	146	68	64	77	109	99	0	0	0	0	0
sim.451.114	none	0	0	0	0	0	0	0	0	0	45	34	0	0	0
sim.452.114	none	0	0	0	0	0	0	0	0	0	58	41	0	25	12
sim.453.114	none	0	0	0	0	0	0	0	0	0	0	0	33	24	52
sim.454.114	none	89	39	5	20	86	66	75	40	27	0	0	0	0	0
sim.455.114	none	0	0	0	0	0	0	0	0	0	0	0	22	114	73
sim.456.114	none	22	41	22	18	47	51	28	5	7	0	0	0	0	0
sim.457.114	none	8	0	0	0	0	0	0	0	0	0	0	0	0	0
sim.458.114	none	14	1	72	64	63	41	46	54	105	0	0	0	0	0
sim.459.114	none	31	0	3	69	26	21	42	5	27	0	0	0	0	0
sim.46.114	none	0	0	0	0	0	0	0	0	0	19	0	0	0	0
sim.460.114	none	0	0	0	0	0	0	0	0	0	19	3	46	34	42
sim.461.114	none	0	0	0	0	0	0	0	0	0	57	6	5	17	11
sim.462.114	none	0	0	0	0	0	0	0	0	0	0	0	19	22	31
sim.463.114	none	0	22	28	13	5	4	39	20	1	0	0	0	0	0
sim.464.114	none	0	0	0	0	0	0	0	0	0	29	7	0	0	1
sim.465.114	none	8	6	0	0	0	0	0	13	0	0	0	0	0	0
sim.466.114	none	30	18	58	15	24	11	22	0	4	0	0	0	0	0
sim.467.114	none	0	0	0	0	0	0	0	0	0	32	4	0	24	19
sim.468.114	none	0	0	0	0	0	0	0	0	0	42	76	26	9	27
sim.469.114	none	0	0	0	0	0	0	0	0	0	48	21	107	59	34
sim.47.114	none	0	0	0	0	0	0	0	0	0	0	16	2	0	0
sim.470.114	none	0	0	0	0	0	0	0	0	0	0	0	10	0	7
sim.471.114	none	0	0	0	0	0	0	0	0	0	18	0	0	0	0
sim.472.114	none	0	0	0	0	0	0	0	0	0	0	2	33	15	29
sim.473.114	none	0	0	0	0	0	0	0	0	0	0	0	22	16	33
sim.474.114	none	54	17	46	24	41	23	26	27	55	0	0	0	0	0
sim.475.114	none	57	85	11	0	4	10	1	6	6	0	0	0	0	0
sim.476.114	none	0	0	0	0	0	0	0	0	0	2	7	0	0	0
sim.477.114	none	0	0	0	0	0	0	0	0	0	13	5	0	0	0
sim.478.114	none	0	0	0	0	0	0	0	0	0	1	32	0	0	0
sim.479.114	none	0	0	0	0	0	0	0	0	0	115	127	38	35	23
sim.48.114	none	0	0	0	0	0	0	0	0	0	10	0	10	0	0
sim.480.114	none	0	0	0	0	0	0	0	0	0	52	19	0	0	0
sim.481.114	none	0	0	0	0	0	0	0	26	20	0	0	0	0	0
sim.482.114	none	12	37	0	0	0	0	0	0	0	0	0	0	0	0
sim.483.114	none	0	0	0	0	0	0	0	0	0	2	31	15	14	22
sim.484.114	none	0	0	0	0	0	0	0	0	0	43	0	7	0	0
sim.485.114	none	18	21	91	15	28	30	27	3	19	0	0	0	0	0
sim.486.114	none	0	0	0	0	0	0	0	0	0	61	36	102	55	121
sim.487.114	none	48	35	15	27	18	19	37	11	31	0	0	0	0	0
sim.488.114	none	0	0	0	0	0	0	0	0	0	0	0	64	94	59
sim.489.114	none	0	0	0	0	0	0	0	0	0	4	20	0	0	0
sim.49.114	none	90	63	111	204	79	79	82	192	241	0	0	0	0	0
sim.490.114	none	37	40	2	1	0	1	1	13	4	0	0	0	0	0
sim.491.114	none	0	0	0	0	0	0	0	0	0	53	5	7	28	23
sim.492.114	none	23	1	48	29	13	35	38	88	72	0	0	0	0	0
sim.493.114	none	0	0	0	0	0	0	0	0	0	35	6	0	0	0
sim.494.114	none	0	0	0	0	0	0	0	0	0	69	28	0	13	8
sim.495.114	none	0	0	0	0	0	0	0	0	0	47	101	80	34	24
sim.496.114	none	11	3	0	12	4	12	23	5	13	0	0	0	0	0
sim.497.114	none	0	6	0	0	0	0	0	0	0	0	0	0	0	0
sim.498.114	none	0	0	19	8	0	0	0	5	0	0	0	0	0	0
sim.499.114	none	0	7	0	5	0	0	0	4	0	0	0	0	0	0
sim.5.114	none	32	61	0	28	3	20	8	15	42	0	0	0	0	0
sim.50.114	none	0	0	0	0	0	0	0	0	0	0	0	9	0	0
sim.500.114	none	0	0	0	0	0	0	0	0	0	13	0	0	0	0
sim.501.114	none	15	7	31	51	26	16	14	16	39	0	0	0	0	0
sim.502.114	none	1	7	8	3	53	35	25	34	35	0	0	0	0	0
sim.503.114	none	93	117	23	53	40	43	33	67	34	0	0	0	0	0
sim.504.114	none	13	5	36	40	40	39	71	57	39	0	0	0	0	0
sim.505.114	none	0	0	0	0	0	0	0	0	0	0	0	9	2	0
sim.506.114	none	0	0	16	14	66	99	91	21	21	0	0	0	0	0
sim.507.114	none	0	0	0	0	0	0	0	0	0	30	58	0	0	0
sim.508.114	none	0	0	0	0	0	0	0	0	0	23	12	0	2	21
sim.509.114	none	0	4	69	37	16	3	15	0	0	0	0	0	0	0
sim.51.114	none	20	41	0	12	5	3	5	0	0	46	43	0	0	0
sim.510.114	none	30	36	13	2	0	2	0	0	0	11	0	48	123	45
sim.511.114	none	0	0	0	0	0	0	0	0	0	21	33	0	0	0
sim.512.114	none	17	22	24	72	17	39	29	57	41	0	0	0	0	0
sim.513.114	none	25	8	22	77	7	21	24	36	33	0	0	0	0	0
sim.514.114	none	29	60	81	144	80	81	79	31	53	0	0	0	0	0
sim.515.114	none	0	0	0	0	0	0	0	0	0	0	0	3	0	25
sim.516.114	none	73	77	40	162	155	143	51	149	191	0	0	0	0	0
sim.517.114	none	0	5	26	14	6	12	18	12	8	85	40	0	5	2
sim.518.114	none	0	0	0	0	0	0	0	0	0	19	10	73	31	43
sim.519.114	none	0	0	0	0	0	0	0	0	0	63	25	12	0	7
sim.52.114	none	37	15	0	0	0	0	0	0	0	0	0	0	0	0
sim.520.114	none	0	0	0	0	0	0	0	0	0	0	0	0	0	6
sim.521.114	none	0	18	0	4	0	1	4	9	25	0	0	0	0	0
sim.522.114	none	124	181	20	45	28	19	10	65	57	0	0	0	0	0
sim.523.114	none	8	49	0	0	0	0	0	0	0	0	0	0	0	0
sim.524.114	none	27	44	40	37	47	33	66	49	20	0	0	0	0	0
sim.525.114	none	0	0	0	0	0	0	0	0	0	0	0	5	11	41
sim.526.114	none	0	0	0	0	0	0	0	0	0	4	0	40	2	5
sim.527.114	none	37	84	26	41	38	47	36	45	37	0	0	0	0	0
sim.528.114	none	0	0	0	0	0	0	0	0	0	34	83	29	32	34
sim.529.114	none	0	0	0	0	0	0	0	0	0	45	48	0	0	0
sim.53.114	none	88	107	132	92	112	121	207	79	111	0	0	0	0	0
sim.530.114	none	0	0	0	0	0	0	0	0	0	0	0	20	6	2
sim.531.114	none	0	0	0	0	0	0	0	0	0	0	0	4	0	0
sim.532.114	none	0	0	0	0	0	0	0	0	0	9	15	0	0	0
sim.533.114	none	0	0	0	0	0	0	0	0	0	24	2	46	23	41
sim.534.114	none	26	48	44	25	31	40	70	41	60	0	0	0	0	0
sim.535.114	none	0	0	0	0	0	0	0	0	0	0	0	24	35	42
sim.536.114	none	0	0	0	0	0	0	0	0	0	13	0	0	0	0
sim.537.114	none	21	5	0	0	0	0	0	7	0	0	0	0	0	0
sim.538.114	none	0	0	0	0	0	0	0	0	0	0	6	0	0	0
sim.539.114	none	0	0	0	0	0	0	0	0	0	0	0	9	25	6
sim.54.114	none	0	0	0	0	0	0	0	0	0	26	0	29	57	57
sim.540.114	none	0	0	0	0	0	0	0	0	0	0	0	9	6	19
sim.541.114	none	45	6	27	45	30	44	39	3	5	0	0	0	0	0
sim.542.114	none	21	3	0	0	0	0	0	0	0	0	0	0	0	0
sim.543.114	none	0	0	0	0	0	0	0	0	0	103	164	31	36	77
sim.544.114	none	0	0	0	0	0	0	0	0	0	0	0	5	38	26
sim.545.114	none	2	3	7	0	0	0	0	1	12	0	0	0	0	0
sim.546.114	none	5	6	0	0	0	0	0	0	0	0	0	0	0	0
sim.547.114	none	11	9	56	40	3	20	23	29	51	0	0	0	0	0
sim.548.114	none	0	0	0	0	0	0	0	0	0	0	0	0	4	32
sim.549.114	none	0	0	0	0	0	0	0	0	0	13	22	3	0	0
sim.55.114	none	24	10	40	30	41	40	6	26	50	0	0	0	0	0
sim.550.114	none	0	2	0	0	4	3	6	0	0	0	0	0	0	0
sim.551.114	none	0	0	0	0	0	0	0	0	0	49	18	0	0	0
sim.552.114	none	0	0	0	0	0	0	0	0	0	19	23	0	0	0
sim.553.114	none	56	46	12	0	3	0	0	10	7	0	0	0	0	0
sim.554.114	none	0	0	0	0	0	0	0	0	0	0	0	13	23	14
sim.555.114	none	21	16	45	15	41	27	12	51	33	0	0	0	0	0
sim.556.114	none	0	0	0	0	0	0	0	0	0	0	0	1	32	16
sim.557.114	none	0	0	0	0	0	0	0	0	0	0	0	88	42	23
sim.558.114	none	0	0	0	0	0	0	0	0	0	0	0	31	0	0
sim.559.114	none	0	0	0	0	0	0	0	0	0	2	0	42	47	30
sim.56.114	none	0	0	0	0	0	0	0	0	0	7	12	0	0	0
sim.560.114	none	0	0	0	0	0	0	0	0	0	26	7	5	18	3
sim.561.114	none	0	0	0	0	0	0	0	0	0	0	0	60	6	18
sim.562.114	none	0	0	0	0	0	0	0	0	0	31	28	20	9	49
sim.563.114	none	158	93	132	103	78	105	135	94	169	0	0	0	0	0
sim.564.114	none	0	0	0	0	0	0	0	0	0	40	24	8	10	13
sim.565.114	none	0	11	34	12	44	22	30	18	13	0	0	0	0	0
sim.566.114	none	0	0	0	0	0	0	0	0	0	0	0	13	18	11
sim.567.114	none	0	0	0	0	0	0	0	0	0	5	42	115	107	95
sim.568.114	none	0	0	0	0	0	0	0	0	0	54	5	18	10	13
sim.569.114	none	0	0	0	0	0	0	0	0	0	25	15	0	0	0
sim.57.114	none	0	0	0	0	0	0	0	0	0	32	60	7	3	9
sim.570.114	none	0	0	0	0	0	0	0	0	0	77	42	0	6	0
sim.571.114	none	0	0	0	0	0	0	0	0	0	40	69	0	6	7
sim.572.114	none	0	0	0	0	0	0	0	0	0	0	56	0	0	0
sim.573.114	none	1	10	3	55	20	21	21	30	36	0	0	0	0	0
sim.574.114	none	0	0	0	0	0	0	0	0	0	0	0	27	0	0
sim.575.114	none	60	125	145	91	112	128	153	60	76	0	0	0	0	0
sim.576.114	none	0	0	0	0	0	0	0	0	0	0	10	0	13	18
sim.577.114	none	0	0	0	0	0	0	0	0	0	0	0	0	1	10
sim.578.114	none	0	0	0	0	0	0	0	0	0	0	0	0	1	15
sim.579.114	none	0	0	0	0	0	0	0	0	0	41	16	44	41	47
sim.58.114	none	0	0	0	0	0	0	0	0	0	25	56	87	44	108
sim.580.114	none	121	189	112	136	144	99	103	158	112	0	0	0	0	0
sim.581.114	none	31	27	57	23	38	55	45	42	43	0	0	0	0	0
sim.582.114	none	0	0	0	0	0	0	0	0	0	2	5	0	0	0
sim.583.114	none	105	25	0	10	0	0	5	25	25	0	9	0	0	0
sim.584.114	none	5	7	36	11	0	0	5	2	2	0	0	0	0	0
sim.585.114	none	14	1	30	19	43	35	47	17	23	0	0	0	0	0
sim.586.114	none	5	9	1	0	19	19	17	5	0	0	0	0	0	0
sim.587.114	none	0	0	0	0	0	0	0	0	0	23	11	0	0	0
sim.588.114	none	15	26	17	30	21	35	35	16	11	0	0	0	0	0
sim.589.114	none	0	20	38	28	32	34	27	10	10	0	0	0	0	0
sim.59.114	none	57	81	74	70	115	94	135	106	87	0	0	0	0	0
sim.590.114	none	0	0	0	0	0	0	0	0	0	0	8	4	49	83
sim.591.114	none	0	0	0	0	0	0	0	0	0	0	0	9	1	14
sim.592.114	none	0	0	0	0	0	0	0	0	0	6	7	0	0	0
sim.593.114	none	0	0	0	0	0	0	0	0	0	0	0	20	0	2
sim.594.114	none	27	19	0	0	0	0	0	0	0	0	0	0	0	0
sim.595.114	none	0	0	30	56	20	42	35	29	23	0	0	0	0	0
sim.596.114	none	0	0	0	0	0	0	0	0	0	111	67	59	79	47
sim.597.114	none	0	0	0	0	0	0	0	0	0	18	11	0	0	0
sim.598.114	none	0	17	0	0	0	0	0	0	0	0	0	0	0	0
sim.599.114	none	0	7	65	54	76	75	78	43	15	0	0	0	0	0
sim.6.114	none	0	0	0	0	0	0	0	0	0	8	48	16	39	15
sim.60.114	none	0	0	0	0	0	0	0	0	0	15	32	46	15	36
sim.600.114	none	0	0	0	0	0	0	0	0	0	0	2	3	0	0
sim.601.114	none	0	0	0	0	0	0	0	0	0	30	46	49	22	13
sim.602.114	none	0	0	0	0	0	0	0	0	0	20	2	13	5	0
sim.603.114	none	0	0	0	0	0	0	0	0	0	18	104	45	49	51
sim.604.114	none	18	44	18	0	14	27	0	13	14	0	0	0	0	0
sim.605.114	none	0	0	0	0	0	0	0	0	0	1	0	10	0	0
sim.606.114	none	13	8	63	48	62	86	60	69	68	0	0	0	0	0
sim.607.114	none	15	0	27	0	5	5	1	39	16	0	0	0	0	0
sim.608.114	none	30	14	31	9	57	27	19	30	66	0	0	0	0	0
sim.609.114	none	0	0	0	0	0	0	0	0	0	22	54	42	2	2
sim.61.114	none	0	0	0	0	0	0	0	0	0	3	21	22	4	3
sim.610.114	none	0	0	0	0	0	0	0	0	0	33	0	21	23	5
sim.611.114	none	0	0	22	45	47	67	67	44	53	0	0	0	0	0
sim.612.114	none	0	0	0	0	0	0	0	0	0	10	0	21	40	32
sim.613.114	none	97	85	2	37	43	48	55	80	10	0	0	0	0	0
sim.614.114	none	0	0	0	0	0	0	0	0	0	0	0	28	8	30
sim.615.114	none	62	7	38	21	40	63	38	14	27	0	0	0	0	0
sim.616.114	none	0	0	0	0	0	0	0	0	0	4	0	0	0	0
sim.617.114	none	0	0	0	0	0	0	0	0	0	82	22	18	9	15
sim.618.114	none	0	0	0	0	0	0	0	0	0	18	51	0	5	3
sim.619.114	none	0	0	0	0	0	0	0	0	0	0	12	0	0	0
sim.62.114	none	18	112	1	13	0	0	2	27	20	0	0	0	0	0
sim.620.114	none	20	37	42	17	38	58	42	52	37	34	165	47	28	57
sim.621.114	none	21	2	45	86	65	51	81	35	31	0	0	0	0	0
sim.622.114	none	0	0	0	0	0	0	0	0	0	5	31	0	0	0
sim.623.114	none	38	14	71	62	31	36	19	25	45	0	0	0	0	0
sim.624.114	none	48	51	86	137	138	186	260	40	63	0	0	0	0	0
sim.625.114	none	0	0	0	0	0	0	0	0	0	8	0	0	0	0
sim.626.114	none	25	38	0	5	7	26	7	0	0	0	0	0	0	0
sim.627.114	none	0	0	0	0	0	0	0	0	0	0	46	0	0	0
sim.628.114	none	0	0	0	0	0	0	0	0	0	77	96	10	6	13
sim.629.114	none	0	0	0	0	0	0	0	0	0	32	81	0	7	12
sim.63.114	none	0	0	0	0	0	0	0	0	0	0	0	11	76	38
sim.630.114	none	0	0	5	0	6	15	5	4	0	0	0	0	0	0
sim.631.114	none	0	0	0	0	3	11	31	6	0	0	0	0	0	0
sim.632.114	none	26	38	11	7	18	11	18	0	25	0	0	0	0	0
sim.633.114	none	0	0	0	0	0	0	0	0	0	55	22	37	6	43
sim.634.114	none	0	13	0	0	0	0	0	0	0	0	0	0	0	0
sim.635.114	none	0	0	0	0	0	0	0	0	0	48	16	28	37	8
sim.636.114	none	0	0	0	0	0	0	0	0	0	0	0	15	46	17
sim.637.114	none	0	0	30	16	19	33	2	0	0	0	0	0	0	0
sim.638.114	none	39	63	59	13	12	5	25	15	50	0	0	0	0	0
sim.639.114	none	73	112	43	36	15	7	12	39	36	0	0	0	0	0
sim.64.114	none	0	0	0	0	0	0	0	0	0	11	0	66	60	19
sim.640.114	none	4	4	67	23	14	26	14	4	16	0	0	0	0	0
sim.641.114	none	0	1	1	2	0	0	0	0	14	0	0	0	0	0
sim.642.114	none	0	0	2	16	15	9	28	10	12	0	0	0	0	0
sim.643.114	none	0	0	0	0	0	0	0	0	0	6	40	0	0	0
sim.644.114	none	0	0	0	0	0	0	0	0	0	0	3	13	24	64
sim.645.114	none	65	102	50	13	45	28	24	38	53	0	0	0	0	0
sim.646.114	none	2	0	2	25	16	12	18	0	0	0	0	0	0	0
sim.647.114	none	37	45	19	68	10	11	50	21	7	0	0	0	0	0
sim.648.114	none	26	9	22	41	59	25	13	16	11	0	0	0	0	0
sim.649.114	none	0	0	23	0	0	0	0	0	0	0	0	0	0	0
sim.65.114	none	0	0	0	0	0	0	0	0	0	0	0	0	12	6
sim.650.114	none	26	18	12	0	20	18	26	3	0	0	0	0	0	0
sim.651.114	none	4	0	9	13	29	22	16	3	29	0	0	0	0	0
sim.652.114	none	0	0	0	0	0	0	0	0	0	52	88	29	28	23
sim.653.114	none	41	2	0	0	0	0	0	0	0	0	0	0	0	0
sim.654.114	none	0	0	9	9	0	0	1	1	35	0	0	0	0	0
sim.655.114	none	0	0	0	0	0	0	0	0	0	0	5	43	12	13
sim.656.114	none	31	14	71	137	75	77	89	38	38	0	0	0	0	0
sim.657.114	none	0	0	5	14	1	4	4	7	0	0	0	0	0	0
sim.658.114	none	0	0	0	0	0	0	0	0	0	27	33	7	13	8
sim.659.114	none	0	0	0	2	4	6	7	13	22	0	0	0	0	0
sim.66.114	none	0	0	0	0	0	0	0	0	0	56	18	37	79	49
sim.660.114	none	3	2	93	102	60	61	74	47	100	0	0	0	0	0
sim.661.114	none	0	0	0	0	0	0	0	0	0	0	0	0	42	19
sim.662.114	none	16	20	77	40	3	14	27	63	56	0	0	0	0	0
sim.663.114	none	0	0	23	5	1	4	22	54	25	0	0	0	0	0
sim.664.114	none	0	0	0	0	0	0	0	0	0	2	0	1	10	0
sim.665.114	none	0	0	0	0	0	0	0	0	0	3	7	0	2	0
sim.666.114	none	0	0	0	0	0	0	0	0	0	0	21	44	9	25
sim.667.114	none	0	0	0	0	0	0	0	0	0	2	0	24	24	16
sim.668.114	none	0	0	0	0	0	0	0	0	0	0	0	5	12	2
sim.669.114	none	13	21	12	38	10	7	6	12	29	0	0	0	0	0
sim.67.114	none	222	197	40	119	55	40	47	107	80	0	0	0	0	0
sim.670.114	none	0	0	0	0	0	0	0	0	0	3	0	6	0	0
sim.671.114	none	0	0	0	0	0	0	0	0	0	43	21	11	1	50
sim.672.114	none	43	23	28	28	59	29	75	35	28	0	0	0	0	0
sim.673.114	none	0	0	0	0	0	0	0	0	0	109	10	2	17	22
sim.674.114	none	254	64	176	130	117	120	59	138	161	0	0	0	0	0
sim.675.114	none	0	0	0	0	0	0	0	0	0	8	1	45	0	5
sim.676.114	none	46	8	76	49	12	16	3	56	43	0	0	0	0	0
sim.677.114	none	10	5	4	28	52	50	76	48	54	0	0	0	0	0
sim.678.114	none	57	30	87	46	51	31	50	27	58	0	0	0	0	0
sim.679.114	none	39	13	10	59	46	26	35	34	7	0	0	0	0	0
sim.68.114	none	0	0	0	0	0	0	0	0	0	76	49	29	19	33
sim.680.114	none	82	30	88	44	54	71	41	49	67	0	0	0	0	0
sim.681.114	none	0	0	0	0	0	0	0	0	0	40	30	37	35	24
sim.682.114	none	34	34	124	37	122	100	98	75	64	0	0	0	0	0
sim.683.114	none	0	0	0	0	0	0	0	0	0	46	36	0	0	0
sim.684.114	none	0	0	6	35	12	1	35	5	26	0	0	0	0	0
sim.685.114	none	0	22	7	8	4	18	11	29	21	0	0	0	0	0
sim.686.114	none	51	74	0	52	35	57	51	44	65	0	0	0	0	0
sim.687.114	none	0	0	0	0	0	0	0	0	0	39	32	0	0	0
sim.688.114	none	0	0	0	0	0	0	0	0	0	0	0	65	5	17
sim.689.114	none	0	0	0	0	0	0	0	0	0	0	0	6	4	1
sim.69.114	none	26	19	0	0	0	0	0	2	2	0	0	0	0	0
sim.690.114	none	0	0	0	0	0	0	0	0	0	43	91	13	1	0
sim.691.114	none	0	0	11	2	34	21	15	0	0	0	0	0	0	0
sim.692.114	none	0	0	0	0	0	0	0	0	0	64	2	39	18	9
sim.693.114	none	0	0	0	0	0	0	0	0	0	26	0	4	0	0
sim.694.114	none	10	38	9	2	0	0	0	0	0	0	0	0	0	0
sim.695.114	none	25	31	66	23	7	40	53	23	21	0	0	0	0	0
sim.696.114	none	25	18	10	36	8	9	19	23	8	0	0	0	0	0
sim.697.114	none	0	0	0	0	0	0	0	0	0	21	0	60	53	39
sim.698.114	none	33	0	0	0	0	0	0	0	0	0	0	0	0	0
sim.699.114	none	0	0	0	0	0	0	0	0	0	25	4	102	96	42
sim.7.114	none	0	0	0	0	0	0	0	0	0	0	30	89	42	19
sim.70.114	none	0	0	0	0	0	0	0	0	0	0	0	19	4	0
sim.700.114	none	0	0	0	0	0	0	0	0	0	20	26	0	2	3
sim.701.114	none	10	0	43	19	43	32	58	33	12	0	0	0	0	0
sim.702.114	none	33	41	29	29	35	13	28	28	20	0	0	0	0	0
sim.703.114	none	0	0	0	0	0	0	0	0	0	23	26	0	0	0
sim.704.114	none	0	0	0	0	0	0	0	0	0	0	0	28	0	22
sim.705.114	none	0	0	0	0	0	0	0	0	0	0	0	43	4	36
sim.706.114	none	0	0	0	0	0	0	0	0	0	29	50	50	7	14
sim.707.114	none	0	0	0	0	0	0	0	0	0	14	0	12	99	14
sim.708.114	none	0	0	0	0	0	0	0	0	0	2	18	0	0	0
sim.709.114	none	0	0	0	0	0	0	0	0	0	0	0	0	7	0
sim.71.114	none	1	4	0	4	14	9	3	1	2	0	0	0	0	0
sim.710.114	none	0	0	0	0	0	0	0	0	0	9	0	0	0	0
sim.711.114	none	0	0	53	23	82	88	42	48	28	0	0	0	0	0
sim.712.114	none	118	15	80	59	31	40	42	57	54	0	0	0	0	0
sim.713.114	none	0	0	11	8	3	0	17	40	16	0	0	0	0	0
sim.714.114	none	0	0	0	0	0	0	0	0	0	52	31	0	4	3
sim.715.114	none	0	0	0	0	0	0	0	0	0	14	24	54	27	15
sim.716.114	none	0	0	10	14	17	17	0	24	8	0	0	0	0	0
sim.717.114	none	41	31	44	12	47	37	27	47	103	0	0	0	0	0
sim.718.114	none	0	0	0	0	0	0	0	0	0	159	186	35	63	113
sim.719.114	none	0	0	12	0	7	0	13	37	1	0	0	0	0	0
sim.72.114	none	23	67	65	39	40	50	29	34	28	0	0	0	0	0
sim.720.114	none	49	125	33	18	11	3	42	29	31	0	0	0	27	27
sim.721.114	none	1	4	0	0	0	0	0	0	0	0	0	0	0	0
sim.722.114	none	37	74	25	19	88	84	122	50	63	0	0	0	0	0
sim.723.114	none	0	0	0	0	0	0	0	0	0	117	35	16	42	41
sim.724.114	none	44	19	0	0	0	0	0	2	14	0	0	0	0	0
sim.725.114	none	0	0	68	77	61	48	26	32	65	0	0	0	0	0
sim.726.114	none	15	7	34	18	44	49	32	96	39	0	0	0	0	0
sim.727.114	none	39	22	65	120	48	89	62	114	197	0	0	0	0	0
sim.728.114	none	0	0	0	0	0	0	0	0	0	1	24	36	10	22
sim.729.114	none	0	0	0	0	0	0	0	0	0	18	0	55	85	18
sim.73.114	none	32	15	10	0	0	0	0	29	21	0	0	0	0	0
sim.730.114	none	0	0	0	0	0	0	0	0	0	0	54	2	2	0
sim.731.114	none	0	0	0	0	0	0	0	0	0	3	0	42	7	19
sim.732.114	none	9	10	52	33	12	18	56	30	65	0	0	0	0	0
sim.733.114	none	0	0	0	0	0	0	0	0	0	7	25	0	0	0
sim.734.114	none	30	6	0	0	0	0	0	14	5	0	0	0	0	0
sim.735.114	none	0	0	0	0	0	0	0	0	0	0	0	36	6	7
sim.736.114	none	0	0	0	0	0	0	0	0	0	0	0	0	5	0
sim.737.114	none	0	0	0	0	0	0	0	0	0	0	0	50	0	1
sim.738.114	none	0	0	0	0	0	0	0	0	0	0	0	4	22	4
sim.739.114	none	0	0	0	0	0	0	0	0	0	32	22	0	0	0
sim.74.114	none	0	0	0	0	0	0	0	0	0	51	0	0	0	0
sim.740.114	none	59	49	36	22	65	62	44	29	14	0	0	0	0	0
sim.741.114	none	0	0	0	0	0	0	0	0	0	0	0	28	26	5
sim.742.114	none	0	50	0	0	0	0	0	1	0	0	0	0	0	0
sim.743.114	none	0	0	0	0	0	0	2	6	0	0	0	0	0	0
sim.744.114	none	0	0	0	0	0	0	0	0	0	1	30	28	30	58
sim.745.114	none	0	0	0	0	0	0	0	0	0	24	37	35	14	8
sim.746.114	none	9	2	3	0	6	18	17	7	0	0	0	0	0	0
sim.747.114	none	11	47	0	18	60	57	36	52	27	0	0	0	0	0
sim.748.114	none	0	0	0	0	0	0	0	0	0	116	75	20	35	14
sim.749.114	none	16	23	0	0	10	15	11	24	26	0	0	0	0	0
sim.75.114	none	27	44	5	24	22	19	13	1	2	0	0	0	0	0
sim.750.114	none	7	17	57	34	30	49	61	7	6	0	0	0	0	0
sim.751.114	none	0	0	0	0	0	0	0	0	0	0	8	0	0	0
sim.752.114	none	0	0	10	25	35	10	20	45	33	0	0	0	0	0
sim.753.114	none	0	0	0	0	0	0	0	0	0	111	76	27	14	13
sim.754.114	none	0	0	0	0	0	0	0	0	0	148	137	6	27	31
sim.755.114	none	0	0	0	0	0	0	0	0	0	13	7	0	0	0
sim.756.114	none	0	0	8	16	16	25	17	21	30	0	0	0	0	0
sim.757.114	none	0	0	0	0	0	0	0	0	0	35	19	0	0	0
sim.758.114	none	0	0	0	0	0	0	0	0	0	19	26	0	0	0
sim.759.114	none	0	0	0	0	0	0	0	0	0	17	25	0	6	7
sim.76.114	none	0	0	0	0	0	0	0	0	0	1	17	1	21	36
sim.760.114	none	0	0	7	55	10	31	9	52	18	3	0	0	0	0
sim.761.114	none	15	12	0	0	0	0	0	0	0	0	0	0	0	0
sim.762.114	none	5	21	0	0	0	0	0	3	6	0	0	0	0	0
sim.763.114	none	46	38	58	63	19	21	35	24	14	0	0	0	0	0
sim.764.114	none	0	0	0	0	0	0	0	0	0	44	34	2	16	4
sim.765.114	none	0	0	0	0	0	0	0	0	0	0	0	25	1	2
sim.766.114	none	0	0	0	0	0	0	0	0	0	0	25	0	30	57
sim.767.114	none	0	0	0	0	0	0	0	0	0	41	12	33	96	109
sim.768.114	none	0	0	0	0	0	0	0	0	0	78	40	34	85	39
sim.769.114	none	12	1	0	11	1	1	0	0	8	0	0	0	0	0
sim.77.114	none	0	0	4	7	7	9	5	2	4	0	0	0	0	0
sim.770.114	none	0	18	24	10	25	41	62	0	3	0	0	0	0	0
sim.771.114	none	0	0	0	9	2	2	1	4	3	0	0	0	0	0
sim.772.114	none	9	11	6	8	18	11	24	58	27	0	0	0	0	0
sim.773.114	none	0	0	0	0	0	0	0	0	0	59	62	0	0	0
sim.774.114	none	17	13	18	58	8	4	21	51	31	0	0	0	0	0
sim.775.114	none	0	2	22	43	17	5	40	40	13	0	0	0	0	0
sim.776.114	none	0	0	0	0	0	0	0	0	0	0	38	0	0	0
sim.777.114	none	0	0	0	0	0	0	0	0	0	0	0	0	25	7
sim.778.114	none	0	0	0	0	0	0	0	0	0	27	17	4	56	69
sim.779.114	none	0	0	0	0	0	0	0	0	0	0	23	0	0	0
sim.78.114	none	0	0	0	0	0	0	0	0	0	36	45	2	8	1
sim.780.114	none	11	2	0	0	0	0	0	0	0	0	0	0	0	0
sim.781.114	none	0	0	0	0	0	0	0	0	0	6	7	0	0	0
sim.782.114	none	0	0	0	0	0	0	0	0	0	34	13	0	27	47
sim.783.114	none	0	3	3	7	15	9	14	3	4	0	0	0	0	0
sim.784.114	none	0	0	8	21	12	6	43	57	83	0	0	0	0	0
sim.785.114	none	0	0	0	0	0	0	0	0	0	0	55	0	0	0
sim.786.114	none	33	34	6	1	6	15	1	1	2	0	0	0	0	0
sim.787.114	none	0	13	27	56	3	2	6	13	16	0	0	0	0	0
sim.788.114	none	80	74	84	64	116	97	83	112	96	0	0	0	0	0
sim.789.114	none	0	0	50	144	58	66	108	59	56	0	0	0	0	0
sim.79.114	none	0	0	0	0	0	0	0	0	0	0	0	44	51	52
sim.790.114	none	0	0	0	0	0	0	0	0	0	10	8	4	37	69
sim.791.114	none	2	15	0	0	0	0	0	0	0	129	83	0	0	0
sim.792.114	none	0	0	0	0	0	0	0	0	0	0	0	33	71	64
sim.793.114	none	82	40	22	9	34	51	62	8	0	0	0	0	0	0
sim.794.114	none	0	0	0	0	0	0	0	0	0	17	45	109	71	16
sim.795.114	none	0	0	0	0	0	0	0	0	0	33	8	0	6	5
sim.796.114	none	0	0	0	1	10	5	8	2	14	0	0	0	0	0
sim.797.114	none	0	0	0	0	0	0	0	0	0	0	0	17	58	36
sim.798.114	none	6	0	0	0	0	0	0	0	0	0	0	0	0	0
sim.799.114	none	0	0	0	0	0	0	0	0	0	13	37	0	0	0
sim.8.114	none	0	0	0	0	0	0	0	0	0	0	0	19	12	5
sim.80.114	none	0	0	0	0	0	0	0	0	0	0	1	6	0	0
sim.800.114	none	0	0	0	0	0	0	0	0	0	6	16	0	0	0
sim.801.114	none	0	0	0	0	0	0	0	0	0	0	1	23	1	0
sim.802.114	none	0	0	0	0	0	0	0	0	0	19	0	13	3	9
sim.803.114	none	0	0	0	0	0	0	0	0	0	10	1	35	123	59
sim.804.114	none	120	23	46	92	114	95	62	31	25	0	0	0	0	0
sim.805.114	none	0	0	0	0	0	0	0	0	0	0	2	36	108	80
sim.806.114	none	0	0	0	0	0	0	0	0	0	1	11	47	48	35
sim.807.114	none	0	0	0	0	0	0	0	0	0	69	26	19	24	10
sim.808.114	none	0	0	0	0	0	0	0	0	0	0	0	32	64	33
sim.809.114	none	79	63	70	72	59	41	62	45	68	0	0	0	0	0
sim.81.114	none	23	31	0	0	0	0	0	0	0	0	0	0	0	0
sim.810.114	none	0	1	0	0	15	6	27	0	0	0	0	0	0	0
sim.811.114	none	0	0	0	0	0	0	0	0	0	65	26	32	0	6
sim.812.114	none	0	0	0	0	0	0	0	0	0	0	36	130	141	81
sim.813.114	none	0	0	8	15	10	14	26	3	32	0	0	0	0	0
sim.814.114	none	0	0	0	0	0	0	0	0	0	0	0	12	3	7
sim.815.114	none	0	0	0	0	0	0	0	0	0	25	2	10	22	75
sim.816.114	none	0	0	0	0	0	0	0	0	0	11	30	79	33	32
sim.817.114	none	9	19	0	0	0	0	0	0	0	0	0	0	0	0
sim.818.114	none	0	0	0	0	0	0	0	0	0	61	40	3	5	5
sim.819.114	none	13	18	5	3	31	25	0	11	0	0	0	0	0	0
sim.82.114	none	0	0	0	0	0	0	0	0	0	20	0	5	32	11
sim.820.114	none	0	0	0	0	0	0	0	0	0	39	19	65	75	102
sim.821.114	none	54	34	25	32	41	49	92	70	29	0	0	0	0	0
sim.822.114	none	12	7	7	15	28	29	19	4	13	0	0	0	0	0
sim.823.114	none	27	57	3	18	20	26	26	59	26	0	0	0	0	0
sim.824.114	none	58	17	54	29	28	31	18	32	32	0	0	0	0	0
sim.825.114	none	11	27	33	62	116	88	60	59	59	0	0	0	0	0
sim.826.114	none	54	69	29	20	19	14	23	30	52	0	0	0	0	0
sim.827.114	none	0	0	0	0	0	0	0	0	0	0	11	0	0	0
sim.828.114	none	0	0	42	51	44	39	17	62	60	0	0	0	0	0
sim.829.114	none	0	0	0	0	0	0	0	0	0	62	30	0	0	0
sim.83.114	none	0	0	8	2	0	0	0	0	0	0	0	0	0	0
sim.830.114	none	5	28	2	34	25	21	10	16	30	0	0	0	0	0
sim.831.114	none	0	0	0	0	0	0	0	0	0	75	68	178	174	113
sim.832.114	none	0	0	0	0	0	0	0	0	0	3	14	29	32	24
sim.833.114	none	29	9	40	39	20	29	18	31	57	0	0	0	0	0
sim.834.114	none	6	14	0	0	0	0	0	0	0	0	0	0	0	0
sim.835.114	none	24	16	12	26	39	34	25	37	35	0	0	0	0	0
sim.836.114	none	0	0	0	0	0	0	0	0	0	52	75	9	0	0
sim.837.114	none	0	0	0	0	0	0	0	0	0	2	11	0	0	0
sim.838.114	none	0	0	0	0	0	0	0	0	0	0	0	0	11	18
sim.839.114	none	4	0	27	15	10	40	18	9	27	0	0	0	0	0
sim.84.114	none	24	7	15	27	12	6	4	63	60	0	0	0	0	0
sim.840.114	none	39	57	7	8	0	2	4	50	39	0	0	0	0	0
sim.841.114	none	0	0	0	0	0	0	0	0	0	29	67	22	5	0
sim.842.114	none	0	0	0	0	0	0	0	0	0	14	29	14	13	12
sim.843.114	none	0	0	0	0	0	0	0	0	0	21	1	0	0	0
sim.844.114	none	52	79	0	0	42	19	27	5	2	0	0	0	0	0
sim.845.114	none	0	0	0	0	0	0	0	0	0	0	0	0	0	5
sim.846.114	none	0	0	0	0	0	0	0	0	0	30	33	0	0	0
sim.847.114	none	0	0	0	0	0	0	0	0	0	24	0	34	67	34
sim.848.114	none	29	27	61	30	62	36	92	15	39	0	0	0	0	0
sim.849.114	none	2	13	0	0	0	0	0	0	0	0	0	0	0	0
sim.85.114	none	0	0	0	0	0	0	0	0	0	45	27	22	10	25
sim.850.114	none	31	74	33	2	33	71	15	28	29	0	0	0	0	0
sim.851.114	none	0	0	0	0	0	0	0	0	0	61	39	71	116	74
sim.852.114	none	0	0	0	0	0	0	0	0	0	0	0	2	12	5
sim.853.114	none	26	48	38	89	109	123	91	40	40	0	0	0	0	0
sim.854.114	none	16	24	9	4	7	1	21	49	36	0	0	0	0	0
sim.855.114	none	0	0	0	0	0	0	0	0	0	2	8	72	7	7
sim.856.114	none	0	0	0	0	0	0	0	0	0	44	63	0	0	0
sim.857.114	none	0	0	0	0	0	0	0	0	0	2	58	5	15	39
sim.858.114	none	5	0	0	0	0	0	0	0	0	0	0	0	0	0
sim.859.114	none	0	0	0	0	0	0	0	0	0	18	10	0	0	0
sim.86.114	none	9	0	0	0	0	0	0	1	3	0	0	0	0	0
sim.860.114	none	0	0	0	0	0	0	0	0	0	3	2	37	7	5
sim.861.114	none	0	0	0	0	0	0	0	0	0	0	0	5	24	25
sim.862.114	none	5	32	3	4	37	27	40	8	3	85	53	97	71	89
sim.863.114	none	13	4	12	5	31	19	18	9	11	0	0	0	0	0
sim.864.114	none	85	48	31	108	49	64	24	43	86	0	0	0	0	0
sim.865.114	none	0	8	0	0	0	0	0	0	0	0	0	0	0	0
sim.866.114	none	0	0	0	0	0	0	0	0	0	0	0	15	3	25
sim.867.114	none	0	0	0	0	0	0	0	0	0	22	29	62	33	21
sim.868.114	none	0	0	0	0	0	0	0	0	0	0	0	18	54	67
sim.869.114	none	13	11	71	16	75	63	20	41	61	0	0	0	0	0
sim.87.114	none	27	43	9	4	15	11	13	15	32	0	0	0	0	0
sim.870.114	none	14	23	47	16	28	21	42	20	7	0	0	0	0	0
sim.871.114	none	0	0	0	0	0	0	0	0	0	4	27	2	7	0
sim.872.114	none	0	0	0	0	0	0	0	0	0	13	1	0	0	0
sim.873.114	none	0	0	0	0	0	0	0	0	0	0	0	56	40	9
sim.874.114	none	0	0	7	4	0	0	0	16	15	0	0	0	0	0
sim.875.114	none	18	5	5	30	27	31	16	55	24	0	0	0	0	0
sim.876.114	none	0	0	0	0	0	0	0	0	0	6	17	0	0	0
sim.877.114	none	0	0	0	0	0	0	0	0	0	18	29	0	0	8
sim.878.114	none	0	0	0	0	0	0	0	0	0	44	36	13	9	10
sim.879.114	none	0	0	0	0	0	0	0	0	0	144	46	160	85	65
sim.88.114	none	5	18	0	0	0	0	0	0	0	0	0	0	0	0
sim.880.114	none	75	35	90	25	82	66	75	37	62	0	0	0	0	0
sim.881.114	none	0	0	0	0	0	0	0	0	0	0	0	7	3	14
sim.882.114	none	2	9	0	0	0	0	0	0	0	0	0	0	0	0
sim.883.114	none	0	0	0	0	0	0	0	0	0	19	2	26	44	15
sim.884.114	none	0	0	0	0	0	0	0	0	0	7	0	0	0	0
sim.885.114	none	0	0	0	0	0	0	0	0	0	2	0	14	6	3
sim.886.114	none	0	0	0	0	0	0	0	0	0	28	23	14	0	0
sim.887.114	none	0	0	0	0	0	0	0	0	0	53	35	0	0	0
sim.888.114	none	0	0	3	6	0	0	8	30	11	0	0	0	0	0
sim.889.114	none	0	0	13	1	7	23	29	42	46	0	0	0	0	0
sim.89.114	none	24	105	43	23	56	85	36	93	51	0	0	0	0	0
sim.890.114	none	21	74	68	1	7	8	10	9	26	0	0	0	0	0
sim.891.114	none	0	0	0	0	0	0	0	0	0	0	0	4	20	3
sim.892.114	none	0	0	0	0	0	0	0	0	0	0	32	0	0	0
sim.893.114	none	0	0	0	0	0	0	0	0	0	0	35	10	39	24
sim.894.114	none	64	65	15	57	13	12	27	54	38	0	0	0	0	0
sim.895.114	none	0	0	0	0	0	0	0	0	0	0	0	10	0	13
sim.896.114	none	0	0	0	0	0	0	0	0	0	68	5	24	52	39
sim.897.114	none	0	0	0	0	0	0	0	0	0	0	9	0	0	0
sim.898.114	none	32	22	0	0	4	0	3	13	20	23	0	11	68	44
sim.899.114	none	17	45	0	0	0	0	0	0	0	0	0	0	0	0
sim.9.114	none	0	0	0	0	0	0	0	0	0	0	0	41	26	24
sim.90.114	none	0	0	0	0	0	0	0	0	0	11	19	0	2	2
sim.900.114	none	1	21	40	12	5	12	15	0	3	0	0	0	0	0
sim.901.114	none	0	0	0	0	0	0	0	0	0	5	22	0	0	0
sim.902.114	none	5	4	35	71	28	24	36	7	49	0	0	0	0	0
sim.903.114	none	11	38	48	59	65	86	73	28	25	0	0	0	0	0
sim.904.114	none	0	0	0	0	0	0	0	0	0	64	14	34	35	23
sim.905.114	none	13	12	0	4	0	0	0	3	6	0	3	0	0	0
sim.906.114	none	0	0	0	0	0	0	0	0	0	4	27	61	36	63
sim.907.114	none	0	0	15	0	0	1	0	0	0	0	0	0	0	0
sim.908.114	none	50	47	63	36	36	61	95	32	30	0	0	0	0	0
sim.909.114	none	0	0	0	0	0	0	0	0	0	34	8	0	0	0
sim.91.114	none	0	0	0	0	0	0	0	0	0	0	0	24	18	18
sim.910.114	none	7	11	12	39	21	25	34	123	68	0	0	0	0	0
sim.911.114	none	0	9	0	0	0	0	1	0	0	0	0	0	0	0
sim.912.114	none	78	42	41	24	51	47	33	80	77	0	0	0	0	0
sim.913.114	none	0	0	0	0	0	0	0	0	0	4	0	58	78	47
sim.914.114	none	0	0	0	0	0	0	0	0	0	60	7	14	0	34
sim.915.114	none	0	0	0	0	0	0	0	0	0	35	19	21	14	6
sim.916.114	none	0	0	0	0	0	0	0	0	0	56	36	88	75	21
sim.917.114	none	8	5	56	26	37	36	25	25	6	0	0	0	0	0
sim.918.114	none	0	0	0	0	0	0	0	0	0	9	5	0	22	63
sim.919.114	none	0	0	0	0	0	0	0	0	0	0	0	0	6	0
sim.92.114	none	0	0	0	0	0	0	0	0	0	15	17	13	21	22
sim.920.114	none	0	0	21	17	39	39	11	24	3	0	0	0	0	0
sim.921.114	none	0	0	0	0	0	0	0	0	0	16	24	5	32	25
sim.922.114	none	0	0	12	0	0	0	7	0	0	0	0	0	0	0
sim.923.114	none	0	0	0	0	0	0	0	0	0	70	61	33	23	36
sim.924.114	none	0	0	0	0	0	0	0	0	0	32	18	0	0	0
sim.925.114	none	0	0	0	0	0	0	0	0	0	9	45	44	6	0
sim.926.114	none	0	27	0	0	0	0	0	0	0	0	0	0	0	0
sim.927.114	none	0	0	0	0	0	0	0	0	0	38	11	29	12	28
sim.928.114	none	0	0	0	0	0	0	0	0	0	0	1	19	51	19
sim.929.114	none	0	0	0	0	0	0	0	0	0	0	42	7	15	20
sim.93.114	none	15	3	0	0	0	0	0	0	0	0	0	0	0	0
sim.930.114	none	0	0	0	0	0	0	0	0	0	41	12	19	0	8
sim.931.114	none	49	63	17	0	23	24	18	11	20	0	0	0	0	0
sim.932.114	none	0	0	0	0	0	0	0	0	0	5	27	3	5	17
sim.933.114	none	0	0	0	0	0	0	0	0	0	0	1	4	0	0
sim.934.114	none	0	0	0	0	0	0	0	0	0	0	0	2	11	1
sim.935.114	none	0	0	0	0	0	0	0	0	0	0	58	0	0	0
sim.936.114	none	0	0	0	0	0	0	0	0	0	11	65	1	14	13
sim.937.114	none	11	29	0	0	5	2	0	28	7	0	0	0	0	0
sim.938.114	none	0	0	0	0	0	0	0	0	0	28	46	0	8	23
sim.939.114	none	0	0	0	0	0	0	0	0	0	22	54	41	30	28
sim.94.114	none	0	0	0	0	0	0	0	0	0	14	28	23	85	96
sim.940.114	none	39	71	0	0	2	21	8	0	0	0	0	0	0	0
sim.941.114	none	0	0	0	0	0	0	0	0	0	17	36	12	37	94
sim.942.114	none	57	93	4	5	0	0	0	12	1	0	0	0	0	0
sim.943.114	none	0	2	50	50	58	75	69	30	30	0	0	0	0	0
sim.944.114	none	0	0	0	0	0	0	0	0	0	0	0	15	13	24
sim.945.114	none	20	9	63	28	43	50	41	25	29	0	0	0	0	0
sim.946.114	none	0	0	0	0	0	0	0	0	0	0	0	38	55	33
sim.947.114	none	12	42	26	0	35	16	2	37	60	0	0	0	0	0
sim.948.114	none	11	43	78	29	14	9	30	59	54	0	0	0	0	0
sim.949.114	none	0	0	0	0	0	0	0	0	0	149	51	28	62	46
sim.95.114	none	6	0	2	0	0	0	0	0	0	0	0	0	0	0
sim.950.114	none	0	0	0	0	0	0	0	0	0	0	4	0	0	0
sim.951.114	none	0	0	0	64	4	5	10	20	17	0	0	0	0	0
sim.952.114	none	0	0	0	0	0	0	0	0	0	0	0	1	21	15
sim.953.114	none	10	34	0	0	0	0	0	0	21	0	0	0	0	0
sim.954.114	none	0	0	0	0	0	0	0	0	0	4	10	9	0	0
sim.955.114	none	15	3	8	59	45	36	85	48	117	0	0	0	0	0
sim.956.114	none	0	0	7	14	0	0	0	4	0	0	0	0	0	0
sim.957.114	none	0	0	0	0	0	0	0	0	0	0	0	0	6	5
sim.958.114	none	0	0	0	0	0	0	0	0	0	0	19	63	56	44
sim.959.114	none	38	48	26	23	20	17	39	6	8	0	0	0	0	0
sim.96.114	none	0	0	0	0	0	0	0	0	0	5	6	0	0	0
sim.960.114	none	0	0	0	0	0	0	0	0	0	3	0	67	59	61
sim.961.114	none	14	10	22	47	102	101	80	46	39	0	0	0	0	0
sim.962.114	none	0	0	0	0	0	0	0	0	0	31	43	0	0	8
sim.963.114	none	33	47	36	9	19	5	25	21	36	0	0	0	0	0
sim.964.114	none	0	0	0	0	0	0	0	0	0	15	78	24	76	27
sim.965.114	none	55	20	3	0	31	36	7	0	0	0	0	0	0	0
sim.966.114	none	0	0	0	0	0	0	0	0	0	0	0	14	6	9
sim.967.114	none	0	0	0	0	0	0	0	0	0	0	0	20	8	27
sim.968.114	none	0	0	23	10	30	18	16	17	39	0	0	0	0	0
sim.969.114	none	0	0	0	0	0	0	0	0	0	2	53	86	15	33
sim.97.114	none	8	35	0	0	0	0	0	0	0	0	0	0	0	0
sim.970.114	none	0	0	0	0	0	0	0	0	0	0	0	2	3	0
sim.971.114	none	24	4	0	0	0	0	0	0	0	0	0	0	0	0
sim.972.114	none	114	80	58	61	30	36	28	11	21	0	0	0	0	0
sim.973.114	none	0	0	0	0	0	0	0	0	0	31	38	59	86	26
sim.974.114	none	45	19	41	9	12	26	11	0	27	0	0	0	0	0
sim.975.114	none	0	0	0	0	0	0	0	0	0	21	5	46	41	21
sim.976.114	none	14	37	3	0	0	0	0	0	0	0	0	0	0	0
sim.977.114	none	0	0	0	0	0	0	0	0	0	40	19	67	43	22
sim.978.114	none	60	50	40	39	51	53	63	37	40	0	0	0	0	0
sim.979.114	none	21	0	1	1	0	2	7	2	12	0	0	0	0	0
sim.98.114	none	0	0	0	0	0	0	0	0	0	0	0	48	109	72
sim.980.114	none	0	0	0	0	0	0	0	0	0	0	0	9	0	1
sim.981.114	none	6	35	32	30	15	24	38	63	26	0	0	0	0	0
sim.982.114	none	67	34	21	61	43	43	178	74	86	0	0	0	0	0
sim.983.114	none	14	5	0	0	0	0	0	0	0	0	0	0	0	0
sim.984.114	none	0	0	2	1	8	1	7	0	0	0	0	0	0	0
sim.985.114	none	0	0	0	0	0	0	0	0	0	107	85	35	2	19
sim.986.114	none	59	72	0	18	60	56	37	31	11	0	0	0	0	0
sim.987.114	none	0	0	0	0	0	0	0	0	0	47	15	25	5	18
sim.988.114	none	88	81	16	14	36	48	36	38	8	0	0	0	0	0
sim.989.114	none	0	0	0	0	0	0	0	0	0	0	0	11	0	0
sim.99.114	none	0	0	0	0	0	0	0	0	0	40	0	25	29	18
sim.990.114	none	49	19	121	80	49	26	70	40	77	0	0	0	0	0
sim.991.114	none	0	0	0	0	0	0	0	0	0	49	9	13	9	26
sim.992.114	none	0	0	0	0	0	0	0	0	0	89	16	12	0	1
sim.993.114	none	0	0	0	0	9	53	21	23	28	0	0	0	0	0
sim.994.114	none	36	35	97	118	146	154	141	89	60	0	0	0	0	0
sim.995.114	none	13	16	24	45	41	48	56	4	8	0	0	0	0	0
sim.996.114	none	6	27	21	81	46	38	20	24	46	0	0	0	0	0
sim.997.114	none	0	0	0	0	0	0	0	0	0	0	20	23	4	8
sim.998.114	none	13	27	27	19	1	0	3	13	13	0	0	0	0	0
sim.999.114	none	47	26	18	0	0	0	0	19	0	0	0	0	0	0
