OGS	desc	musDom	gloMor	droWil	droPse	droYak	droMel	droAna	droVir	droMoj	culQui	aedAeg	anoDar	anoSte	anoGam
sim.0.341	none	117	43	77	113	157	122	83	20	131	0	0	0	0	0
sim.1.341	none	0	18	242	128	295	340	155	335	232	0	0	0	0	0
sim.10.341	none	0	0	0	0	0	0	0	0	0	84	0	0	0	0
sim.100.341	none	46	65	0	0	0	0	0	30	42	0	0	0	0	0
sim.101.341	none	0	0	0	0	0	0	0	0	0	30	131	0	24	2
sim.102.341	none	0	0	11	7	0	0	7	12	0	0	0	0	0	0
sim.103.341	none	242	286	99	129	59	35	36	147	184	0	0	0	0	0
sim.104.341	none	0	0	0	0	0	0	0	0	0	152	204	69	198	197
sim.105.341	none	0	0	0	0	0	0	0	0	0	63	0	0	0	0
sim.106.341	none	0	0	0	0	0	0	0	0	0	177	7	126	220	307
sim.107.341	none	0	0	0	0	0	0	0	0	0	0	0	39	29	73
sim.108.341	none	204	400	168	8	10	92	68	31	44	0	0	0	0	0
sim.109.341	none	0	0	10	0	8	0	5	31	84	0	0	0	0	0
sim.11.341	none	67	78	35	96	100	73	78	153	53	0	0	0	0	0
sim.110.341	none	7	124	82	47	56	22	37	44	48	0	0	0	0	0
sim.111.341	none	35	6	38	3	23	7	5	82	166	0	0	0	0	0
sim.112.341	none	13	27	0	0	0	0	0	0	0	0	0	0	0	0
sim.113.341	none	0	0	0	0	0	0	0	0	0	53	342	152	24	8
sim.114.341	none	0	0	0	0	0	0	0	0	0	88	120	91	17	35
sim.115.341	none	77	13	0	0	0	0	0	55	28	0	0	0	0	0
sim.116.341	none	6	112	12	0	0	0	0	1	0	0	0	0	0	0
sim.117.341	none	488	221	259	329	372	414	304	378	556	0	0	0	0	0
sim.118.341	none	200	350	56	78	81	77	217	31	29	0	0	0	0	0
sim.119.341	none	0	0	15	2	46	25	17	0	0	0	0	0	0	0
sim.12.341	none	70	2	0	119	112	107	77	0	0	0	0	0	0	0
sim.120.341	none	7	57	0	53	165	202	28	43	79	0	0	0	0	0
sim.121.341	none	247	159	438	480	384	313	401	337	292	0	0	0	0	0
sim.122.341	none	0	0	0	0	0	0	0	0	0	141	59	0	0	0
sim.123.341	none	222	246	0	12	64	25	6	42	59	0	0	0	0	0
sim.124.341	none	0	0	0	0	0	0	0	0	0	23	0	0	0	0
sim.125.341	none	10	19	137	0	0	0	0	2	57	0	0	0	0	0
sim.126.341	none	0	0	0	0	0	0	0	0	0	198	100	181	298	305
sim.127.341	none	1	50	14	50	58	69	21	37	0	0	0	0	0	0
sim.128.341	none	252	223	75	214	76	85	93	91	153	0	0	0	0	0
sim.129.341	none	0	0	0	0	0	0	0	0	0	0	0	107	280	261
sim.13.341	none	31	0	141	141	149	111	133	106	75	0	0	0	0	0
sim.130.341	none	0	0	101	93	5	13	101	16	57	0	0	0	0	0
sim.131.341	none	98	329	219	332	322	244	228	233	343	0	0	0	0	0
sim.132.341	none	0	0	11	0	0	0	0	10	5	0	0	0	0	0
sim.133.341	none	0	0	0	0	0	0	0	0	0	246	94	146	200	135
sim.134.341	none	0	0	0	0	0	0	0	0	0	128	44	10	0	0
sim.135.341	none	6	59	116	39	51	43	112	81	75	0	0	0	0	0
sim.136.341	none	0	0	0	0	0	0	0	0	0	150	211	42	82	30
sim.137.341	none	0	0	0	0	0	0	0	0	0	21	137	202	41	98
sim.138.341	none	45	15	279	358	211	213	188	365	179	0	0	0	0	0
sim.139.341	none	0	0	0	0	0	0	0	0	0	31	41	103	37	0
sim.14.341	none	49	60	0	41	45	76	10	14	41	0	0	0	0	0
sim.140.341	none	0	0	0	0	0	0	0	0	0	0	0	93	15	9
sim.141.341	none	0	0	0	0	0	0	0	0	0	180	331	271	492	402
sim.142.341	none	0	22	1	63	28	24	5	52	30	0	0	0	0	0
sim.143.341	none	0	0	0	0	0	0	0	0	0	98	79	165	210	87
sim.144.341	none	73	10	0	0	0	0	0	56	13	0	0	0	0	0
sim.145.341	none	0	0	0	0	0	0	0	0	0	5	0	75	37	66
sim.146.341	none	0	0	0	81	48	47	44	103	10	0	0	0	0	0
sim.147.341	none	7	0	0	0	0	0	0	0	0	0	0	0	0	0
sim.148.341	none	29	0	169	109	2	0	62	88	106	0	0	0	0	0
sim.149.341	none	0	0	0	0	0	0	0	0	0	4	0	0	0	0
sim.15.341	none	10	17	0	0	0	0	0	0	0	0	0	0	0	0
sim.150.341	none	101	129	60	28	46	45	14	10	24	0	0	0	0	0
sim.151.341	none	0	0	0	0	0	0	0	0	0	183	40	23	8	2
sim.152.341	none	0	0	0	0	0	0	0	0	0	4	10	9	45	25
sim.153.341	none	0	0	0	0	0	0	0	0	0	173	37	0	0	0
sim.154.341	none	288	166	136	363	234	274	125	168	201	0	0	0	0	0
sim.155.341	none	168	94	146	212	80	148	173	293	203	0	0	0	0	0
sim.156.341	none	17	0	26	115	75	115	188	286	133	0	0	0	0	0
sim.157.341	none	0	0	0	0	0	0	0	0	0	0	10	0	0	0
sim.158.341	none	0	0	0	0	0	0	0	0	0	0	0	35	0	0
sim.159.341	none	0	0	0	0	0	0	0	0	0	0	0	48	79	119
sim.16.341	none	0	0	0	0	0	0	0	0	0	21	0	0	72	21
sim.160.341	none	135	66	68	267	83	93	115	73	157	0	0	0	0	0
sim.161.341	none	0	0	0	0	0	0	0	0	0	110	248	11	110	93
sim.162.341	none	0	0	0	0	0	0	0	0	0	13	0	0	0	0
sim.163.341	none	0	0	0	0	0	0	0	0	0	38	28	9	45	13
sim.164.341	none	0	0	0	0	0	0	0	0	0	34	46	0	0	0
sim.165.341	none	0	0	0	0	0	0	0	0	0	0	0	48	0	0
sim.166.341	none	0	0	0	0	0	0	0	0	0	61	239	0	0	0
sim.167.341	none	108	14	59	68	86	90	98	132	13	0	0	0	0	0
sim.168.341	none	65	40	0	0	0	0	0	65	50	0	0	0	0	0
sim.169.341	none	0	0	0	0	4	7	12	33	20	0	0	0	0	0
sim.17.341	none	0	0	0	0	0	0	0	0	0	0	0	20	34	42
sim.170.341	none	0	0	0	0	0	0	0	0	0	232	0	184	1	8
sim.171.341	none	76	129	0	47	26	7	0	0	13	0	0	0	0	0
sim.172.341	none	0	0	0	0	0	0	0	0	0	0	0	109	0	0
sim.173.341	none	20	104	21	7	58	85	30	40	54	0	0	0	0	0
sim.174.341	none	0	0	28	0	0	3	32	12	22	0	0	0	0	0
sim.175.341	none	0	0	0	0	0	0	0	0	0	23	0	0	0	0
sim.176.341	none	0	0	0	0	0	0	0	0	0	16	10	101	23	131
sim.177.341	none	45	24	122	65	67	75	118	246	173	0	0	0	0	0
sim.178.341	none	0	0	0	0	0	0	0	0	0	0	38	0	0	0
sim.179.341	none	0	0	0	0	0	0	0	0	0	48	0	46	51	0
sim.18.341	none	0	0	0	0	0	0	0	0	0	51	70	0	0	0
sim.180.341	none	0	0	0	0	0	0	0	0	0	175	42	8	56	52
sim.181.341	none	0	0	0	0	0	0	0	0	0	4	15	19	0	0
sim.182.341	none	0	0	0	0	0	0	0	0	0	74	0	14	10	33
sim.183.341	none	2	7	0	0	0	0	0	0	0	0	0	0	0	0
sim.184.341	none	0	0	100	26	175	140	91	0	0	0	0	0	0	0
sim.185.341	none	0	0	0	0	0	0	0	0	0	0	0	33	33	5
sim.186.341	none	132	203	15	97	135	140	215	123	71	0	0	0	0	0
sim.187.341	none	250	33	318	174	284	343	103	250	175	0	0	0	0	0
sim.188.341	none	0	0	0	0	0	0	0	0	0	0	0	425	258	137
sim.189.341	none	59	2	0	0	0	0	0	0	0	0	0	0	0	0
sim.19.341	none	0	0	0	0	0	0	0	0	0	141	345	226	114	152
sim.190.341	none	0	0	0	0	0	0	0	0	0	0	0	24	31	10
sim.191.341	none	95	176	166	330	176	186	195	247	370	0	0	0	0	0
sim.192.341	none	0	0	0	9	0	0	0	119	75	0	0	0	0	0
sim.193.341	none	0	0	0	0	0	0	0	0	0	0	0	11	0	0
sim.194.341	none	62	59	0	0	69	35	47	35	30	0	0	0	0	0
sim.195.341	none	0	0	0	0	0	0	0	0	0	0	0	105	86	100
sim.196.341	none	121	127	434	146	254	234	171	156	79	0	0	0	0	0
sim.197.341	none	42	133	139	179	127	140	112	180	237	0	0	0	0	0
sim.198.341	none	0	0	0	0	0	0	0	0	0	0	51	43	42	72
sim.199.341	none	0	15	0	0	0	0	0	0	0	0	0	0	0	0
sim.2.341	none	172	144	139	261	225	212	186	425	411	0	0	0	0	0
sim.20.341	none	12	0	0	20	26	76	51	0	0	0	0	0	0	0
sim.200.341	none	0	0	0	0	0	0	0	0	0	89	113	50	31	44
sim.201.341	none	0	0	0	0	0	0	0	0	0	0	0	77	0	0
sim.202.341	none	0	0	60	109	97	134	167	87	101	0	0	0	0	0
sim.203.341	none	215	193	155	163	16	33	70	142	224	0	0	0	0	0
sim.204.341	none	0	0	0	0	0	0	0	0	0	131	28	175	46	61
sim.205.341	none	82	105	30	24	6	0	2	30	18	0	0	0	0	0
sim.206.341	none	0	0	0	0	0	0	0	0	0	135	147	0	0	0
sim.207.341	none	0	0	0	0	0	0	0	0	0	2	21	0	0	0
sim.208.341	none	0	0	91	0	50	48	32	28	27	0	0	0	0	0
sim.209.341	none	197	19	53	52	73	73	49	95	90	0	0	0	0	0
sim.21.341	none	170	55	50	153	67	7	41	16	35	0	0	0	0	0
sim.210.341	none	0	0	0	0	0	0	0	0	0	28	0	29	121	155
sim.211.341	none	30	25	44	0	18	9	55	59	53	0	0	0	0	0
sim.212.341	none	0	0	0	0	0	0	0	0	0	3	23	1	22	42
sim.213.341	none	0	0	0	0	0	0	0	0	0	38	0	75	17	0
sim.214.341	none	0	0	0	0	0	0	0	0	0	78	55	76	78	167
sim.215.341	none	363	133	30	28	19	32	19	16	0	0	0	0	0	0
sim.216.341	none	0	0	0	0	0	0	0	0	0	77	112	0	0	0
sim.217.341	none	0	0	0	0	0	0	0	0	0	8	0	0	0	0
sim.218.341	none	0	0	0	0	0	0	0	0	0	0	0	192	74	135
sim.219.341	none	0	0	0	0	0	0	0	0	0	225	262	0	0	0
sim.22.341	none	0	0	0	0	0	0	0	0	0	0	0	0	22	68
sim.220.341	none	132	44	79	33	31	77	23	82	63	0	0	0	0	0
sim.221.341	none	0	0	0	0	0	0	0	0	0	6	181	43	45	36
sim.222.341	none	8	37	180	58	59	73	114	169	10	0	0	0	0	0
sim.223.341	none	69	12	80	88	209	149	151	43	36	0	0	0	0	0
sim.224.341	none	0	0	0	0	0	0	0	0	0	11	81	64	296	189
sim.225.341	none	0	0	0	0	0	0	0	0	0	0	0	133	0	0
sim.226.341	none	0	0	0	0	0	0	0	0	0	41	65	27	125	110
sim.227.341	none	0	0	0	0	0	0	0	0	0	16	0	0	222	46
sim.228.341	none	28	26	5	0	47	24	28	207	48	0	0	0	0	0
sim.229.341	none	0	0	0	0	0	0	0	0	0	0	0	7	2	2
sim.23.341	none	151	78	389	126	144	195	268	267	270	0	0	0	0	0
sim.230.341	none	0	0	0	0	0	0	0	0	0	91	60	92	1	0
sim.231.341	none	45	51	0	0	0	0	0	0	0	0	0	0	0	0
sim.232.341	none	0	0	0	0	0	0	0	0	0	15	6	122	31	17
sim.233.341	none	41	31	3	0	25	32	0	13	13	0	0	0	0	0
sim.234.341	none	42	118	310	270	220	109	73	337	176	0	0	0	0	0
sim.235.341	none	68	0	0	0	0	0	0	0	0	0	0	0	0	0
sim.236.341	none	0	16	14	15	0	0	19	19	7	0	0	0	0	0
sim.237.341	none	0	0	0	0	0	0	0	0	0	0	18	0	0	0
sim.238.341	none	0	0	0	0	0	0	0	0	0	18	33	23	40	33
sim.239.341	none	41	18	30	0	64	67	65	13	31	0	0	0	0	0
sim.24.341	none	0	0	0	0	0	0	0	0	0	203	218	723	243	346
sim.240.341	none	0	0	0	0	0	0	0	0	0	0	0	0	0	17
sim.241.341	none	0	0	0	0	0	0	0	0	0	0	0	0	47	13
sim.242.341	none	0	0	0	0	0	0	0	0	0	283	67	46	21	18
sim.243.341	none	0	0	12	32	0	9	0	83	36	0	0	0	0	0
sim.244.341	none	75	1	22	130	16	22	38	68	32	0	0	0	0	0
sim.245.341	none	0	0	0	0	0	0	0	0	0	23	0	144	157	168
sim.246.341	none	0	0	0	0	0	0	0	0	0	108	113	123	8	65
sim.247.341	none	0	0	0	0	0	0	0	0	0	0	0	10	19	180
sim.248.341	none	0	0	0	0	0	0	0	0	0	203	64	50	0	9
sim.249.341	none	20	9	8	21	5	24	25	43	1	0	0	0	0	0
sim.25.341	none	0	0	0	0	0	0	0	0	0	174	8	0	0	19
sim.250.341	none	0	0	0	5	0	0	6	29	1	0	0	0	0	0
sim.251.341	none	122	36	0	0	10	4	0	0	0	0	0	0	0	0
sim.252.341	none	45	58	42	116	146	259	237	100	95	0	0	0	0	0
sim.253.341	none	0	0	0	0	0	0	0	0	0	0	0	21	13	16
sim.254.341	none	0	0	110	124	113	79	48	46	31	0	0	0	0	0
sim.255.341	none	145	163	238	177	99	97	167	566	418	0	0	0	0	0
sim.256.341	none	0	0	27	121	169	136	71	31	31	0	0	0	0	0
sim.257.341	none	0	0	0	0	0	0	0	0	0	61	42	17	4	29
sim.258.341	none	0	0	0	0	0	0	0	0	0	0	127	0	0	0
sim.259.341	none	0	0	0	0	0	0	0	0	0	231	310	62	181	412
sim.26.341	none	31	101	37	11	158	72	92	65	33	0	0	0	0	0
sim.260.341	none	0	0	0	0	0	0	0	0	0	25	18	0	0	0
sim.261.341	none	0	0	0	83	20	44	0	0	0	0	0	0	0	0
sim.262.341	none	0	106	0	0	0	0	0	0	0	0	0	0	0	0
sim.263.341	none	78	65	3	32	27	57	12	67	56	0	0	0	0	0
sim.264.341	none	56	0	0	0	0	0	0	0	0	0	0	0	0	0
sim.265.341	none	0	0	0	0	0	0	0	0	0	68	225	46	13	112
sim.266.341	none	0	0	48	0	24	18	37	96	18	0	0	0	0	0
sim.267.341	none	0	0	0	0	0	0	0	0	0	0	0	260	28	18
sim.268.341	none	35	0	0	0	0	0	0	0	0	0	0	0	0	0
sim.269.341	none	14	2	36	56	58	48	123	96	96	0	0	0	0	0
sim.27.341	none	0	0	5	10	26	3	0	79	116	0	0	0	0	0
sim.270.341	none	0	0	0	0	0	0	0	0	0	9	55	28	109	88
sim.271.341	none	12	0	349	91	332	285	104	178	283	0	0	0	0	0
sim.272.341	none	22	70	18	70	79	56	46	0	7	0	0	0	0	0
sim.273.341	none	0	0	0	0	0	0	0	0	0	0	139	49	75	56
sim.274.341	none	0	0	0	0	0	0	0	0	0	10	0	0	0	0
sim.275.341	none	0	0	0	0	0	0	0	0	0	0	63	0	0	0
sim.276.341	none	0	0	0	0	0	0	0	0	0	0	0	12	21	20
sim.277.341	none	0	0	0	0	0	0	0	0	0	0	0	127	4	49
sim.278.341	none	312	219	495	393	391	545	402	434	354	0	0	0	0	0
sim.279.341	none	0	0	0	0	0	0	0	0	0	53	27	79	113	7
sim.28.341	none	44	137	43	46	209	273	141	165	93	0	0	0	0	0
sim.280.341	none	0	0	0	0	0	0	0	0	0	89	182	131	55	21
sim.281.341	none	0	0	0	0	0	0	0	0	0	21	36	232	157	114
sim.282.341	none	0	64	0	0	0	0	0	0	0	0	0	0	0	0
sim.283.341	none	0	28	0	0	0	0	0	0	0	0	0	0	0	0
sim.284.341	none	5	0	30	54	11	15	169	193	161	0	0	0	0	0
sim.285.341	none	0	0	0	0	0	0	0	0	0	573	195	313	326	431
sim.286.341	none	59	31	0	0	0	0	0	0	34	0	0	0	0	0
sim.287.341	none	0	0	0	0	0	0	0	0	0	27	25	87	202	92
sim.288.341	none	114	90	101	67	19	109	46	0	0	15	18	0	47	2
sim.289.341	none	0	0	0	0	0	0	0	0	0	0	42	67	0	6
sim.29.341	none	0	0	0	0	0	0	0	0	0	0	21	0	0	0
sim.290.341	none	0	0	0	0	0	0	0	0	0	0	0	33	38	66
sim.291.341	none	0	12	0	0	0	0	0	0	0	0	0	0	0	0
sim.292.341	none	0	0	0	0	0	0	0	0	0	183	21	0	0	0
sim.293.341	none	34	89	207	108	64	60	122	110	130	0	0	0	0	0
sim.294.341	none	0	0	0	0	0	0	0	0	0	140	113	9	65	1
sim.295.341	none	84	102	118	107	67	91	80	33	25	0	0	0	0	0
sim.296.341	none	154	75	61	123	104	142	135	92	149	0	0	0	0	0
sim.297.341	none	0	0	0	0	0	0	0	0	0	0	0	51	86	42
sim.298.341	none	0	0	0	0	0	0	0	0	0	0	0	51	34	50
sim.299.341	none	0	0	0	0	0	0	0	0	0	28	55	54	58	52
sim.3.341	none	6	56	13	0	13	44	58	0	0	0	0	0	0	0
sim.30.341	none	126	27	44	66	172	47	135	58	54	0	0	0	0	0
sim.300.341	none	109	67	76	87	34	36	96	106	110	0	0	0	0	0
sim.301.341	none	0	0	0	0	0	0	0	0	0	137	66	123	0	0
sim.302.341	none	0	0	0	0	0	0	0	0	0	11	0	210	139	150
sim.303.341	none	0	0	47	27	12	2	3	170	147	0	0	0	0	0
sim.304.341	none	0	0	0	0	0	0	0	0	0	0	0	19	0	0
sim.305.341	none	0	0	0	0	0	0	0	0	0	0	81	130	26	21
sim.306.341	none	0	0	0	0	0	0	0	0	0	32	45	0	0	0
sim.307.341	none	0	0	0	0	0	0	0	0	0	94	25	104	2	7
sim.308.341	none	0	0	0	0	0	0	0	0	0	0	0	149	271	200
sim.309.341	none	19	36	41	9	51	50	26	230	190	0	0	0	0	0
sim.31.341	none	37	97	138	295	65	94	116	69	100	0	0	0	0	0
sim.310.341	none	0	0	0	0	0	0	0	0	0	158	66	169	78	102
sim.311.341	none	0	0	0	0	0	0	0	0	0	0	64	206	14	85
sim.312.341	none	27	0	0	18	21	41	20	4	25	0	0	0	0	0
sim.313.341	none	0	0	0	88	50	47	69	0	32	0	0	0	0	0
sim.314.341	none	16	139	49	59	67	44	33	127	39	0	0	0	0	0
sim.315.341	none	2	50	0	0	0	0	0	0	0	0	0	0	0	0
sim.316.341	none	12	25	0	0	0	0	0	0	0	0	0	0	0	0
sim.317.341	none	12	88	0	0	0	0	0	0	0	0	0	0	0	0
sim.318.341	none	0	0	0	0	0	0	0	0	0	355	137	157	312	104
sim.319.341	none	0	0	0	0	0	0	0	0	0	51	57	8	31	28
sim.32.341	none	0	0	0	0	0	0	0	0	0	111	0	0	0	0
sim.320.341	none	0	0	0	0	0	0	0	0	0	318	167	188	111	41
sim.321.341	none	8	0	3	6	0	0	0	0	0	0	0	0	0	0
sim.322.341	none	0	0	0	0	0	0	0	0	0	0	0	27	15	93
sim.323.341	none	169	47	38	33	0	0	34	71	67	0	0	0	0	0
sim.324.341	none	25	45	60	0	0	0	0	22	19	0	0	0	0	0
sim.325.341	none	0	0	0	0	0	0	0	0	0	237	263	186	168	215
sim.326.341	none	0	0	0	0	0	0	0	0	0	171	273	243	91	136
sim.327.341	none	82	171	124	75	97	117	72	39	0	0	0	0	0	0
sim.328.341	none	49	19	19	52	202	184	110	1	7	0	0	0	0	0
sim.329.341	none	0	0	0	0	0	0	0	0	0	39	0	0	0	0
sim.33.341	none	51	42	0	0	0	0	0	0	0	0	0	0	0	0
sim.330.341	none	32	117	130	35	23	44	79	72	50	0	0	0	0	0
sim.331.341	none	0	0	73	28	101	36	99	75	153	0	0	0	0	0
sim.332.341	none	11	16	170	97	57	36	32	322	321	0	0	0	0	0
sim.333.341	none	0	0	0	0	0	0	0	0	0	157	1	40	7	55
sim.334.341	none	0	4	10	22	0	17	12	0	0	0	0	0	0	0
sim.335.341	none	0	0	0	0	0	0	0	0	0	4	7	0	33	36
sim.336.341	none	0	0	0	0	0	0	0	0	0	63	54	0	0	0
sim.337.341	none	0	0	0	0	0	0	0	0	0	197	372	468	404	439
sim.338.341	none	0	0	0	0	0	0	0	0	0	160	60	0	0	0
sim.339.341	none	0	6	78	17	50	96	29	30	62	0	0	0	0	0
sim.34.341	none	0	0	0	0	0	0	0	0	0	63	0	0	0	0
sim.340.341	none	0	0	0	0	0	0	0	0	0	0	0	119	29	41
sim.341	none.341	0	0	0	0	0	0	0	0	0	0	0	230	68	24
sim.342.341	none	0	0	0	0	0	0	0	0	0	0	0	17	37	0
sim.343.341	none	0	0	0	0	0	0	0	0	0	0	66	0	0	0
sim.344.341	none	101	27	0	54	16	6	3	25	49	0	0	0	0	0
sim.345.341	none	0	0	0	0	0	0	0	0	0	0	0	0	17	0
sim.346.341	none	0	0	0	0	0	0	0	0	0	0	106	15	1	7
sim.347.341	none	158	265	181	349	231	261	265	328	260	0	0	0	0	0
sim.348.341	none	23	97	143	78	126	107	286	69	76	0	0	0	0	0
sim.349.341	none	0	0	0	0	0	0	0	0	0	44	177	0	0	0
sim.35.341	none	0	0	0	0	0	0	0	0	0	91	68	0	3	13
sim.350.341	none	38	51	42	56	49	54	52	90	58	0	0	0	0	0
sim.351.341	none	0	0	0	0	0	0	0	0	0	488	82	223	54	48
sim.352.341	none	35	18	120	19	27	3	0	89	32	0	0	0	0	0
sim.353.341	none	0	0	0	0	0	0	0	0	0	112	0	6	0	0
sim.354.341	none	0	0	0	0	0	0	0	0	0	13	30	159	89	103
sim.355.341	none	0	0	0	0	0	0	0	0	0	153	50	50	129	160
sim.356.341	none	0	0	0	0	0	0	0	0	0	56	16	27	53	31
sim.357.341	none	0	0	0	0	0	0	0	0	0	0	0	17	19	64
sim.358.341	none	0	0	0	0	0	0	0	0	0	10	0	23	90	152
sim.359.341	none	0	0	0	0	0	0	0	0	0	0	18	70	180	210
sim.36.341	none	24	20	10	29	133	160	112	60	53	0	0	0	0	0
sim.360.341	none	42	0	0	0	0	0	0	0	0	0	0	0	0	0
sim.361.341	none	0	0	0	0	0	0	0	0	0	245	162	84	75	134
sim.362.341	none	23	34	0	0	0	0	0	0	0	0	0	0	0	0
sim.363.341	none	0	0	0	0	0	0	0	0	0	142	159	168	56	53
sim.364.341	none	0	0	0	0	0	0	0	0	0	269	92	63	67	95
sim.365.341	none	85	28	56	6	43	66	33	18	2	0	0	0	0	0
sim.366.341	none	0	0	5	0	0	0	0	0	0	0	0	0	0	0
sim.367.341	none	0	0	0	0	0	0	0	0	0	0	0	191	100	28
sim.368.341	none	61	104	0	0	0	0	0	0	0	0	0	0	0	0
sim.369.341	none	0	0	0	0	0	0	0	0	0	30	11	0	0	0
sim.37.341	none	209	171	124	70	158	106	234	24	56	0	0	0	0	0
sim.370.341	none	0	0	0	0	0	0	0	0	0	0	33	0	0	0
sim.371.341	none	118	110	31	40	38	24	49	83	61	0	0	0	0	0
sim.372.341	none	118	48	13	78	75	72	105	20	18	0	0	0	0	0
sim.373.341	none	32	12	84	32	11	10	42	0	0	0	0	0	0	0
sim.374.341	none	0	0	0	0	0	0	0	0	0	29	48	64	292	278
sim.375.341	none	0	0	0	0	0	0	0	0	0	0	0	160	56	150
sim.376.341	none	0	0	0	0	0	0	0	0	0	38	0	0	0	0
sim.377.341	none	4	0	78	163	144	71	135	75	127	0	0	0	0	0
sim.378.341	none	0	0	0	0	0	0	0	0	0	13	0	0	0	0
sim.379.341	none	0	0	0	0	0	0	0	0	0	7	28	244	130	127
sim.38.341	none	0	0	0	0	0	0	0	0	0	31	181	0	0	0
sim.380.341	none	0	0	0	0	0	0	0	0	0	48	23	455	380	487
sim.381.341	none	0	0	20	3	134	141	71	155	88	0	0	0	0	0
sim.382.341	none	0	0	0	0	0	0	0	0	0	234	171	142	438	433
sim.383.341	none	212	95	49	144	98	66	108	98	194	0	0	0	0	0
sim.384.341	none	0	0	0	0	0	0	0	0	0	0	24	19	0	0
sim.385.341	none	0	0	0	0	0	0	0	0	0	53	162	27	124	159
sim.386.341	none	0	0	0	22	0	0	0	0	10	0	0	0	0	0
sim.387.341	none	0	94	34	0	53	10	54	16	70	0	0	0	0	0
sim.388.341	none	0	0	0	0	0	0	0	0	0	133	8	0	32	37
sim.389.341	none	0	0	56	80	22	19	66	65	120	0	0	0	0	0
sim.39.341	none	128	69	196	210	59	140	107	143	189	0	0	0	0	0
sim.390.341	none	0	0	0	0	0	0	0	0	0	0	0	27	5	20
sim.391.341	none	43	53	110	264	73	66	265	61	41	0	0	0	0	0
sim.392.341	none	0	0	0	0	0	0	0	0	19	160	119	2	77	72
sim.393.341	none	0	0	0	0	0	0	0	0	0	0	0	0	0	70
sim.394.341	none	0	8	163	54	162	178	141	340	376	0	0	0	0	0
sim.395.341	none	0	0	0	0	0	0	0	54	30	0	0	0	0	0
sim.396.341	none	0	0	0	0	0	0	0	0	0	7	117	0	0	0
sim.397.341	none	112	98	122	53	89	140	72	139	133	0	0	0	0	0
sim.398.341	none	152	191	202	138	84	198	88	68	118	0	0	0	0	0
sim.399.341	none	0	0	0	0	0	0	0	0	0	0	32	0	10	31
sim.4.341	none	0	0	0	0	0	0	0	0	0	115	77	0	0	0
sim.40.341	none	0	0	0	0	0	0	0	0	0	274	297	0	0	0
sim.400.341	none	0	0	0	0	0	0	0	0	0	0	0	12	42	20
sim.401.341	none	0	0	0	0	0	0	0	0	0	0	0	31	297	214
sim.402.341	none	0	0	0	0	0	0	0	0	0	33	28	369	330	324
sim.403.341	none	47	11	29	175	100	75	81	144	167	0	0	0	0	0
sim.404.341	none	0	0	0	0	0	0	0	0	0	61	299	341	88	121
sim.405.341	none	14	0	90	81	27	49	78	75	131	0	0	0	0	0
sim.406.341	none	0	0	0	0	0	0	0	0	0	120	2	57	34	225
sim.407.341	none	0	27	55	25	17	7	13	66	21	0	0	0	0	0
sim.408.341	none	0	0	0	0	0	0	0	0	0	96	108	0	0	0
sim.409.341	none	0	0	0	0	0	0	0	0	0	231	278	121	59	64
sim.41.341	none	0	0	0	0	0	0	0	0	0	58	91	123	43	6
sim.410.341	none	0	0	0	0	0	0	0	0	0	0	0	0	49	14
sim.411.341	none	0	0	0	0	0	0	0	0	0	210	261	293	122	221
sim.412.341	none	242	196	245	108	34	49	60	66	35	0	0	0	0	0
sim.413.341	none	0	0	0	0	0	0	0	0	0	70	90	0	0	0
sim.414.341	none	79	15	29	33	73	60	0	79	76	0	0	0	0	0
sim.415.341	none	0	0	0	0	0	0	0	0	0	0	0	33	21	0
sim.416.341	none	208	130	206	115	55	79	75	156	121	0	0	0	0	0
sim.417.341	none	0	0	0	0	0	0	0	0	0	22	59	38	11	4
sim.418.341	none	0	0	0	0	0	0	0	0	0	43	18	177	150	301
sim.419.341	none	0	0	0	0	0	0	0	0	0	95	186	172	152	134
sim.42.341	none	0	0	0	0	0	0	0	0	0	48	24	0	0	0
sim.420.341	none	0	0	0	0	0	0	0	0	0	0	0	0	34	0
sim.421.341	none	0	0	0	0	0	0	0	0	0	128	36	0	0	0
sim.422.341	none	0	0	3	0	24	7	0	0	0	0	0	0	0	0
sim.423.341	none	0	15	0	0	0	0	0	0	0	0	0	0	0	0
sim.424.341	none	311	514	0	94	13	33	40	0	0	0	0	0	0	0
sim.425.341	none	138	96	28	57	15	5	23	40	85	0	0	0	0	0
sim.426.341	none	0	0	0	0	0	0	0	0	0	11	36	0	0	0
sim.427.341	none	124	117	0	33	0	0	0	0	0	0	0	0	0	0
sim.428.341	none	0	0	108	20	8	51	7	12	0	0	0	0	0	0
sim.429.341	none	0	0	0	0	0	0	0	0	0	0	0	25	35	48
sim.43.341	none	107	47	23	19	36	68	19	111	138	0	0	0	0	0
sim.430.341	none	0	0	0	0	0	0	0	0	0	73	64	0	0	0
sim.431.341	none	0	0	0	0	0	0	0	0	0	139	43	69	101	314
sim.432.341	none	102	172	0	0	0	0	0	0	0	0	0	0	0	0
sim.433.341	none	237	225	148	128	59	80	86	42	105	0	0	0	0	0
sim.434.341	none	33	0	0	0	0	0	0	0	0	0	0	0	0	0
sim.435.341	none	0	0	0	0	0	0	0	0	0	71	180	0	0	0
sim.436.341	none	180	132	229	275	181	99	211	559	328	0	0	0	0	0
sim.437.341	none	0	0	0	0	0	0	0	0	0	97	31	99	240	234
sim.438.341	none	0	0	0	0	0	0	0	0	0	6	0	14	43	63
sim.439.341	none	220	215	47	23	13	11	21	0	0	0	0	0	0	0
sim.44.341	none	0	0	0	0	0	0	0	0	0	0	210	0	0	0
sim.440.341	none	170	183	112	100	69	62	52	157	194	0	0	0	0	0
sim.441.341	none	0	0	0	0	0	0	0	0	0	43	0	63	12	101
sim.442.341	none	0	0	0	0	0	0	0	0	0	0	0	15	0	0
sim.443.341	none	0	0	0	0	0	0	0	0	0	124	163	0	0	0
sim.444.341	none	0	0	61	190	90	81	108	108	103	0	0	0	0	0
sim.445.341	none	0	0	0	0	0	0	0	0	0	22	286	0	0	0
sim.446.341	none	0	0	0	0	0	0	0	0	0	0	0	37	72	48
sim.447.341	none	0	35	0	53	11	31	74	22	116	0	0	0	0	0
sim.448.341	none	134	175	0	0	0	0	0	10	11	0	0	0	0	0
sim.449.341	none	0	0	53	52	27	10	98	0	0	0	0	0	0	0
sim.45.341	none	0	0	0	0	0	0	0	0	0	104	7	133	62	126
sim.450.341	none	0	0	0	0	0	0	0	0	0	0	18	0	0	0
sim.451.341	none	66	88	0	0	0	0	0	0	0	0	0	0	0	0
sim.452.341	none	0	0	13	36	41	63	118	28	59	0	0	0	0	0
sim.453.341	none	40	104	94	223	274	134	107	71	116	0	0	0	0	0
sim.454.341	none	94	56	274	91	137	113	175	102	121	0	0	0	0	0
sim.455.341	none	0	0	0	0	0	0	0	0	0	176	28	183	184	191
sim.456.341	none	0	19	0	0	0	0	0	0	0	0	0	0	0	0
sim.457.341	none	20	5	56	256	195	131	148	97	104	0	0	0	0	0
sim.458.341	none	0	0	0	0	0	0	0	0	0	59	57	0	0	0
sim.459.341	none	0	93	103	12	25	35	54	50	30	0	0	0	0	0
sim.46.341	none	0	0	0	0	0	0	0	0	0	83	28	13	31	40
sim.460.341	none	0	0	0	0	0	0	0	0	0	65	0	0	0	0
sim.461.341	none	0	0	0	0	0	0	0	0	0	41	0	0	0	0
sim.462.341	none	31	5	0	0	0	0	0	0	0	0	0	0	0	0
sim.463.341	none	0	0	0	0	0	0	0	0	0	0	0	0	6	0
sim.464.341	none	0	0	0	0	0	0	0	0	0	0	0	0	3	72
sim.465.341	none	53	0	55	54	26	55	53	9	11	0	0	0	0	0
sim.466.341	none	0	0	0	0	0	0	0	0	0	0	0	48	35	123
sim.467.341	none	91	29	91	207	79	118	136	90	33	0	0	0	0	0
sim.468.341	none	0	0	51	0	3	9	33	9	31	0	0	0	0	0
sim.469.341	none	0	0	0	0	0	0	0	0	0	0	0	43	23	31
sim.47.341	none	0	0	0	0	0	0	0	0	0	45	8	0	7	91
sim.470.341	none	39	46	211	80	27	46	66	88	12	0	0	0	0	0
sim.471.341	none	0	0	0	0	0	0	0	0	0	159	202	243	34	57
sim.472.341	none	0	0	156	106	99	44	49	193	201	0	0	0	0	0
sim.473.341	none	0	0	0	0	0	0	0	0	0	179	254	5	89	63
sim.474.341	none	0	69	71	40	16	13	13	0	0	0	0	0	0	0
sim.475.341	none	16	11	20	86	16	30	0	0	0	0	0	0	0	0
sim.476.341	none	173	87	90	41	2	39	26	50	84	0	0	0	0	0
sim.477.341	none	0	0	3	0	20	10	26	60	28	0	0	0	0	0
sim.478.341	none	0	0	0	0	0	0	0	0	0	84	195	90	35	17
sim.479.341	none	14	122	16	0	0	0	0	0	0	0	0	0	0	0
sim.48.341	none	0	0	0	0	0	0	0	0	0	17	5	69	37	44
sim.480.341	none	0	0	0	0	0	0	0	0	0	33	30	95	121	164
sim.481.341	none	0	0	0	0	0	0	0	0	0	5	0	77	82	201
sim.482.341	none	26	12	0	2	0	0	24	65	55	0	0	0	0	0
sim.483.341	none	206	347	280	443	337	255	281	282	211	0	0	0	0	0
sim.484.341	none	0	0	0	0	0	0	0	0	0	28	30	0	0	0
sim.485.341	none	61	10	24	91	127	134	52	48	18	0	0	0	0	0
sim.486.341	none	0	0	0	0	0	0	0	0	0	128	126	122	207	185
sim.487.341	none	46	2	0	0	0	0	0	0	0	0	0	0	0	0
sim.488.341	none	234	356	206	27	186	193	139	94	115	0	0	0	0	0
sim.489.341	none	0	0	0	0	0	0	0	0	0	80	0	60	195	112
sim.49.341	none	0	0	0	0	0	0	0	0	0	25	23	82	120	94
sim.490.341	none	0	0	0	0	0	0	0	0	0	0	0	4	33	65
sim.491.341	none	3	26	0	0	0	8	1	0	0	0	0	0	0	0
sim.492.341	none	0	0	174	124	52	35	63	73	44	0	0	0	0	0
sim.493.341	none	0	0	0	0	0	0	0	0	0	0	0	0	77	94
sim.494.341	none	116	96	81	100	169	272	221	128	157	0	0	0	0	0
sim.495.341	none	0	0	0	0	0	0	0	0	0	81	41	103	26	0
sim.496.341	none	195	193	94	75	65	56	69	30	51	0	0	0	0	0
sim.497.341	none	8	3	43	95	85	94	120	58	95	0	0	0	0	0
sim.498.341	none	105	16	56	8	33	41	118	104	150	0	0	0	0	0
sim.499.341	none	160	66	48	10	36	27	0	70	38	0	0	0	0	0
sim.5.341	none	0	0	0	0	0	0	0	0	0	248	80	340	180	322
sim.50.341	none	104	0	0	51	2	15	33	99	91	0	0	0	0	0
sim.500.341	none	122	49	329	300	311	343	436	77	79	0	0	0	0	0
sim.501.341	none	0	0	0	0	0	0	0	0	0	271	509	214	236	189
sim.502.341	none	68	88	0	11	18	6	1	0	0	0	0	0	0	0
sim.503.341	none	0	0	0	0	0	0	0	0	0	242	9	0	18	56
sim.504.341	none	0	0	0	0	0	0	0	0	0	0	20	0	0	0
sim.505.341	none	8	0	133	158	83	56	104	23	61	0	0	0	0	0
sim.506.341	none	0	0	79	47	21	6	25	0	17	0	0	0	0	0
sim.507.341	none	0	0	14	62	15	16	0	0	0	0	0	0	0	0
sim.508.341	none	102	167	0	26	46	73	85	38	14	0	0	0	0	0
sim.509.341	none	0	22	0	0	0	0	0	0	0	0	0	0	0	0
sim.51.341	none	0	0	0	0	0	0	0	0	0	65	136	23	68	37
sim.510.341	none	13	0	0	0	0	0	0	22	9	0	0	0	0	0
sim.511.341	none	0	0	187	27	109	53	125	57	66	0	0	0	0	0
sim.512.341	none	0	0	0	0	0	0	0	0	0	0	0	32	57	8
sim.513.341	none	0	0	0	0	0	0	0	0	0	199	376	123	208	189
sim.514.341	none	0	0	0	0	0	0	0	0	0	244	201	86	145	261
sim.515.341	none	48	2	70	86	226	123	99	2	49	0	0	0	0	0
sim.516.341	none	59	80	231	138	201	251	233	314	374	0	0	0	0	0
sim.517.341	none	0	0	0	0	0	0	0	0	0	76	219	249	58	103
sim.518.341	none	0	9	0	0	0	0	0	0	0	0	0	0	0	0
sim.519.341	none	0	0	0	0	0	0	0	0	0	0	29	0	0	0
sim.52.341	none	105	9	60	10	84	78	28	0	0	0	0	0	0	0
sim.520.341	none	0	0	0	0	0	0	0	0	0	204	61	0	0	23
sim.521.341	none	0	0	0	0	0	0	0	0	0	0	0	191	116	61
sim.522.341	none	273	219	156	255	140	171	241	149	114	0	0	0	0	0
sim.523.341	none	48	0	176	28	21	27	16	14	19	0	0	0	0	0
sim.524.341	none	0	0	0	0	0	0	0	0	0	108	0	0	62	14
sim.525.341	none	0	0	0	0	0	0	0	0	0	0	0	16	74	57
sim.526.341	none	0	35	5	0	29	11	10	12	64	0	0	0	0	0
sim.527.341	none	0	0	0	0	0	0	0	0	0	44	32	0	0	0
sim.528.341	none	0	0	0	0	0	0	0	0	0	31	0	0	26	100
sim.529.341	none	0	0	0	0	0	0	0	0	0	80	103	80	107	27
sim.53.341	none	0	0	0	0	0	0	0	0	0	4	0	85	21	105
sim.530.341	none	0	0	0	0	0	0	0	0	0	0	0	12	53	26
sim.531.341	none	0	0	0	0	0	0	0	0	0	74	20	0	0	0
sim.532.341	none	0	0	0	0	0	0	0	0	0	106	119	74	58	200
sim.533.341	none	0	10	0	10	117	128	0	0	5	0	0	0	0	0
sim.534.341	none	0	0	0	0	0	0	0	0	0	10	0	0	0	0
sim.535.341	none	158	36	6	63	17	12	36	41	6	0	0	0	0	0
sim.536.341	none	0	0	0	0	0	0	0	0	0	18	37	245	97	70
sim.537.341	none	0	0	0	0	0	0	0	0	0	44	164	31	318	250
sim.538.341	none	0	0	0	0	0	0	0	0	0	36	70	74	47	131
sim.539.341	none	318	171	169	90	292	241	99	329	418	0	0	0	0	0
sim.54.341	none	0	0	0	0	0	0	0	0	0	10	0	0	0	0
sim.540.341	none	228	143	29	35	60	88	52	23	68	0	0	0	0	0
sim.541.341	none	222	91	367	187	242	167	328	45	125	0	0	0	0	0
sim.542.341	none	0	0	0	0	0	0	0	0	0	2	56	0	0	0
sim.543.341	none	0	0	0	0	0	0	0	0	0	32	23	71	0	0
sim.544.341	none	0	0	0	0	0	0	0	0	0	0	0	92	53	70
sim.545.341	none	35	0	28	179	135	112	149	88	104	0	0	0	0	0
sim.546.341	none	96	129	4	8	20	55	23	0	5	0	0	0	0	0
sim.547.341	none	0	0	0	0	0	0	0	0	0	0	0	148	23	111
sim.548.341	none	0	0	0	0	0	0	0	0	0	0	0	18	0	0
sim.549.341	none	37	24	191	14	152	131	136	157	64	0	0	0	0	0
sim.55.341	none	0	0	0	0	0	0	0	0	0	0	0	0	5	0
sim.550.341	none	0	0	0	0	0	0	0	0	0	61	220	0	28	22
sim.551.341	none	0	0	0	0	0	0	0	0	0	80	22	207	176	367
sim.552.341	none	141	141	53	124	134	158	181	82	149	0	0	0	0	0
sim.553.341	none	94	43	63	2	66	86	42	170	44	0	0	0	0	0
sim.554.341	none	49	196	54	144	138	95	183	75	122	0	0	0	0	0
sim.555.341	none	21	0	19	162	117	97	73	10	93	0	0	0	0	0
sim.556.341	none	217	352	107	197	145	181	119	76	169	0	0	0	0	0
sim.557.341	none	0	0	0	0	0	0	0	0	0	0	0	12	132	49
sim.558.341	none	496	288	44	16	0	0	0	44	7	0	0	0	0	0
sim.559.341	none	0	0	0	0	0	0	0	0	0	28	0	0	0	0
sim.56.341	none	0	0	0	0	3	7	2	45	5	0	0	0	0	0
sim.560.341	none	49	31	175	44	13	9	64	66	3	0	0	0	0	0
sim.561.341	none	85	111	325	185	370	293	355	346	343	0	0	0	0	0
sim.562.341	none	0	0	0	0	0	0	0	0	0	0	16	110	206	110
sim.563.341	none	0	0	0	0	0	0	0	0	0	117	13	14	17	5
sim.564.341	none	0	0	0	0	3	9	8	0	0	0	0	0	0	0
sim.565.341	none	0	0	0	0	0	0	0	0	0	77	143	57	132	107
sim.566.341	none	0	0	0	0	0	0	0	0	0	103	95	16	1	0
sim.567.341	none	0	0	0	0	0	0	0	0	0	0	0	206	179	210
sim.568.341	none	69	104	97	47	94	142	157	24	10	0	0	0	0	0
sim.569.341	none	0	0	0	0	0	0	0	0	0	13	63	0	0	0
sim.57.341	none	0	0	0	0	0	0	0	0	0	0	7	0	0	0
sim.570.341	none	46	219	18	0	44	18	29	16	0	0	0	0	0	0
sim.571.341	none	0	0	0	0	0	0	0	0	0	205	257	183	107	210
sim.572.341	none	0	0	112	0	5	7	80	29	0	0	0	0	0	0
sim.573.341	none	0	0	0	0	0	0	0	0	0	0	0	244	96	143
sim.574.341	none	157	315	38	56	110	152	219	78	134	0	0	0	0	0
sim.575.341	none	9	206	59	24	167	164	3	116	62	0	0	0	0	0
sim.576.341	none	32	55	23	71	71	65	35	56	85	0	0	0	0	0
sim.577.341	none	22	119	0	17	0	0	0	0	0	0	0	0	0	0
sim.578.341	none	0	0	0	0	0	0	0	0	0	0	0	134	61	0
sim.579.341	none	0	0	0	0	0	0	0	0	0	0	0	15	25	19
sim.58.341	none	0	0	0	0	0	0	0	0	0	111	45	0	0	0
sim.580.341	none	226	147	115	96	259	231	299	75	68	0	0	0	0	0
sim.581.341	none	299	188	166	194	87	103	106	160	216	0	0	0	0	0
sim.582.341	none	0	0	0	0	0	0	0	0	0	0	19	0	0	0
sim.583.341	none	0	0	0	0	0	0	0	0	0	0	44	15	10	96
sim.584.341	none	108	299	60	75	96	147	122	230	85	0	0	0	0	0
sim.585.341	none	0	0	0	0	0	0	0	0	0	0	63	112	218	328
sim.586.341	none	0	0	0	0	0	0	0	0	0	189	234	13	156	119
sim.587.341	none	0	0	0	0	0	0	0	0	0	0	0	84	86	55
sim.588.341	none	0	23	0	0	0	0	0	0	0	0	0	0	0	0
sim.589.341	none	0	0	0	0	0	0	0	0	0	0	0	23	29	39
sim.59.341	none	0	0	0	0	0	0	0	0	0	0	10	4	12	31
sim.590.341	none	0	0	89	47	27	5	15	2	6	0	0	0	0	0
sim.591.341	none	92	33	51	0	35	4	14	23	32	0	0	0	0	0
sim.592.341	none	0	0	0	0	0	0	0	0	0	171	449	0	0	0
sim.593.341	none	66	64	183	187	144	158	232	73	101	0	0	0	0	0
sim.594.341	none	0	0	0	0	0	0	0	0	0	19	64	510	437	272
sim.595.341	none	34	42	0	2	100	151	64	43	39	0	0	0	0	0
sim.596.341	none	0	0	0	0	0	0	0	0	0	45	57	24	6	65
sim.597.341	none	0	0	4	14	76	106	48	36	63	0	0	0	0	0
sim.598.341	none	0	0	0	0	0	0	0	0	0	136	220	0	0	0
sim.599.341	none	0	0	0	0	0	0	0	0	0	124	202	0	0	0
sim.6.341	none	14	14	5	112	52	54	87	4	59	0	18	0	0	0
sim.60.341	none	82	5	0	0	0	0	0	0	0	0	0	0	0	0
sim.600.341	none	0	0	91	114	112	185	195	48	60	0	0	0	0	0
sim.601.341	none	0	0	0	0	0	0	0	0	0	0	0	5	38	105
sim.602.341	none	47	44	0	2	61	69	44	5	2	0	0	0	0	0
sim.603.341	none	0	0	0	0	0	0	0	0	0	0	9	73	59	56
sim.604.341	none	0	0	45	44	31	88	126	19	0	0	0	0	0	0
sim.605.341	none	212	371	533	311	430	293	329	611	530	0	0	0	0	0
sim.606.341	none	98	239	13	35	128	100	17	66	22	0	0	0	0	0
sim.607.341	none	6	0	60	75	52	165	133	64	13	0	0	0	0	0
sim.608.341	none	0	0	0	0	0	0	0	0	0	0	16	0	0	12
sim.609.341	none	126	132	0	0	0	0	0	0	0	0	0	0	0	0
sim.61.341	none	0	0	0	0	0	0	0	0	0	0	107	45	182	68
sim.610.341	none	35	0	0	0	0	0	0	48	27	0	0	0	0	0
sim.611.341	none	16	38	0	3	16	15	18	0	0	0	0	0	0	0
sim.612.341	none	5	65	15	59	168	114	60	36	116	0	0	0	0	0
sim.613.341	none	0	0	0	0	0	0	0	0	0	0	2	54	36	0
sim.614.341	none	0	0	0	0	0	0	0	0	0	96	108	32	45	21
sim.615.341	none	0	0	0	0	0	0	0	0	0	167	103	0	0	0
sim.616.341	none	0	0	0	0	0	0	0	0	0	121	102	53	31	39
sim.617.341	none	0	0	0	0	0	0	0	0	0	4	87	49	103	111
sim.618.341	none	20	0	0	47	141	74	40	0	0	0	0	0	0	0
sim.619.341	none	0	0	0	0	0	0	0	0	0	461	414	369	593	466
sim.62.341	none	0	0	0	0	0	0	0	0	0	88	153	6	58	27
sim.620.341	none	0	0	0	0	0	0	0	0	0	0	14	0	0	0
sim.621.341	none	9	0	0	48	0	0	0	22	29	0	0	0	0	0
sim.622.341	none	0	0	0	0	0	0	0	0	0	0	145	0	0	0
sim.623.341	none	76	61	57	134	29	97	115	8	0	0	0	0	0	0
sim.624.341	none	0	0	0	0	0	0	0	0	0	71	43	86	170	56
sim.625.341	none	0	0	0	0	0	0	0	0	0	48	136	0	0	15
sim.626.341	none	0	0	0	0	0	0	0	0	0	18	225	207	258	125
sim.627.341	none	0	0	0	0	0	0	0	0	0	0	0	182	90	30
sim.628.341	none	0	0	0	0	15	32	0	18	50	0	0	0	0	0
sim.629.341	none	0	0	0	0	0	0	0	0	0	47	183	304	384	508
sim.63.341	none	29	184	39	1	28	37	16	5	35	0	0	0	0	0
sim.630.341	none	0	0	0	0	0	0	0	0	0	17	81	0	0	0
sim.631.341	none	7	0	151	46	60	57	69	42	36	0	0	0	0	0
sim.632.341	none	0	0	0	0	0	0	0	0	0	42	0	0	0	0
sim.633.341	none	0	53	46	0	0	0	0	0	0	0	0	0	0	0
sim.634.341	none	34	58	54	55	123	132	52	179	302	0	0	0	0	0
sim.635.341	none	2	146	98	75	27	34	46	81	42	0	0	0	0	0
sim.636.341	none	109	117	69	252	200	115	139	54	26	0	0	0	0	0
sim.637.341	none	106	173	175	26	73	75	203	206	158	80	147	0	0	0
sim.638.341	none	13	187	0	122	27	5	64	10	35	0	0	0	0	0
sim.639.341	none	0	0	90	24	65	82	125	38	87	0	0	0	0	0
sim.64.341	none	254	177	392	437	234	254	261	244	380	0	0	0	0	0
sim.640.341	none	0	0	0	0	0	0	0	0	0	40	33	0	126	37
sim.641.341	none	39	64	90	51	67	8	49	70	87	0	0	0	0	0
sim.642.341	none	0	0	0	0	0	0	0	0	0	43	156	89	51	63
sim.643.341	none	0	0	0	0	0	0	0	0	0	7	31	0	0	0
sim.644.341	none	32	82	62	137	101	183	115	143	255	0	0	0	0	0
sim.645.341	none	53	29	64	65	39	24	61	0	0	0	0	0	0	0
sim.646.341	none	0	0	0	0	0	0	0	0	0	82	12	81	11	22
sim.647.341	none	0	0	0	0	0	0	0	0	0	157	38	0	0	0
sim.648.341	none	0	0	0	0	0	0	0	0	0	0	9	0	0	0
sim.649.341	none	0	0	0	0	0	0	0	0	0	8	42	51	108	137
sim.65.341	none	43	65	13	17	72	7	85	90	86	0	0	0	0	0
sim.650.341	none	29	80	234	89	158	104	59	140	304	0	0	0	0	0
sim.651.341	none	0	0	0	0	0	0	0	0	0	81	375	0	104	105
sim.652.341	none	0	0	0	0	0	0	0	0	0	0	0	0	9	29
sim.653.341	none	0	0	0	0	0	0	0	0	0	0	0	119	0	33
sim.654.341	none	0	0	0	0	0	0	0	0	0	115	124	0	0	0
sim.655.341	none	80	18	0	0	0	0	0	0	0	0	0	0	0	0
sim.656.341	none	0	0	0	0	0	0	0	0	0	0	0	88	15	64
sim.657.341	none	27	105	24	7	7	10	39	23	91	0	0	0	0	0
sim.658.341	none	0	0	21	40	0	0	0	0	7	0	0	0	0	0
sim.659.341	none	0	0	0	0	0	0	0	0	0	148	224	0	0	0
sim.66.341	none	337	405	299	154	122	146	99	156	111	0	0	0	0	0
sim.660.341	none	34	87	144	4	27	17	66	17	118	0	0	0	0	0
sim.661.341	none	260	212	52	85	39	49	91	100	41	0	0	0	0	0
sim.662.341	none	0	0	0	0	0	0	0	0	0	157	89	2	0	10
sim.663.341	none	0	0	0	0	0	0	0	0	0	146	345	44	299	189
sim.664.341	none	0	0	78	39	116	74	66	82	138	0	0	0	0	0
sim.665.341	none	32	0	0	0	0	0	0	0	0	0	0	0	0	0
sim.666.341	none	0	0	0	0	0	0	0	0	0	0	0	12	48	80
sim.667.341	none	145	216	189	370	359	304	603	281	150	0	0	0	0	0
sim.668.341	none	0	0	0	0	0	0	0	0	0	184	32	116	45	52
sim.669.341	none	0	0	0	0	0	0	0	0	0	59	71	23	121	38
sim.67.341	none	0	0	0	0	0	0	0	0	0	34	2	160	194	272
sim.670.341	none	68	98	10	51	17	3	49	35	44	0	0	0	0	0
sim.671.341	none	0	0	0	0	0	0	0	0	0	0	0	0	22	33
sim.672.341	none	0	0	0	0	0	0	0	0	0	29	0	184	254	338
sim.673.341	none	266	267	0	0	0	0	0	0	0	0	0	0	0	0
sim.674.341	none	0	0	0	0	0	0	0	0	0	25	0	4	18	6
sim.675.341	none	0	0	0	0	0	0	0	0	0	9	103	162	103	35
sim.676.341	none	0	0	0	0	0	0	0	0	0	112	227	0	0	0
sim.677.341	none	0	0	0	0	0	0	0	0	0	0	0	1	0	15
sim.678.341	none	0	0	0	0	0	0	0	0	0	0	0	35	0	0
sim.679.341	none	0	0	47	12	46	79	39	114	68	0	0	0	0	0
sim.68.341	none	0	0	0	0	0	0	0	0	0	264	723	24	47	102
sim.680.341	none	0	0	0	0	0	0	0	0	0	65	0	149	116	329
sim.681.341	none	0	0	0	0	0	0	0	0	0	204	118	0	30	55
sim.682.341	none	74	131	103	121	267	175	166	239	352	0	0	0	0	0
sim.683.341	none	19	4	100	25	9	17	9	10	41	0	0	0	0	0
sim.684.341	none	303	160	149	31	74	46	258	83	38	0	0	0	0	0
sim.685.341	none	244	140	25	60	195	157	123	55	63	0	0	0	0	0
sim.686.341	none	0	0	0	0	0	0	0	0	0	34	25	0	0	0
sim.687.341	none	130	9	145	96	151	150	45	33	29	0	0	0	0	0
sim.688.341	none	0	0	0	0	0	0	0	0	0	0	156	31	0	0
sim.689.341	none	0	0	0	0	0	0	0	0	0	111	0	141	332	196
sim.69.341	none	0	0	0	0	0	0	0	0	0	0	0	77	0	25
sim.690.341	none	0	1	26	12	207	117	50	105	131	0	0	0	0	0
sim.691.341	none	0	0	0	0	0	0	0	0	0	0	0	216	96	70
sim.692.341	none	0	0	0	0	0	0	0	0	0	0	0	107	0	18
sim.693.341	none	52	154	33	95	419	296	151	233	205	0	0	0	0	0
sim.694.341	none	0	0	0	0	0	0	0	0	0	117	120	139	314	407
sim.695.341	none	98	125	54	55	44	46	13	50	33	0	0	0	0	0
sim.696.341	none	25	16	212	41	0	0	0	32	10	0	0	0	0	0
sim.697.341	none	0	0	2	24	35	61	23	167	127	0	0	0	0	0
sim.698.341	none	0	0	0	0	0	0	0	0	0	0	0	93	114	154
sim.699.341	none	0	0	0	0	0	0	0	0	0	148	257	234	179	158
sim.7.341	none	0	0	0	0	0	0	0	0	0	242	82	35	20	100
sim.70.341	none	94	136	75	170	306	315	236	206	94	0	0	0	0	0
sim.700.341	none	49	41	25	16	14	33	40	28	28	0	0	0	0	0
sim.701.341	none	8	71	0	9	19	21	0	0	0	0	0	0	0	0
sim.702.341	none	30	10	9	28	28	20	104	82	111	0	0	0	0	0
sim.703.341	none	0	0	0	0	0	0	0	0	0	0	130	206	239	116
sim.704.341	none	62	54	0	0	37	0	0	0	0	0	0	62	16	44
sim.705.341	none	0	0	0	0	0	0	0	0	0	0	0	36	1	20
sim.706.341	none	0	0	0	0	0	0	0	0	0	44	214	231	83	78
sim.707.341	none	0	0	0	0	0	0	0	0	0	0	2	216	39	46
sim.708.341	none	0	0	0	0	0	0	0	0	0	228	48	0	0	0
sim.709.341	none	0	0	0	0	0	0	0	0	0	92	166	11	83	11
sim.71.341	none	22	2	51	26	1	6	0	78	31	0	0	0	0	0
sim.710.341	none	0	0	0	0	0	0	0	0	0	167	197	46	187	73
sim.711.341	none	0	0	84	53	0	0	5	39	0	0	44	19	95	61
sim.712.341	none	116	159	31	22	123	65	40	31	39	0	0	0	0	0
sim.713.341	none	0	0	0	0	0	0	0	0	0	0	0	295	193	158
sim.714.341	none	0	0	0	0	0	0	0	0	0	105	187	0	0	0
sim.715.341	none	0	0	0	0	0	0	0	0	0	426	527	94	52	81
sim.716.341	none	27	0	42	10	72	37	31	49	0	0	0	0	0	0
sim.717.341	none	0	0	0	0	0	0	0	0	0	0	0	8	12	6
sim.718.341	none	0	41	161	34	187	169	200	57	0	0	0	0	0	0
sim.719.341	none	0	0	0	0	0	0	0	0	0	154	9	0	3	6
sim.72.341	none	0	8	0	5	0	0	0	8	3	0	0	0	0	0
sim.720.341	none	0	0	0	0	0	0	0	0	0	429	117	10	23	0
sim.721.341	none	0	0	0	0	0	0	0	0	0	68	0	0	0	0
sim.722.341	none	0	0	0	0	0	0	0	0	0	37	32	79	59	161
sim.723.341	none	0	0	0	0	0	0	0	0	0	51	67	0	0	0
sim.724.341	none	0	0	0	0	0	0	0	0	0	0	23	38	76	51
sim.725.341	none	11	96	0	0	0	0	0	0	0	0	0	0	0	0
sim.726.341	none	0	0	0	0	0	0	0	0	0	0	79	69	71	129
sim.727.341	none	52	33	0	0	0	0	0	0	0	0	0	0	0	0
sim.728.341	none	0	0	0	0	0	0	0	0	0	26	70	43	0	17
sim.729.341	none	0	0	0	0	0	0	0	0	0	0	0	0	1	7
sim.73.341	none	0	0	111	0	9	6	8	66	67	0	0	0	0	0
sim.730.341	none	19	77	0	0	0	0	0	2	12	0	0	0	0	0
sim.731.341	none	0	0	0	0	0	0	0	0	0	8	29	0	0	0
sim.732.341	none	0	0	0	0	0	0	0	0	0	7	59	137	10	32
sim.733.341	none	0	0	0	0	0	0	0	0	0	38	0	0	0	0
sim.734.341	none	0	0	0	6	0	0	0	6	15	0	0	0	0	0
sim.735.341	none	156	273	17	102	40	33	66	39	41	0	0	0	0	0
sim.736.341	none	0	0	49	8	5	0	1	13	19	0	0	0	0	0
sim.737.341	none	171	276	68	105	204	216	143	182	119	0	0	0	0	0
sim.738.341	none	0	0	8	12	53	33	21	10	0	0	0	0	0	0
sim.739.341	none	0	0	0	0	0	0	0	0	0	26	4	21	0	0
sim.74.341	none	0	0	0	0	0	0	0	0	0	0	0	84	38	201
sim.740.341	none	258	134	119	184	149	256	180	127	205	0	0	0	0	0
sim.741.341	none	0	0	0	4	22	54	68	0	0	0	0	0	0	0
sim.742.341	none	0	0	0	0	0	0	0	0	0	144	46	36	20	8
sim.743.341	none	130	285	26	15	3	0	35	89	119	0	0	0	0	0
sim.744.341	none	0	0	0	0	0	0	0	0	0	175	53	0	0	0
sim.745.341	none	32	79	0	0	17	2	36	21	1	0	0	0	0	0
sim.746.341	none	101	6	44	82	110	120	117	0	0	0	0	0	0	0
sim.747.341	none	0	0	0	0	0	0	0	0	0	53	52	431	171	249
sim.748.341	none	0	0	0	0	0	0	0	0	0	37	121	0	0	0
sim.749.341	none	7	0	3	51	4	41	2	0	0	0	0	0	0	0
sim.75.341	none	85	18	0	0	20	31	27	115	34	0	0	0	0	0
sim.750.341	none	261	180	119	65	171	180	161	112	63	0	0	0	0	0
sim.751.341	none	223	189	145	189	219	270	116	249	197	0	0	0	0	0
sim.752.341	none	0	0	0	17	1	0	0	22	2	0	0	0	0	0
sim.753.341	none	0	0	0	0	0	0	0	0	0	18	25	52	27	9
sim.754.341	none	0	0	0	0	0	0	0	0	0	59	86	61	22	33
sim.755.341	none	79	11	181	107	94	105	58	157	160	0	0	0	0	0
sim.756.341	none	77	0	0	0	0	0	0	0	0	0	0	0	0	0
sim.757.341	none	22	151	43	31	10	40	67	177	58	0	0	0	0	0
sim.758.341	none	0	0	0	0	0	0	0	0	0	21	34	13	21	3
sim.759.341	none	0	0	0	0	0	0	0	0	0	0	0	31	0	0
sim.76.341	none	54	73	120	29	0	0	14	53	12	0	0	0	0	0
sim.760.341	none	147	120	122	82	90	73	119	66	7	0	0	0	0	0
sim.761.341	none	0	0	0	0	0	0	0	0	0	110	117	0	0	0
sim.762.341	none	0	0	80	0	0	0	0	0	10	179	0	4	88	127
sim.763.341	none	0	0	0	0	0	0	0	0	0	16	25	0	0	0
sim.764.341	none	0	0	0	0	0	0	0	0	0	0	0	191	150	130
sim.765.341	none	0	0	0	0	0	0	0	0	0	0	0	0	6	13
sim.766.341	none	159	168	0	0	0	0	0	0	0	0	0	0	0	0
sim.767.341	none	34	50	0	67	5	11	0	0	0	0	0	0	0	0
sim.768.341	none	0	0	0	0	0	0	0	0	0	7	5	21	122	157
sim.769.341	none	0	0	0	0	0	0	0	0	0	0	37	47	114	253
sim.77.341	none	0	0	0	0	0	0	0	0	0	0	39	0	0	0
sim.770.341	none	0	0	0	0	0	0	0	0	0	10	103	0	0	0
sim.771.341	none	0	21	66	0	47	61	40	11	10	0	0	0	0	0
sim.772.341	none	0	0	261	249	96	84	133	113	84	0	0	0	0	0
sim.773.341	none	0	0	0	0	0	0	0	0	0	191	136	60	0	0
sim.774.341	none	0	0	0	0	0	0	0	0	0	0	0	0	0	20
sim.775.341	none	70	219	388	198	436	337	420	188	158	0	0	0	0	0
sim.776.341	none	163	67	0	0	0	0	0	0	0	0	0	0	0	0
sim.777.341	none	0	0	0	0	0	0	0	0	0	0	119	27	17	14
sim.778.341	none	0	0	29	5	35	78	161	0	0	0	0	0	0	0
sim.779.341	none	0	6	14	28	0	0	0	0	0	0	0	0	0	0
sim.78.341	none	0	0	0	0	0	0	0	0	0	77	0	0	8	7
sim.780.341	none	0	0	0	0	0	0	0	0	0	2	21	0	23	25
sim.781.341	none	0	0	0	0	0	0	0	0	0	0	65	125	174	202
sim.782.341	none	0	0	0	0	0	0	0	0	0	248	596	166	68	34
sim.783.341	none	0	0	0	0	0	0	0	0	0	81	137	0	37	34
sim.784.341	none	0	0	0	0	0	0	0	0	0	0	0	6	0	0
sim.785.341	none	0	0	0	0	0	0	0	0	0	101	91	0	0	0
sim.786.341	none	485	466	323	497	279	199	270	384	242	0	0	0	0	0
sim.787.341	none	0	0	0	0	0	0	0	0	0	86	44	81	0	9
sim.788.341	none	20	79	79	58	72	62	89	147	100	0	0	0	0	0
sim.789.341	none	0	0	0	0	0	0	0	0	0	113	0	17	13	41
sim.79.341	none	0	0	0	0	0	0	0	0	0	0	0	64	0	0
sim.790.341	none	149	119	64	161	237	161	165	209	320	0	0	0	0	0
sim.791.341	none	0	0	0	0	0	0	0	0	0	9	46	0	0	0
sim.792.341	none	0	0	0	0	0	0	0	0	0	32	251	11	87	50
sim.793.341	none	45	0	0	0	0	0	0	0	0	0	0	0	0	0
sim.794.341	none	79	0	70	81	81	22	80	22	47	0	0	0	0	0
sim.795.341	none	0	0	0	0	0	0	0	0	0	43	40	0	0	0
sim.796.341	none	158	38	207	101	125	111	197	10	39	0	0	0	0	0
sim.797.341	none	10	0	0	0	0	0	0	0	0	0	0	0	0	0
sim.798.341	none	0	0	42	63	15	15	12	44	160	0	0	0	0	0
sim.799.341	none	0	0	0	0	0	0	0	0	0	82	215	141	309	195
sim.8.341	none	0	0	0	0	0	0	0	0	0	51	0	0	0	0
sim.80.341	none	0	0	8	17	12	16	71	105	44	0	0	0	0	0
sim.800.341	none	0	0	0	0	0	0	0	0	0	76	0	81	0	83
sim.801.341	none	0	0	0	0	0	0	0	0	0	5	215	0	0	0
sim.802.341	none	0	0	0	0	0	0	0	0	0	114	120	102	147	36
sim.803.341	none	0	0	0	0	0	0	0	0	0	0	73	122	79	129
sim.804.341	none	176	304	242	308	94	141	79	295	144	0	0	0	0	0
sim.805.341	none	0	0	0	0	0	0	0	0	0	64	89	39	284	231
sim.806.341	none	127	46	0	3	9	2	0	157	136	0	0	0	0	0
sim.807.341	none	0	0	0	0	0	0	0	0	0	215	201	204	263	260
sim.808.341	none	0	0	0	0	0	0	0	30	32	0	0	0	0	0
sim.809.341	none	60	146	0	0	0	0	0	0	0	0	0	0	0	0
sim.81.341	none	0	0	0	0	0	0	0	0	0	18	44	0	0	0
sim.810.341	none	115	279	131	72	126	131	56	128	213	0	0	0	0	0
sim.811.341	none	0	0	0	0	0	0	0	0	0	164	149	81	60	20
sim.812.341	none	0	0	0	0	0	0	0	0	0	154	136	15	0	10
sim.813.341	none	0	0	0	0	0	0	0	0	0	52	0	134	24	70
sim.814.341	none	0	0	0	0	0	0	0	0	0	73	49	0	0	0
sim.815.341	none	0	0	0	0	0	0	0	0	0	14	162	98	63	83
sim.816.341	none	0	0	0	0	0	0	0	0	0	7	111	8	69	14
sim.817.341	none	153	195	57	223	238	174	239	121	37	0	0	0	0	0
sim.818.341	none	97	91	232	70	273	255	133	180	343	0	0	0	0	0
sim.819.341	none	215	182	169	72	62	65	6	50	4	0	0	0	0	0
sim.82.341	none	0	0	0	0	0	0	0	0	0	252	235	86	51	107
sim.820.341	none	0	0	0	0	0	0	0	0	0	0	0	56	2	18
sim.821.341	none	173	40	91	6	31	9	31	167	41	0	0	0	0	0
sim.822.341	none	0	0	0	0	0	0	0	0	0	192	25	0	0	0
sim.823.341	none	0	0	0	0	0	0	0	0	0	29	35	32	140	211
sim.824.341	none	356	426	227	149	281	227	352	119	173	0	0	0	0	0
sim.825.341	none	28	0	66	0	0	1	0	4	0	0	0	0	0	0
sim.826.341	none	0	0	0	0	0	0	0	0	0	0	0	57	0	0
sim.827.341	none	0	0	0	0	0	0	0	0	0	399	323	12	102	90
sim.828.341	none	523	314	202	88	131	126	67	160	125	0	0	0	0	0
sim.829.341	none	257	9	0	0	24	27	58	59	127	0	0	0	0	0
sim.83.341	none	0	0	0	0	0	0	0	0	0	79	0	121	36	16
sim.830.341	none	111	14	0	0	0	0	0	0	0	0	0	0	0	0
sim.831.341	none	171	44	74	151	91	81	34	203	153	0	0	0	0	0
sim.832.341	none	0	0	0	0	0	0	0	0	0	117	102	0	14	13
sim.833.341	none	0	0	0	0	0	0	0	0	0	0	0	122	106	116
sim.834.341	none	0	9	14	32	6	0	0	5	11	0	0	0	0	0
sim.835.341	none	94	51	0	11	11	31	35	0	0	0	0	0	0	0
sim.836.341	none	0	0	0	0	0	0	0	0	0	310	186	96	204	404
sim.837.341	none	217	107	222	49	110	152	73	66	128	0	0	0	0	0
sim.838.341	none	0	0	0	0	0	0	0	0	0	124	44	280	165	211
sim.839.341	none	0	0	73	3	8	16	0	0	19	0	0	0	0	0
sim.84.341	none	0	22	0	0	0	0	0	0	0	0	0	0	0	0
sim.840.341	none	0	0	0	0	0	0	0	0	0	0	0	36	5	1
sim.841.341	none	0	0	0	0	0	0	0	0	0	0	56	98	34	25
sim.842.341	none	0	0	0	0	0	0	0	0	0	0	0	183	140	232
sim.843.341	none	117	105	29	13	29	12	12	57	36	0	0	0	0	0
sim.844.341	none	0	0	0	0	0	0	0	0	0	0	98	0	0	0
sim.845.341	none	0	0	0	0	0	0	0	0	0	105	217	206	48	9
sim.846.341	none	0	0	0	0	0	0	0	0	0	86	0	53	21	71
sim.847.341	none	0	0	0	0	0	0	0	0	0	15	46	97	50	133
sim.848.341	none	0	0	0	0	0	0	0	0	0	189	221	32	44	85
sim.849.341	none	177	247	432	335	166	206	319	216	173	0	0	0	0	0
sim.85.341	none	0	0	3	4	26	69	3	0	0	0	0	0	0	0
sim.850.341	none	3	9	0	0	0	0	0	0	0	0	0	0	0	0
sim.851.341	none	0	0	0	0	0	0	0	0	0	0	273	83	0	24
sim.852.341	none	166	107	257	261	276	360	497	309	212	0	0	0	0	0
sim.853.341	none	92	183	50	174	91	115	147	167	258	0	0	0	0	0
sim.854.341	none	0	0	0	0	0	0	0	0	0	22	0	60	39	82
sim.855.341	none	0	0	0	0	0	0	0	0	0	0	0	116	9	0
sim.856.341	none	0	0	0	0	0	0	0	0	0	0	0	0	1	57
sim.857.341	none	86	145	63	162	222	249	126	31	88	0	0	0	0	0
sim.858.341	none	0	0	0	0	0	0	0	0	0	0	4	0	0	0
sim.859.341	none	53	47	0	0	0	0	0	0	0	0	0	0	0	0
sim.86.341	none	0	0	0	0	0	0	0	0	0	0	8	0	0	0
sim.860.341	none	0	0	0	0	0	0	0	0	0	0	0	56	0	57
sim.861.341	none	0	0	0	0	0	0	0	0	0	28	217	4	60	34
sim.862.341	none	0	0	0	0	0	0	0	0	0	132	10	225	358	184
sim.863.341	none	0	0	5	0	0	0	0	7	1	0	0	0	0	0
sim.864.341	none	0	0	0	0	16	0	3	0	0	0	0	0	0	0
sim.865.341	none	0	0	0	0	0	0	0	0	0	178	208	251	199	251
sim.866.341	none	28	119	0	104	88	56	0	0	0	0	0	0	0	0
sim.867.341	none	153	14	133	128	138	118	116	246	223	0	0	0	0	0
sim.868.341	none	0	0	0	0	0	0	0	0	0	33	12	0	0	0
sim.869.341	none	197	334	59	4	50	79	59	48	28	0	0	0	0	0
sim.87.341	none	0	0	0	0	0	0	0	0	0	0	0	71	39	133
sim.870.341	none	0	0	0	0	0	0	0	0	0	3	36	0	0	0
sim.871.341	none	0	0	0	0	0	0	0	0	0	0	0	0	18	1
sim.872.341	none	0	0	0	0	0	0	0	0	0	19	98	0	150	51
sim.873.341	none	0	0	0	0	0	0	0	0	0	96	40	211	286	272
sim.874.341	none	0	0	0	0	0	0	0	0	0	146	272	16	177	36
sim.875.341	none	0	0	0	0	0	0	0	0	0	23	0	6	0	0
sim.876.341	none	0	0	0	0	0	0	0	0	0	44	46	103	15	38
sim.877.341	none	216	82	13	5	18	24	5	95	59	0	0	0	0	0
sim.878.341	none	85	112	30	199	66	74	79	59	101	0	0	0	0	0
sim.879.341	none	0	0	0	0	0	0	0	0	0	45	46	0	0	0
sim.88.341	none	132	154	245	312	320	218	315	578	415	0	0	0	0	0
sim.880.341	none	0	0	0	0	0	0	0	0	0	0	13	0	0	0
sim.881.341	none	15	2	25	21	7	21	39	90	50	0	0	0	0	0
sim.882.341	none	220	98	378	235	222	203	169	361	180	0	0	0	0	0
sim.883.341	none	0	0	0	0	0	0	0	0	0	5	59	0	0	0
sim.884.341	none	0	0	0	0	0	0	0	0	0	9	73	103	127	148
sim.885.341	none	0	0	0	0	0	0	0	0	0	59	19	0	0	0
sim.886.341	none	0	10	0	0	0	0	0	0	0	0	0	0	0	0
sim.887.341	none	0	0	0	0	0	0	0	0	0	147	197	24	0	0
sim.888.341	none	24	43	21	75	81	144	83	28	19	0	0	0	0	0
sim.889.341	none	0	0	0	0	0	0	0	0	0	0	0	77	87	67
sim.89.341	none	0	0	0	0	0	0	0	0	0	31	30	24	58	69
sim.890.341	none	16	0	0	0	0	0	0	0	0	0	0	0	0	0
sim.891.341	none	0	0	0	0	0	0	0	0	0	46	6	344	131	300
sim.892.341	none	0	0	0	0	0	0	0	0	0	58	203	29	10	18
sim.893.341	none	363	175	218	252	260	336	348	360	523	0	0	0	0	0
sim.894.341	none	0	0	16	3	25	18	59	42	14	0	0	0	0	0
sim.895.341	none	0	0	0	0	0	0	0	0	0	85	118	0	0	0
sim.896.341	none	15	58	64	0	45	4	25	5	69	0	0	0	0	0
sim.897.341	none	0	0	0	0	0	0	0	0	0	44	31	0	0	0
sim.898.341	none	0	0	0	0	0	0	0	0	0	0	0	18	26	0
sim.899.341	none	69	199	142	20	83	121	156	371	184	0	0	0	0	0
sim.9.341	none	0	0	0	10	14	10	0	31	0	0	0	0	0	0
sim.90.341	none	268	336	76	36	102	104	47	148	211	0	0	0	0	0
sim.900.341	none	199	137	38	0	10	47	27	141	183	0	0	0	0	0
sim.901.341	none	39	22	0	0	0	0	0	0	0	0	0	0	0	0
sim.902.341	none	0	0	0	0	0	0	0	0	0	52	0	32	63	57
sim.903.341	none	0	0	0	0	0	0	0	0	0	18	12	0	0	0
sim.904.341	none	0	0	0	0	0	0	0	0	0	0	0	112	306	172
sim.905.341	none	56	6	60	51	26	10	0	79	69	0	0	0	0	0
sim.906.341	none	0	0	0	0	0	0	0	0	0	26	0	469	716	1028
sim.907.341	none	9	3	3	0	0	0	19	21	68	0	0	0	0	0
sim.908.341	none	0	0	0	0	0	0	0	0	0	0	8	63	143	57
sim.909.341	none	30	0	0	0	0	0	0	0	0	0	0	0	0	0
sim.91.341	none	0	0	0	0	0	0	0	0	0	117	0	0	0	0
sim.910.341	none	2	78	0	42	64	14	24	14	4	0	0	0	0	0
sim.911.341	none	0	0	0	0	0	0	0	0	0	0	0	39	176	194
sim.912.341	none	0	0	0	0	0	0	0	0	0	92	55	238	176	260
sim.913.341	none	0	0	0	0	0	0	0	0	0	191	162	38	74	23
sim.914.341	none	0	0	0	0	0	0	0	0	0	0	0	0	0	5
sim.915.341	none	0	0	0	0	0	0	0	0	0	70	68	46	9	0
sim.916.341	none	13	40	57	208	101	72	252	72	24	0	0	0	0	0
sim.917.341	none	0	0	0	0	0	0	0	0	0	0	0	5	36	16
sim.918.341	none	0	0	62	23	105	80	91	12	0	0	0	0	0	0
sim.919.341	none	30	100	0	0	0	0	0	0	0	0	0	0	0	0
sim.92.341	none	205	146	47	109	236	223	462	99	95	0	0	0	0	0
sim.920.341	none	0	0	0	0	0	0	0	0	0	1	43	0	0	0
sim.921.341	none	0	0	0	0	0	0	0	0	0	13	123	145	185	231
sim.922.341	none	0	0	0	0	0	0	0	0	0	146	113	0	2	0
sim.923.341	none	381	351	339	404	211	232	168	302	168	0	0	0	0	0
sim.924.341	none	50	33	0	0	0	0	0	0	0	0	0	0	0	0
sim.925.341	none	36	100	103	32	76	75	112	74	88	0	0	0	0	0
sim.926.341	none	83	53	50	67	3	4	126	53	143	0	0	0	0	0
sim.927.341	none	20	14	26	140	0	0	0	112	195	0	0	0	0	0
sim.928.341	none	0	0	0	0	0	0	0	0	0	35	19	0	9	38
sim.929.341	none	0	0	0	0	0	0	0	0	0	563	262	277	327	190
sim.93.341	none	60	230	4	120	51	21	10	109	98	0	0	0	0	0
sim.930.341	none	12	77	0	52	72	67	78	9	0	0	0	0	0	0
sim.931.341	none	0	0	0	0	0	0	0	0	0	0	0	1	40	35
sim.932.341	none	0	0	8	9	0	0	0	0	7	0	0	0	0	0
sim.933.341	none	0	0	0	0	0	0	0	0	0	0	6	0	0	0
sim.934.341	none	249	272	119	61	132	127	134	122	124	0	0	0	0	0
sim.935.341	none	31	11	0	0	0	0	0	0	0	0	0	0	0	0
sim.936.341	none	89	63	266	367	171	178	161	100	61	0	0	0	0	0
sim.937.341	none	0	0	0	0	0	0	0	0	0	125	22	0	27	112
sim.938.341	none	0	0	0	0	0	0	0	0	0	6	0	0	0	0
sim.939.341	none	14	1	13	61	53	42	2	69	103	0	0	0	0	0
sim.94.341	none	0	0	0	0	0	0	0	0	0	4	7	238	142	247
sim.940.341	none	63	31	80	111	108	132	57	217	164	0	0	0	0	0
sim.941.341	none	0	0	0	0	0	0	0	0	0	0	0	43	22	42
sim.942.341	none	0	0	0	0	0	0	0	0	0	26	0	0	0	0
sim.943.341	none	0	0	0	0	0	0	0	0	0	0	9	287	132	135
sim.944.341	none	0	0	0	0	0	0	0	0	0	152	21	224	246	309
sim.945.341	none	0	0	0	0	0	0	0	0	0	100	82	9	28	68
sim.946.341	none	0	0	0	0	0	0	0	0	0	191	39	0	0	0
sim.947.341	none	173	150	0	0	0	0	0	0	0	0	0	0	0	0
sim.948.341	none	0	0	0	0	0	0	0	0	0	0	0	0	0	4
sim.949.341	none	0	0	0	0	0	0	0	0	0	25	77	11	14	31
sim.95.341	none	0	0	0	0	0	0	0	0	0	60	57	0	0	0
sim.950.341	none	0	0	226	107	149	106	96	221	284	0	0	0	0	0
sim.951.341	none	0	0	0	0	0	0	0	0	0	0	13	207	24	11
sim.952.341	none	0	0	0	0	0	0	0	0	0	19	0	0	0	0
sim.953.341	none	43	61	14	25	19	27	48	23	9	0	0	0	0	0
sim.954.341	none	0	0	0	0	0	0	0	0	0	68	7	56	50	11
sim.955.341	none	192	119	309	128	191	339	338	113	74	0	0	0	0	0
sim.956.341	none	0	0	0	0	0	0	0	0	0	135	98	0	0	0
sim.957.341	none	0	0	0	0	0	0	0	0	0	0	122	30	69	66
sim.958.341	none	0	0	0	0	0	0	0	0	0	147	133	0	0	0
sim.959.341	none	58	55	48	43	120	224	53	66	121	0	0	0	0	0
sim.96.341	none	0	0	0	0	0	0	0	0	0	463	183	37	17	65
sim.960.341	none	106	81	110	84	68	92	52	49	160	0	0	0	0	0
sim.961.341	none	0	0	0	0	0	0	0	0	0	112	333	0	0	0
sim.962.341	none	19	84	82	78	17	19	0	22	0	0	0	0	0	0
sim.963.341	none	0	0	0	0	0	0	0	0	0	78	126	197	89	188
sim.964.341	none	65	3	54	92	35	72	146	153	88	0	0	0	0	0
sim.965.341	none	0	0	0	0	0	0	0	0	0	100	32	0	0	0
sim.966.341	none	264	285	58	105	183	329	125	100	167	0	0	0	0	0
sim.967.341	none	0	0	0	0	0	0	0	0	0	0	8	0	0	0
sim.968.341	none	209	181	34	129	81	28	117	97	242	0	0	0	0	0
sim.969.341	none	0	0	0	0	0	0	0	0	0	119	70	57	5	2
sim.97.341	none	156	41	0	92	54	46	16	138	83	0	0	0	0	0
sim.970.341	none	0	0	0	0	0	0	0	0	0	0	0	2	0	2
sim.971.341	none	0	0	0	0	0	0	0	0	0	45	0	0	0	0
sim.972.341	none	0	0	51	0	0	0	0	4	12	0	0	0	0	0
sim.973.341	none	0	0	0	0	0	0	0	0	0	59	87	49	81	68
sim.974.341	none	2	67	38	50	66	27	29	109	199	0	0	0	0	0
sim.975.341	none	127	86	53	111	150	104	187	249	244	0	0	0	0	0
sim.976.341	none	0	21	38	7	8	8	47	19	47	0	0	0	0	0
sim.977.341	none	8	0	0	0	0	0	0	0	0	0	0	0	0	0
sim.978.341	none	0	0	0	0	0	0	0	0	0	78	16	0	0	0
sim.979.341	none	0	0	0	0	0	0	0	0	0	0	0	95	182	299
sim.98.341	none	0	0	0	0	0	0	0	0	0	1	0	64	26	88
sim.980.341	none	0	0	0	0	0	0	0	0	0	215	33	0	0	0
sim.981.341	none	0	0	0	0	0	0	0	0	0	148	416	10	216	81
sim.982.341	none	106	180	84	422	239	293	299	356	140	0	0	0	0	0
sim.983.341	none	0	0	0	0	0	0	0	0	0	129	106	67	124	116
sim.984.341	none	21	54	209	26	47	67	150	123	114	0	0	0	0	0
sim.985.341	none	7	86	102	148	47	13	68	209	135	0	0	0	0	0
sim.986.341	none	0	0	0	0	0	0	0	0	0	159	24	65	11	4
sim.987.341	none	0	0	0	0	0	0	0	0	0	199	331	0	32	5
sim.988.341	none	53	38	82	51	28	11	76	74	16	0	0	0	0	0
sim.989.341	none	0	0	0	0	0	0	0	0	0	58	63	0	0	0
sim.99.341	none	0	0	0	0	0	0	0	0	0	0	0	0	15	24
sim.990.341	none	0	0	0	0	0	0	0	0	0	152	149	0	0	0
sim.991.341	none	0	0	0	0	0	0	0	0	0	214	121	202	100	85
sim.992.341	none	0	0	0	0	0	0	0	0	0	9	83	0	0	0
sim.993.341	none	0	0	0	0	0	0	0	0	0	34	10	0	0	0
sim.994.341	none	0	0	0	0	0	0	0	0	0	192	147	33	223	51
sim.995.341	none	0	0	0	0	0	0	0	0	0	194	187	0	0	0
sim.996.341	none	0	0	0	0	0	0	0	0	0	0	0	96	25	0
sim.997.341	none	0	0	0	0	0	0	0	0	0	0	0	140	126	123
sim.998.341	none	35	20	46	26	0	0	0	34	72	0	0	0	0	0
sim.999.341	none	0	0	0	0	0	0	0	0	0	0	0	0	64	53
